2024.210467103148,1639.7512787859805,1451.3431920557266,883.9928872917703,828.32215938486,790.0720274090344,582.590252940413,557.550947228201,549.9910106845052,539.3213812462634,534.5323044829317,545.2974751257346,734.9351647573017,743.6754460435247,690.8105072566201,695.210774149068,724.2283359795456,896.4103566549732,800.3019338226823,662.5447996684445,809.348660486581,795.8046199696633,838.9398711100027,777.975429015032,915.1957439737726,968.0577901785787,918.0255639638644,880.4188168665371,953.0646528432368,973.6741725383836,764.0350926676907,719.8725342241733,760.1601165647071,735.0983318500289,714.543224119569,671.339753044293,710.3235925102804,676.8503118835482,634.4374321048874,680.8697969817986,628.1323550864752,582.3123731294381,609.6210692044466,593.2782131323656,610.2582204935942,596.612675602594,568.2193954960456,575.9882681303787,567.2221671267157,564.1745644406401,657.2043536251025,670.862722311703,655.296047237741,678.1720598512452,648.9085284230018,546.4690467456529,517.8163252639939,493.5325333769455,512.4384844648954,518.4544548316942,686.6047448686505,658.1427494683446,675.281465406676,644.358808230628,581.3303199529735,360.2388726905222,340.03905571966254,316.86606912545915,307.06108631474115,339.91655404547487,415.41293056998967,398.1221199000402,384.0192587093761,364.6196271838971,407.6484299490025,294.9404021671677,308.5143423492437,295.7580466569841,257.9603458811383,267.2948356430075,216.8135714475048,269.4138720873552,207.99561377991932,227.07688698110442,221.54075801069047,177.1994664200545,180.43360640995968,180.3339728799686,147.7761027189204,171.06712260794237
1639.7512787859805,1353.6807423440284,1184.8059689767597,768.1533686910097,704.009254509529,644.1203685675005,523.777125472232,512.1195282402937,493.7531224681129,478.8403024709081,473.92979730163995,480.976587880548,664.1443594290749,724.4978630709348,576.3506302049874,610.5581232901939,688.9399429167748,764.5892608815177,646.4396419137729,603.1664120267291,673.079553547906,696.0687882482516,708.8974517087236,695.3677429505711,818.8891854750525,767.0440673725058,770.8682174263822,796.2074289119712,788.2660548119375,774.4787592553317,636.980749403257,666.5557205988707,615.0326249721222,635.4484104008217,640.7931007955747,606.4639206307264,566.1757209017479,611.2874589429156,592.9046486295497,581.2706815287233,529.3448246036098,563.7814531030814,533.7810127649409,530.5230210356103,540.2032309496891,513.7932739641982,525.9846686316341,497.6868490625426,490.94419645684076,497.63367984293234,611.1429675791794,561.6455030631006,609.6375610466586,561.9105503534274,550.6538987907397,445.6162714154647,412.93890225972075,462.7706290813978,431.73186998242664,417.00188717490454,603.9481818891005,578.8992548692681,541.1324230395047,545.3869768333773,544.4124846370062,330.0102148903123,301.7462848904608,291.2243114099457,272.7113028940703,259.43303433779795,329.9322558776974,325.9894690075734,354.7242779810181,352.15959569857864,351.92180951104984,288.1828138080699,239.4913139177944,242.87698950524515,232.510911281746,203.89700875217346,198.58733633937626,194.20574124021599,185.66962588242407,181.2127253858149,187.92388414365132,132.89477639266647,134.0360347587681,123.2019974021501,123.45164250102121,131.2199058114158
1451.3431920557266,1184.8059689767597,1152.303102045706,744.9815871664487,720.8847575116091,673.038256304285,493.85487320408447,504.93737356724034,493.6758085270747,489.2779716238201,523.7075332986653,494.9069042939243,705.9401134984455,687.5941674508255,637.3145051852949,602.3925535185515,659.8405084000789,773.3571293260459,612.6928118956563,541.5088588366757,641.6537301029973,628.3881827056144,655.6536467256278,653.0063315380287,684.4403465715042,761.002630997908,718.7309447591572,732.9413818811381,773.1070162479109,710.5250866860263,645.017664719319,607.6797905774147,605.9049797715106,587.9938445951127,660.8154762271472,558.0993597147716,566.5592736443417,593.5074866672325,589.5258548144518,560.1960951158154,532.7473120194794,517.3276006007497,528.166176471975,501.70488033143783,512.5118008907724,518.8064152221066,507.4553577701662,538.3382359185965,489.58761177413305,498.1169122530848,596.8053548043836,561.3744333228353,565.6250476678983,556.8268519519197,560.0295804196404,472.1860897657666,439.19766334416624,430.08406457271246,451.5226010021795,404.21680888168095,559.2806816808655,526.4637614815134,534.5026169249538,513.5182338432188,499.5714215370274,302.64463439939715,297.9840923009866,271.6330889820841,261.8831856749979,225.16652080002697,343.8750141011142,316.128668807669,331.48471196668277,299.70532446405304,347.0302850220321,230.93488334659745,222.44464119786727,221.8791543741324,192.67490249692938,203.2327540716357,185.93335642747635,186.45640084516026,177.63020576422838,165.7152139573036,165.04844638248062,137.36366862303242,133.26131818593467,133.60479887678392,152.63871093436072,127.00360510888694
883.9928872917703,768.1533686910097,744.9815871664487,645.3595451697436,624.0843226043817,532.3591914071529,495.5507932145819,454.7765291538867,479.2220541897516,442.3459228979359,502.4239024242036,432.60059440476516,612.6318057434869,667.7200846493267,558.147682502978,587.2047388131098,566.1115736935274,650.7042407415811,400.24515916938026,442.06048615368087,520.0944728282218,490.76168034846893,513.721027240623,541.1877739256602,574.2204619850389,589.2755613295283,565.4398279679551,580.5148768577294,557.2577068589845,575.5359715385262,521.9858717302926,520.0334405337676,541.7283584383656,504.15056830464255,518.1780194927953,495.70988535540005,471.85422096271355,469.6359016568314,449.9248283851743,489.5325517467857,474.31377574777474,460.8710011222696,458.7646375561079,464.3997002724542,456.6980292439201,405.1074730301045,420.0245037052968,411.7331677050589,414.0566801790097,418.9518657172242,467.53527205576677,481.153046148521,433.839282007282,416.56014125901726,424.6675530559199,372.9734686671478,342.8204786710808,333.28829183396533,377.9508465083026,328.4442816669675,365.441973938823,342.9019524273713,376.40345264114836,363.0347766871109,324.0698406171558,192.0437367065011,200.567343889447,182.9580521665943,162.68410666551998,183.84416496838492,205.5937373581981,244.4866190849359,201.19594009864346,212.96949468242758,228.65929228711659,127.05537890174234,141.6901591141924,139.00837413008307,132.13702328536183,124.80326789476626,113.70959125769697,105.71059932296247,104.30009230792714,114.0477610530663,89.17788979963669,83.51591473715902,74.16959632510135,72.7897901849311,69.09114826524291,66.79650245822532
828.32215938486,704.009254509529,720.8847575116091,624.0843226043817,572.2691267333344,523.5237641413466,459.15300850324286,435.82571525469507,429.9951087332751,412.12687113532,431.1358917433292,434.3796398927883,640.0128092816346,624.3036209483284,537.9264992132764,532.241703032526,567.5985793250708,607.1141152453612,356.5153333933227,389.2554490224742,431.88196710268016,480.1142338723957,481.19695001350567,472.3589119445253,516.1683543319037,525.1862498381211,558.6755155358404,525.6010482319934,535.1859560130586,528.9433676087579,511.2695067273328,513.063842541633,522.3978678895454,507.73620315257585,487.25764062148846,452.0535627893994,461.91819776774764,454.6802543299664,478.9156212077141,461.45428564562906,467.070101287477,437.5216670033559,427.263936981088,415.51717747408946,442.36310580874226,389.4587079403354,423.8964544351297,366.6455967695475,375.7069996213721,408.7010079170497,441.599802798293,423.7764493625963,412.3596903463647,476.38244804443286,424.202133574111,359.6044945011374,334.67926050817744,333.5118600182065,323.33563078916467,312.2365031834868,369.8133417020912,377.15271672282535,366.3498073041064,346.9311605794973,323.65864450283766,184.1399710087499,171.53211376374404,189.68786759607013,160.1266596642892,152.19577892668966,223.36042357931154,213.17480455071552,212.42861124886494,202.06957355212134,201.78981620769494,136.48213191453158,138.92053772607204,134.50021697277805,120.96017913229343,128.15318208657916,108.12854068676182,112.93962525690792,108.56645665891332,104.70499378053509,106.03981171654584,72.49058161430968,76.41354714737321,63.09390074254456,69.50169400339215,69.95958225442642
790.0720274090344,644.1203685675005,673.038256304285,532.3591914071529,523.5237641413466,478.13256801318596,384.9862326030978,395.19365321478733,441.8277771319653,390.31505823383,379.9555627243309,414.5301732031916,561.8888925431488,608.9711415233771,493.7073223608254,489.6235358966601,504.1278529046363,562.1761872893126,318.90369063170147,312.07249144659966,383.1600633654758,419.03327581600064,456.954457462051,444.5749420156624,483.6632567542961,500.17509559171435,524.7984061227052,506.6451578127951,545.395080240738,501.31270769055084,464.5278361629746,472.67900496890024,492.72088117559633,460.8462424859274,457.94473753777686,433.40236342632863,411.36457112604126,436.0231338481402,433.4333110826668,434.95701638661376,399.555824679676,415.1716695393842,415.95182379396,385.620879285094,398.58463464278447,384.9506701568407,369.8670243398123,370.68362785665994,365.48162813114527,376.7914999282129,385.49299355765663,400.48700000739296,380.4506968333386,405.66520579103104,372.34072834921136,297.4645955199556,301.48177919094934,270.2712420483098,305.09712001664633,294.22539263601055,332.74466030177655,318.4049013636255,279.56843470676733,295.77274092594666,304.1793678971866,173.1579333737825,153.0544627113075,148.10943485655412,148.75372394814207,138.59887083424087,173.55582423586696,179.84201822161475,187.6606957855369,179.35073542541963,160.5745492147616,129.29779409584313,104.67464402948792,114.26388418936628,114.20031571019214,110.4503123095528,94.08990305907406,99.64230687956643,95.83272673519296,99.28438158222258,93.79558119331696,69.2456810655091,62.818791352419716,65.09736820744284,64.51423722760192,69.33116094201222
582.590252940413,523.777125472232,493.85487320408447,495.5507932145819,459.15300850324286,384.9862326030978,381.46347887045346,367.043852408759,354.3931078980911,374.4715077902674,377.36210358712447,380.058602901506,530.0340717859096,521.1453140508255,476.20396495587175,442.47339414158864,444.55344414644435,502.39011536648127,269.1346937281407,263.64674601674017,326.7903222505789,330.9556912946561,367.2159649687588,364.6966929386003,407.7467796992137,426.3262703021689,421.73142221764897,455.32759979718486,436.4824746907744,410.3221590765793,402.6586921046311,420.75554958039277,411.0885000374829,428.3635963492212,420.57966517823087,400.0831755401376,391.97351189801105,352.99276763469464,385.5259794491478,390.20083977869456,350.5598953299959,350.63565183707755,370.4857672648641,340.00658262566304,347.46613348999745,336.5067939708191,345.6518719254566,309.11863898200886,318.0492256045454,338.1064912662557,355.29860777070246,359.0807892581077,340.19842620050895,345.4293731814259,339.3818685891734,278.0550041227167,240.32779991005162,251.52909280962564,252.5680485622192,246.37626152681753,259.0076169771953,258.88317444114466,255.51707444989268,271.24063025983565,246.93570761994124,123.03287273039213,129.68883727869047,107.6995581314838,116.68757213784451,115.60205335096339,144.913776933712,136.14018014737076,143.9384266398618,139.98807424905905,147.0395420132826,94.26814279557543,82.59444195385572,82.89195633681031,83.85789968500617,70.52926814481273,80.99346627466701,72.76156266836333,70.55237666228828,69.81665054939356,70.30797742558829,55.55424384984103,45.49977699146807,47.31675186048085,45.97227369331663,48.41170657758665
557.550947228201,512.1195282402937,504.93737356724034,454.7765291538867,435.82571525469507,395.19365321478733,367.043852408759,339.20167445882174,354.81331237161976,348.2818975640523,366.5726977670572,349.9897716581045,564.3551800798276,525.8159807317257,451.9492815772889,447.11030927552116,466.477246816406,498.0680615903615,253.60102044919955,242.0139394104773,310.54621811910005,290.3981240398095,336.9333830037433,358.12781012110224,375.45362838319227,395.3085382047308,387.4344298564921,420.3201166054474,436.66286543166984,422.4604571684489,401.52137600776075,418.0168719675388,415.66285300179936,430.03957370053206,402.5020071987376,380.2532960947516,374.3865984882897,363.89886681360076,387.3994294671995,384.10046068138416,382.7550259592264,353.3440921754993,344.8554973911958,362.58348678159643,326.18910577122347,316.8742456616642,323.85971703124636,313.580950279628,325.1320416943445,328.1774678955142,355.28207417093535,348.5338820907573,339.3898870733635,333.26639190842997,345.52046144534916,252.41242127035463,258.8628030098018,246.9634870919952,267.3712987338143,232.0281696222857,252.39966257308032,244.67855970361376,224.8331634273566,249.91766947617475,258.0753337280115,127.13161859881035,134.6226416122233,129.47324688551552,109.35628643685874,115.4817849163862,154.15468027451976,138.81125114190752,134.92047515243587,142.05223172323625,126.4468220806362,102.90579705114651,77.35354579685585,86.7664020901754,86.11946008830719,89.31948699477026,81.08374627772542,70.92049720062329,78.06720145913427,58.4417230263674,73.61860318961608,52.16471816496616,53.8961772718203,46.44936054144175,49.36348619906471,54.05833288079103
549.9910106845052,493.7531224681129,493.6758085270747,479.2220541897516,429.9951087332751,441.8277771319653,354.3931078980911,354.81331237161976,348.7600104700784,365.531359555843,354.99593271448776,359.1392367368921,535.0536634146747,562.6225248861288,445.40772571967784,460.57918989489576,477.9743841217796,484.3054105382633,234.22765809365183,254.47800782310563,306.7585051895386,331.9962216034896,337.482375045401,344.5370254788335,359.24369682701627,375.7209385448702,404.8850498772641,411.64156643330534,432.4267224578252,424.8715437983434,420.5327552324318,398.8812294271413,415.4820677411743,389.0821209310477,395.1226876602664,376.3531060756769,351.59252422637024,377.49381815065766,388.1582655137694,360.2276617569246,341.882109691085,357.1128125137263,357.02791262782256,347.35637140831966,344.73582469125506,313.55721428986135,313.2921622064121,325.9257822281865,327.73336487495175,311.2821834260726,331.8470820964761,367.5295502329062,340.6176374567059,346.6347549707598,352.05393865156475,284.1106860826225,260.7710474842206,256.79098946852616,265.84626611792606,247.979053207675,260.6496646956061,257.3766942642751,254.6753775483952,262.78298127550386,247.49405375409503,142.1628900491788,138.6578072422139,119.77687285296116,113.81080394074729,124.33172646968401,132.36487399146773,149.51133968499252,143.12740169307312,147.2203298106068,129.59321705624856,94.60951196455372,81.54946282835483,94.21486178686236,90.42563089171472,88.93685447278166,81.08113737495633,85.94678152434213,63.797907126793945,65.65216686021739,59.205101408206644,55.98127487641288,46.63065270125158,59.49375425069569,49.941390723058646,46.121378304426784
539.3213812462634,478.8403024709081,489.2779716238201,442.3459228979359,412.12687113532,390.31505823383,374.4715077902674,348.2818975640523,365.531359555843,315.86135583771,355.915970207214,351.08315849630486,516.7046400279173,528.358013362183,449.4589589875302,438.34884854824776,457.2903610506039,517.2003395139618,236.2312138694782,235.0076241156683,295.8902098280243,289.4410322139055,328.7700327855249,315.2568386296165,344.06094659945745,381.4369271781503,384.66588006419624,395.24826358589587,406.6985618574903,417.11207912237376,414.39817095683804,402.77707125340487,394.86680972772285,421.7971661466351,388.6033861913106,367.27789386877043,365.1100518990608,373.83312885878473,353.1628679945122,379.4535373651608,354.7679760153511,365.1731486106259,348.32004626540834,351.83023963501097,359.04693213126825,321.6041755508181,307.95436771992524,288.92873078623677,320.93471013661537,321.7344203688651,347.4251908690449,357.78557349787314,358.28753939069935,358.65108791786787,322.4371341717775,265.1303033775668,274.04277054414945,259.65664037414723,264.2335160084289,247.5068411442881,253.51520324175448,265.12357318459306,264.7866934284686,244.80908486813436,246.64350503172534,133.66124932256767,120.23586767688184,112.3091498731977,116.04948673653789,111.3372141891961,151.57942509926258,143.74348951218067,151.22779433645957,119.73137305246581,137.94285384248116,98.23262601249563,89.81832732443927,90.89804277503906,81.04227694310205,78.76042414548692,84.22514692756556,74.41107686612634,74.06834240920739,64.63846468672538,65.88956033349105,50.6871339308898,46.07913882944209,50.56778706963357,55.00655594230704,49.238360386234646
534.5323044829317,473.92979730163995,523.7075332986653,502.4239024242036,431.1358917433292,379.9555627243309,377.36210358712447,366.5726977670572,354.99593271448776,355.915970207214,363.139267224005,359.42660532984956,562.1604284206271,529.6897900510198,443.57462764824567,485.6639902262951,489.4184722357626,550.7030349510342,274.4651621493791,268.0047018560536,280.03660783443325,302.38302560502405,318.8554638182475,309.1296847540474,343.55966603211994,386.2229135077497,425.26869936198904,408.7535197469748,408.63855265314976,413.5792003661116,402.2916314753927,396.1550340485336,406.3273839706907,411.6382441909153,437.91061486824924,375.42424738604785,352.8716195409877,384.8634218740591,369.2190116362621,402.7882370379601,343.4681311652963,365.8166041680959,347.50452569215224,351.5585448706739,342.0539140213671,305.5152405506155,314.0966779620918,332.1257125800866,299.4761651019328,298.57852165841246,331.7550397203686,350.2809376497226,326.0312645095604,333.1995714823394,336.41720436717793,281.95235595796584,265.7823972590351,249.63759738628153,266.704187607994,253.75655369416728,277.6323241735089,282.4899172826542,281.47078104388515,273.0658837086814,264.67356248983253,130.52458720533255,141.72390787119497,129.457819935852,125.89246944202026,118.29747532082499,162.49770767176508,152.23225834194864,159.09360993737107,150.0785780418087,159.1489497699572,107.0803581336752,107.060229643764,98.07283560757573,100.07940719755517,101.49084973514165,96.50711204632762,87.97511732636208,72.22443707976191,82.03282819794894,74.49469822389572,63.85011755165105,55.061741075004434,46.141878596415225,51.779540369649595,56.63978858837915
545.2974751257346,480.976587880548,494.9069042939243,432.60059440476516,434.3796398927883,414.5301732031916,380.058602901506,349.9897716581045,359.1392367368921,351.08315849630486,359.42660532984956,352.2650108456381,513.027665588017,550.3480664422065,489.2407583478931,475.9533236820207,481.7199441697075,541.7150617645003,251.58971679622144,255.4994825694385,301.1222111069694,308.69384399148817,313.02326956861526,282.7191512369414,327.22723945854875,340.04018229558335,373.9889946153418,377.3952145576492,386.0045478906659,383.0122707077334,376.40824260196393,391.9729480017159,398.7849142810213,393.2046465467729,374.8948634755345,384.6890419013831,354.35358624474236,383.1372163076088,374.1730373724516,374.2410479304918,348.5610686919626,344.3208438527949,371.29057530544503,347.28096084769726,352.0102041673394,328.7880796172568,337.4871336601607,313.9927891648946,341.87244366718727,315.8003059547287,348.8741006663738,338.5719777467315,356.5455704179461,335.11234825865495,349.61660868168605,273.3889934129619,271.87449971238823,264.92617670318634,278.779600156091,261.7764033225576,278.1234924680337,259.3703382693757,277.0326743782684,278.36497947167675,260.3650728628311,150.5989233205011,134.7541223223597,129.4765446062833,128.86517948861726,127.2742152253177,138.67969727186326,162.601631060942,170.0514299394211,150.3284145627701,140.735506149117,100.04751875364862,108.29976434112812,98.75977491788811,98.72836183040684,90.27393699418053,92.2131400069129,70.66483159152638,78.33097450634912,84.74198408437199,80.27683004110047,69.60000222490874,62.00095080339907,59.19335510101174,56.57595669768498,70.40206789010054
734.9351647573017,664.1443594290749,705.9401134984455,612.6318057434869,640.0128092816346,561.8888925431488,530.0340717859096,564.3551800798276,535.0536634146747,516.7046400279173,562.1604284206271,513.027665588017,666.3721570752546,673.6550129465775,633.9750246506699,664.2292672129644,657.4213687450707,708.4057407383117,344.45715971177117,332.5155432015253,393.25344495113825,406.92127909696586,385.4379428016467,413.9852669891318,398.43079884028356,415.9730811528561,423.6349985628584,446.29380446796847,538.106229434582,535.2520006830667,541.9776710822621,568.9732291106693,505.637564909791,538.0906775948481,594.7899758800477,484.8640271812973,511.8987647147909,541.7958921930936,514.3831229710986,531.8674232240875,519.2184222880038,507.2381357245865,486.7531983049983,504.9172172405837,490.95770519749,447.9269230436846,444.3945651091244,437.58183875369167,455.4231222239317,444.065047128213,485.7668304718388,466.47649054050464,474.06063787475364,463.2645962118545,472.8073930669648,388.90667298380623,359.58521217775933,356.43399832971556,367.05773378702327,372.8074780550259,374.5442192659395,352.1552402564629,372.2203536594727,362.128035920133,342.9399149311728,208.0962346274281,188.97872029176153,188.49166059085297,156.9222663828102,163.29020487738168,196.48664480833426,195.86264367926162,204.81370599392133,202.04106782023294,196.34712452044758,124.42997900867122,149.02771182199263,126.48132796723235,121.29345479511866,124.94332708855006,100.12413446581867,113.53835824392168,106.2659754282493,102.77707362398351,102.63153479028293,72.12845850726664,68.56351214488271,72.55499312355344,63.04825789862711,70.98534785541212
743.6754460435247,724.4978630709348,687.5941674508255,667.7200846493267,624.3036209483284,608.9711415233771,521.1453140508255,525.8159807317257,562.6225248861288,528.358013362183,529.6897900510198,550.3480664422065,673.6550129465775,669.8573197695209,696.9771213956973,619.8682734605176,706.7279409635844,730.2740172528675,319.34569046110835,320.62237015076124,416.01641395449514,410.4146704624182,410.1332799546651,394.1208467865891,415.6462187637173,459.3535181944426,435.1332069139677,454.52606643620095,485.0466678417122,531.3474026406656,513.9718155162262,506.7316236875739,535.5345179918786,570.5037018204457,552.5401146479771,524.2627064022328,531.3398639783838,544.437959616358,523.8401459707752,552.145796879591,521.0833801198961,480.8060312077906,486.9123439762777,508.31008675362807,520.8308904572662,449.15857930774973,479.5028545922395,444.7698782075893,475.62466775351766,460.59948540321005,502.1923926678828,501.6554609325193,509.09950262624034,503.5598819106689,518.0559933114681,392.3043175449086,384.8931043333157,389.37898468259317,382.1266706794639,384.83768006917876,390.4601004618018,390.2749363279087,372.94889599447106,379.5873568049684,364.102222744227,208.92875849400377,209.69965275113233,202.22547427124567,182.05396729846314,190.9536570835449,217.45029544407822,234.8256700112193,221.34114888305407,204.54513703287375,210.054078481526,145.34593597482944,144.38590275303315,151.48149363327695,151.5107822610878,121.69859934404643,128.02111623014633,116.49039305014917,115.89185409056358,100.28227772914119,112.09039724833231,80.62892893008443,84.76007323556186,68.95913441203,86.81445740399549,76.08263810551495
690.8105072566201,576.3506302049874,637.3145051852949,558.147682502978,537.9264992132764,493.7073223608254,476.20396495587175,451.9492815772889,445.40772571967784,449.4589589875302,443.57462764824567,489.2407583478931,633.9750246506699,696.9771213956973,528.4847648486782,564.4057708980075,546.1164597040624,608.6336431372896,289.0789163343772,287.65432574841094,325.38528523026827,343.0437984166854,325.44238338295486,350.53951214931715,341.3708358411019,362.7721717849516,363.3466546367165,379.26485630417534,363.6994154109143,404.12076028267035,453.5803737398341,450.1877846867954,476.61078900090814,494.21928322020153,497.7832844444931,462.5674771606342,475.86654585846225,478.9008815571184,471.7783586141078,498.27953347972533,419.7340223456151,436.63267314544566,441.60660196879337,430.59849511727737,454.3891252648012,396.05950017512737,423.54054979984625,431.87097760602927,424.60506411883415,413.6824296398797,456.11179047998934,475.8843764715299,486.66919941077435,475.70018393853314,447.6958068000913,367.90818796939755,348.4493470124492,365.859858996404,367.26511560094906,360.30455813108796,351.9679478793746,366.8148245125316,383.17594939764524,359.29880598800474,355.76190917558966,182.63514585074032,204.93626048170407,176.8023812524142,179.24650120526272,167.75427329665558,206.05448701203096,213.13046955532712,215.2855116136745,206.83864310381972,198.75861317366864,145.2740112327856,129.27569211057073,139.04123860534054,124.47151817286401,118.84710603168536,125.27956103426195,106.37991751123508,107.30797738325911,106.57936669302845,104.99671497685189,80.7992875482508,82.73339206077713,80.39809776748336,66.51834299443121,72.73484931762765
695.210774149068,610.5581232901939,602.3925535185515,587.2047388131098,532.241703032526,489.6235358966601,442.47339414158864,447.11030927552116,460.57918989489576,438.34884854824776,485.6639902262951,475.9533236820207,664.2292672129644,619.8682734605176,564.4057708980075,588.8154988427599,605.7854492640313,679.7531127877726,282.8645056422589,269.71716087693017,337.1794138346579,341.7332568541387,350.42982510498376,359.5359049434755,336.8676051898253,351.6856953241424,361.4665406791455,372.0369389448053,365.7095239044893,374.8687209587537,401.34913998009387,498.01569087965964,485.5739560636981,454.66601845620244,458.65247408827156,450.64758101277187,432.6987310322086,437.708392172715,436.1152180338896,416.3289267523065,412.6365995751918,428.4071296621975,445.41958787067983,406.300904381799,409.4293425289478,395.8676296846258,379.6667665291128,397.25782118735674,385.1710304715001,378.32561903553955,445.15980404873045,439.87833525442824,429.0436071111395,430.3993991028899,421.9397424686207,339.8539911578771,361.98436344976767,362.4759007279311,373.209341298445,357.1759083500799,371.4761809866052,404.3802885305275,417.1265116340945,386.767755541321,390.58988643801126,229.78088609829248,219.56818167768307,219.26954877913266,205.41045204569568,202.03732738089226,273.61829604180696,263.2893131114989,291.69915836914856,262.92324791193033,276.22678141897586,177.27760604956788,201.67587306474962,171.84157011535729,171.39405033305303,160.19843165929893,145.32128182913397,149.08200654067207,151.5533872888454,145.4754774070945,150.18135871166731,118.16537559164044,108.77068335228722,110.98260772300573,124.55766845024064,109.05403853492847
724.2283359795456,688.9399429167748,659.8405084000789,566.1115736935274,567.5985793250708,504.1278529046363,444.55344414644435,466.477246816406,477.9743841217796,457.2903610506039,489.4184722357626,481.7199441697075,657.4213687450707,706.7279409635844,546.1164597040624,605.7854492640313,637.1969141146033,736.6750496370166,286.0004785555973,301.87560432526504,348.15666966878536,354.9548888985053,341.58184963428323,333.2608680293751,348.8461931732463,411.207369625764,383.72983886817394,402.7801775270092,372.20206212327594,376.7598388492113,384.10687703050263,415.9683640740784,475.40139673533224,458.26908703875193,470.4201599482174,453.33781841301936,441.30113897404186,438.878447069971,463.106778286069,457.98082443551243,414.56877556961956,425.9662918105223,440.61578725085525,453.2879830774917,417.91107120234426,408.7667163076122,445.2295849283422,396.47990084540015,405.8663715484022,401.3412827742125,417.53914283385615,439.486744819421,463.6844228933836,482.97975075299973,480.0806095308987,395.5035945096289,370.3670616545083,399.57809789681494,380.9646770948277,388.12870396127016,414.9719334159132,442.8690809902975,433.5564863978617,431.67961124259864,426.66103165327297,236.29304137489376,237.44025608207528,232.19014931586543,207.1226732178838,216.21337872404968,291.76260523620823,307.0455315091919,290.08165198228033,296.2882230798114,282.7336065353272,210.93165554448842,211.23207793052714,202.9692581661807,180.3048331469431,212.02231272667058,170.2671418046957,183.75853948579768,167.0913145712991,148.0595863981126,167.53986774737663,133.51548333669155,135.7792832181246,127.29065375345303,127.91890401407383,119.27535093749732
896.4103566549732,764.5892608815177,773.3571293260459,650.7042407415811,607.1141152453612,562.1761872893126,502.39011536648127,498.0680615903615,484.3054105382633,517.2003395139618,550.7030349510342,541.7150617645003,708.4057407383117,730.2740172528675,608.6336431372896,679.7531127877726,736.6750496370166,843.4507415109091,328.67187662439085,322.52600902111845,391.4308713184039,409.0100488131801,387.9366490256436,392.2007610136245,404.932033220178,433.36169382177343,442.77622796096165,443.700868964714,432.3420179929626,451.5019465124036,413.0468106083765,435.8354762634407,452.15669912760427,485.71406102504307,498.6912750359707,488.2677812048165,495.6781383769792,471.885435264939,469.1586899311941,499.42963839528227,472.7849163881479,483.53808375967344,463.222982410024,478.95331322434726,448.6314421218066,433.3265102897554,449.4531547941041,472.8880267068219,455.64337891298135,428.39129603453216,504.6745899536761,535.2451053453235,529.7361410842578,554.2948220911295,525.0870504867609,417.9290721241955,410.97025090324985,422.27854441469174,449.1631365537594,452.7688733420547,526.0295172971105,493.59089234376444,513.628404922977,532.2819649013165,511.10372394847184,302.28392090172815,292.5266771014261,274.60368820379307,257.5302079173418,267.1391971392269,349.58798071384626,375.21559127253073,375.62062655046196,350.48618308289326,356.9324958632249,277.80510381569326,247.24057166076057,269.4945849902923,239.78361876856923,241.22794525137786,220.7006339476568,200.01549416107048,216.56718126740842,224.74919381831702,230.21236985517848,174.40746954909736,159.74506490670865,164.95327679615508,166.54683933257837,153.9358815611512
800.3019338226823,646.4396419137729,612.6928118956563,400.24515916938026,356.5153333933227,318.90369063170147,269.1346937281407,253.60102044919955,234.22765809365183,236.2312138694782,274.4651621493791,251.58971679622144,344.45715971177117,319.34569046110835,289.0789163343772,282.8645056422589,286.0004785555973,328.67187662439085,1324.3952898484629,1219.0486679437595,1227.2929159170822,1256.6395103773325,1193.4914899107982,1223.0849695759177,1159.528823241069,1044.50909948276,1040.237468161413,1028.5390448456997,996.1559491244933,1002.8528173612028,926.2563526866921,933.1224759768338,942.8537376504249,948.7814864272938,944.1699440874975,981.6321306247364,948.880587043308,926.1629257855731,906.8747778482793,1000.7363437892907,744.4152191911719,827.443895140636,805.1188614070198,797.1563037177489,810.667628562933,743.7362864052104,774.6627644231223,761.1673981835377,733.6481716439816,720.845433711861,844.9652661739549,774.8998602211905,835.229287105702,839.0925861801088,800.9814470692372,607.2674880781509,561.7770807832417,601.2339593066299,598.4722610334283,566.7356096329663,686.8147769058387,678.1915527744784,630.4810295450817,639.604196833779,658.8493015074847,365.29360283252345,343.47512849310743,388.9794828341918,324.56526637205315,308.98179560644496,451.60543059631436,471.63928649499724,483.1094621472562,485.33706616759514,472.6549975710206,324.4739518746508,285.7561197970054,278.0883041047118,298.20907003839767,286.5872915073706,263.68189142714584,253.819991451137,241.50970596957788,239.0523095933316,259.9748342276182,168.1468663154123,195.1701669175906,168.940877738219,172.8273863257596,182.65562855707748
662.5447996684445,603.1664120267291,541.5088588366757,442.06048615368087,389.2554490224742,312.07249144659966,263.64674601674017,242.0139394104773,254.47800782310563,235.0076241156683,268.0047018560536,255.4994825694385,332.5155432015253,320.62237015076124,287.65432574841094,269.71716087693017,301.87560432526504,322.52600902111845,1219.0486679437595,1186.2060345739828,1338.4959566534137,1197.5306155250887,1166.2009276391832,1106.4979614483345,1164.479522351996,959.9533584625872,948.6722512466258,989.911102776435,962.4158108031714,927.4303302015089,848.2603839415295,892.7198554153093,937.2880956144909,951.4529634830376,879.9204974247831,914.5258550361431,916.8083032206023,909.5660764815809,914.394744618025,911.1333813550164,766.8268106719896,790.9152673757002,769.26571968636,770.5833195337807,789.9265291237402,726.9229836752944,730.5439892392712,706.2054811735372,749.1459440246981,701.9127711537728,827.1889231533584,809.6591129584385,744.4336536782478,797.5590783602312,801.7118128331588,594.0586228274831,565.2488040771382,551.7251914757533,584.1148624475832,571.2679806136229,626.186863383121,616.5034667290288,611.5830818410869,587.7157640173745,595.9096567382973,337.57007490129325,323.14114895510033,292.0987193114749,297.76668782934655,296.9444372382575,411.99758995373935,433.5888511482158,431.7839373082122,414.6664484707675,437.6788679192072,252.8018826985201,253.44651439455725,274.57615046706195,262.7960004312888,240.95600756475534,190.3804379362138,227.87072877779912,216.96247281682832,203.12220209598203,181.23036567639951,150.25572378001334,141.3892828255645,150.14644308623778,142.79429518176164,137.34952916412456
809.348660486581,673.079553547906,641.6537301029973,520.0944728282218,431.88196710268016,383.1600633654758,326.7903222505789,310.54621811910005,306.7585051895386,295.8902098280243,280.03660783443325,301.1222111069694,393.25344495113825,416.01641395449514,325.38528523026827,337.1794138346579,348.15666966878536,391.4308713184039,1227.2929159170822,1338.4959566534137,1541.2047958830974,1485.5841058422222,1412.8614194778206,1429.511996029937,1360.62785870133,1232.2040581524243,1177.9208412866847,1178.113717683833,1205.673797501543,1159.6939539763118,1086.0336923242976,1066.2523116244665,1071.7014167910165,1087.9556678789197,1097.7414012975069,1123.5224479040778,1065.5554513095908,1114.6413008458492,1067.554914338704,1123.8299544715733,922.091100136443,936.6227382591271,924.7569639404121,951.9789234465991,935.6468103738637,886.2086670945605,892.5859360869571,877.7352320608572,833.0434266387758,840.0976358970898,906.0678079398408,946.1297274738015,945.6755626447951,948.3556141534493,916.6511287466312,713.1043528501839,691.3660706057435,678.8164997468372,681.122647201618,691.2629699650666,746.3879416694563,731.7808140549985,750.9789475085867,728.5498097609739,693.705335182025,386.78675995329246,366.1102782591469,396.02918327419724,384.0119912882841,366.76926208911095,505.2992433028322,509.32791010524556,492.9063044753623,507.38906160870056,512.8717317607651,336.9573054874219,306.88806318644225,321.8749973083436,277.10687066107096,289.08331566678044,237.7092271774917,244.17494629355525,243.67694183334186,269.927659638451,259.36182035427623,193.6187718429735,191.74366824693115,188.3928569046531,164.42991681040496,176.9289239910306
795.8046199696633,696.0687882482516,628.3881827056144,490.76168034846893,480.1142338723957,419.03327581600064,330.9556912946561,290.3981240398095,331.9962216034896,289.4410322139055,302.38302560502405,308.69384399148817,406.92127909696586,410.4146704624182,343.0437984166854,341.7332568541387,354.9548888985053,409.0100488131801,1256.6395103773325,1197.5306155250887,1485.5841058422222,1619.6289069707236,1588.6548722809284,1464.3288664011295,1559.4198668029903,1295.0736938707987,1251.7853158684684,1193.198133381307,1173.6543588227396,1185.8987737492018,1131.3877833405106,1102.6845973143772,1141.961023952029,1133.496442645662,1149.9575547889983,1114.7644332348314,1156.1532717855303,1050.4609315212767,1117.2774262058513,1112.0445125847345,937.2329962981423,971.0135182646783,971.0068735590006,918.9538101492459,947.1591443914054,936.430596380078,861.7954642303215,860.4263114727289,845.2435897758444,896.6784835783702,956.3315149401478,923.0268983306864,961.002626517722,966.4014956864257,968.709282277435,732.4385402022818,690.7645519340615,679.516023767819,731.3616580293964,666.0162250794809,763.8712566222146,748.5635838347212,748.6270380412018,746.6660426222226,684.7728897880161,400.3540719149287,382.0729650902491,374.6932972820711,368.6846866855384,358.34547369999393,490.1694006387537,518.3401302525137,507.8072093139076,495.03290891442816,508.99956458649314,347.33480045523197,329.8182364483816,320.2647287807389,297.5897703600956,303.9687249957492,271.69839618869247,275.7292598030032,222.06903717687598,268.14812383281145,248.7582725033518,194.82439865069364,173.99372811309286,176.04144976618596,196.8720418576336,193.05620224233783
838.9398711100027,708.8974517087236,655.6536467256278,513.721027240623,481.19695001350567,456.954457462051,367.2159649687588,336.9333830037433,337.482375045401,328.7700327855249,318.8554638182475,313.02326956861526,385.4379428016467,410.1332799546651,325.44238338295486,350.42982510498376,341.58184963428323,387.9366490256436,1193.4914899107982,1166.2009276391832,1412.8614194778206,1588.6548722809284,1558.6521968648083,1542.8656075652598,1540.1253976019166,1381.9101721067166,1321.042049843363,1267.652103940782,1180.9785988764686,1181.7476998446223,1173.0680200272568,1167.1622712492024,1098.0486337968618,1179.8271780721866,1134.8064189519687,1106.7828605075615,1124.0931647947996,1102.78292519131,1101.4178855315017,1140.4539591942425,952.9854055481842,1013.7667079558107,940.1983905656806,916.3972745957258,980.1180074891563,925.7733037602011,943.5877277390526,925.4532763090708,891.6981215169656,941.425730034332,975.076484168506,969.9278088731645,1032.4167512549461,935.9204666322692,934.947685928442,707.6195271726807,708.8579090878488,718.0506147259077,712.9281008525126,712.4672691366752,762.1180735767961,768.6741973357973,771.7299984415534,741.2163047518891,749.9410347635377,401.21581551857923,389.3808730973047,399.2798860021261,362.63127249318114,363.6928849145081,522.9246283396383,532.5054269591593,491.6373974158348,502.4510454641555,507.90791872319625,319.7122415748186,323.1234687915168,339.4445302685076,287.8397862463239,292.75559536858657,266.52024288439543,283.01501295688047,268.2610011673754,251.71315074550154,254.77102684002364,180.26415867160517,179.77987715106534,178.41906033278838,167.74592219240088,193.8718205231857
777.975429015032,695.3677429505711,653.0063315380287,541.1877739256602,472.3589119445253,444.5749420156624,364.6966929386003,358.12781012110224,344.5370254788335,315.2568386296165,309.1296847540474,282.7191512369414,413.9852669891318,394.1208467865891,350.53951214931715,359.5359049434755,333.2608680293751,392.2007610136245,1223.0849695759177,1106.4979614483345,1429.511996029937,1464.3288664011295,1542.8656075652598,1600.3755744199493,1679.0053054237796,1337.6494918630099,1384.5234208623292,1246.585465879177,1325.4096869505242,1194.9407264122267,1171.3979971550993,1134.8533095076068,1195.3289781275946,1114.7109567261818,1093.8140276498298,1141.8111779883363,1118.8609593401063,1165.8312808671626,1133.121361155564,1128.45372743455,984.7579065765789,984.533354575774,1007.0059845016387,996.2670288264358,973.6895049907057,931.884971759001,936.3371494917706,903.3495651020323,930.7866887518156,873.5001820684599,978.0848830416443,984.2606238001596,989.7670232424178,946.6044571534828,976.0325975880708,764.4596274000777,728.6806860748218,725.7754798399218,748.3182026294445,696.7328167522369,771.2667285880409,781.1684549551445,746.0943989889005,746.8464879569179,716.3697064037092,393.6571445734739,411.9903008920917,383.73788777312666,366.3517575292469,358.5331232005192,501.25109265542085,524.2937249805191,513.8099421042355,496.235439518384,508.60620679658564,315.7092417019317,321.7294787504217,304.56482193690596,299.62418203839565,268.14482584183384,273.1749762859926,287.8666964065928,258.8759573547997,266.3865920836617,277.5827125184726,180.82652457376534,196.52275506940845,191.90282484951985,190.05792305459747,189.11862437730724
