1114.9945336814496,1057.7634878483352,1056.2554217381316,1007.0788600773278,990.3121576304362,1033.0632479328133,1054.6886646843582,1018.3181080173305,970.4075409657838,929.6100722368368,849.6434833852443,869.9609858801032,1376.7842378572873,1318.7069184868212,1317.5528029487914,1224.0950931743207,1335.169299932128,1308.9145556692265,764.2116074817889,1268.263395198647,1634.949463184555,1517.359251140372,1411.4228737287008,1333.9629241205864,1249.2650677006327,1675.7440833962771,1532.4804089620734,1515.4875495258025,1484.2644519429932,1415.8469857239916,1420.9152337115588,1378.4736892241706,1315.8423625021837,1367.4788833663292,1453.9693260428896,1165.5207484803407,1264.821256524297,1261.671656302093,1275.2029111619704,1295.8828733605815,1310.7286734238032,1236.2899793284005,1279.5865040775147,1281.4493739936477,1297.1313282879419,1257.867655098773,1073.9197351398736,976.4028602174253,1088.4357420271097,1018.1996555268922,1090.7162449511925,1104.5213606899267,1004.7214698949897,624.532960874946,551.562117042007,478.9086834671954,455.7122592149277,491.6465589941251,437.68675670734217,460.4650658583117,463.08340261671594,380.2265929827106,391.31024202221676,379.2730613052229,393.2612665170657,135.91300829320173,150.01640825604142,164.95460888855825,144.79209310617625,147.52547139269237,211.29423285259497,238.97375395831125,235.69041654855775,240.19121317255465,234.64324999150386,128.60106145182917,124.98161432190034,138.24697594031764,120.94203974168273,128.254284286391,98.58927817802969,100.11961466261285,102.60610607922078,91.77715105730675,83.80105231969827,56.010567459775004,67.62248619682151,51.249804778813676,55.79900622124293,57.85183285396066
1057.7634878483352,979.219163214689,1028.1529661238321,1000.0694499042527,934.055794610357,1040.7808103201355,972.8923279393773,998.1589298022077,957.0185702055873,912.0376299645295,856.0864830669988,789.7732241216515,1334.677035498873,1241.5417664112927,1234.8570662020657,1232.8574936540574,1220.3720952992508,1329.623595030836,732.3598757946114,1273.5653763869777,1525.81418375578,1374.3114890255247,1430.714703596691,1304.3623772488995,1225.85069261484,1581.3053108687598,1519.9738360709155,1551.84866173763,1480.720782779015,1410.9137564458772,1382.7105841508642,1309.6009211367523,1323.4800643435678,1312.4160409889919,1328.9870515731586,1211.0253049954404,1215.9668161898612,1203.6756410743078,1182.6157981377671,1278.3331915011272,1248.2955275910945,1246.965352939122,1224.0791161954962,1219.867129571877,1290.6627636599799,1169.3766576974992,1191.6420242669644,1027.8249391640356,996.6481314013663,975.4505936242272,1019.5246566062451,1048.2356863304215,1084.3136793422407,583.9651431071808,525.0855704907513,486.4688170255539,462.82393962929626,431.1631791534001,417.5920331430317,401.6233598670489,453.09300403357685,375.83908698143495,408.90530687388525,397.3931647579768,399.9184495480668,161.36150312582117,144.14716633004826,148.16488249416847,146.32009286798763,139.2933961768769,202.72946174488266,232.6957287721745,221.62878507490126,239.0729699918297,232.6003678678923,122.33367422882691,129.20139484042613,144.00384475670486,116.38367369067781,114.35320525706678,88.6952930191513,82.38641432180617,102.11219932231292,93.05184915265174,85.13760237083403,68.77932144728315,72.26627158647875,54.15048618301981,60.387987167662274,47.33525221306234
1056.2554217381316,1028.1529661238321,1072.9411179510143,983.7972125302736,910.261754804448,978.8633908253863,1021.4717146047773,1006.1619066946309,931.6122212130583,914.1440479400151,863.5845950778561,820.7855977986385,1348.8883883157805,1256.3346405763048,1238.8510817378472,1251.3110875040506,1247.604607234057,1334.4178260817048,789.7681834188061,1218.2142332506273,1489.5644674368364,1453.3804997886289,1391.3715116310455,1328.2486019158096,1216.5134653154564,1634.275790379911,1466.101288099189,1531.7503572960707,1419.780331963639,1420.642354438964,1402.8642337535532,1333.7264003958726,1219.4504091290758,1285.301451501221,1375.0550480939212,1226.9004619695124,1191.6885165224771,1213.1808637937636,1214.1471012870938,1217.2802321645172,1283.0549866628157,1223.481565007351,1225.8882657482527,1251.8989631883064,1241.9392291943786,1188.976872109134,1270.9433285454807,1212.0348872633022,958.4901591618134,977.8280817827668,1097.6086248397219,1116.593505778022,1009.0783280483973,600.3168856441841,557.9808884285901,426.4877802452035,474.4282034503284,460.5994391976534,413.91215285343554,440.04378795981296,426.2440818574598,345.19509799425686,389.8346030439606,395.34826892760145,416.82375729918147,142.74620571485374,127.44196384458438,135.5012431772343,128.61457352062118,145.94659136424343,210.2353833809497,217.2524040585108,225.31575288957487,219.2309211082023,211.06020830374226,131.51501997512642,128.03487552412184,131.52861813838453,131.6406486891505,123.08210274824717,102.2382923003002,76.36314977412678,107.46841249479456,98.54239553384568,79.67880142431468,71.04800607551557,54.36904176349047,64.22582038048091,63.87100202897757,52.551732572669835
1007.0788600773278,1000.0694499042527,983.7972125302736,886.0159898802092,884.1400932717256,983.698625017923,993.5823301885475,922.4162712219924,953.131474879955,859.7477432403258,828.3509035062148,825.6309176310534,1265.9264771570106,1285.0343776192271,1201.0274244321668,1268.5341117579335,1214.0329604679011,1247.4309360308566,636.2839131998161,1101.5127376763173,1469.2911611189118,1354.2380670060102,1362.7964500721635,1254.6030676360565,1160.0536189444247,1480.6828032150065,1454.2147043040004,1457.3613086615078,1383.6889218685783,1360.9252758810692,1218.4146949882652,1257.9147279651224,1142.728996973862,1249.7701868123454,1281.0717046119244,1106.586328534713,1086.0763340474023,1168.5113799498786,1239.808619159005,1212.5573227465547,1161.1360703346163,1180.3063659801664,1171.1884431989026,1212.700912988558,1300.2320518377915,1269.9755828931352,1218.8992585789895,1176.1085760467076,1187.2368965526375,996.6897703157158,1004.9393151897782,1011.3592568110221,1037.8323837781938,530.3941374054389,524.3444375706205,486.8137009638063,458.9197114068967,458.87796760889574,444.4976856917157,411.4863840434763,418.73090339156363,338.8417664209682,342.6124656085717,342.5927268651499,344.6028836655075,148.50841299585102,134.49230018209556,139.26416712511553,131.36372475712557,126.47787986314555,217.38261789659916,199.49008864558016,183.1578621111551,224.61793830831542,227.9223041472562,117.61575899293008,137.51644070783811,99.41446962068463,120.78940516962027,118.04020033812003,99.3054064895843,102.86326932804975,105.05198774583667,107.65972109642343,101.41327273253435,54.247349538036595,49.28220000081592,63.580103807329166,61.96340141433278,38.7898524798244
990.3121576304362,934.055794610357,910.261754804448,884.1400932717256,834.0709266651976,896.6831881541274,938.6443518670267,992.4282042705829,850.954380775775,846.1310101189808,765.1756272972142,725.000934895131,1244.4405458080982,1239.6583978266972,1153.2389223499401,1098.3083375224842,1213.6589265554553,1253.9911892054865,677.5977629730464,1009.9835080104904,1361.0719662009067,1316.499270017412,1213.4507026509832,1224.9218390257754,1115.1638202559795,1430.108027379611,1429.4360982930152,1341.9676967570517,1299.47698672979,1339.58099993614,1223.0710893129346,1254.9110030966654,1173.5605551211215,1148.5862166359993,1227.0502390764343,1099.3008073504066,1091.6581885164692,1123.4898551183273,1164.9780555466855,1115.0715807603801,1113.9336314712004,1065.0520744360222,1107.53391093519,1149.5419075403756,1185.129868906024,1168.2380787567215,1108.482415868975,1195.8291217816036,1166.7241334586292,1068.4619820161697,1053.8289415854651,916.6181527697819,1000.8737283977475,524.7484527359954,472.8795091169284,391.53341713071677,411.25951771492817,401.9771400364135,391.20239883128795,398.0630137380991,363.00390150008815,351.75542913768237,354.1938567274386,343.9330696325257,346.7940360208133,164.4639030120025,135.061909559263,125.14142720264852,137.35003120469082,148.77561629998016,174.34666029772237,226.36803362634532,201.10226708100737,205.3346187186948,229.25191850243442,121.2894412410384,118.86968681869116,137.26959229830635,124.49479463315461,115.47275652760592,100.31058266617325,93.6798530864314,92.61459848215895,85.6981017010593,91.17537437767102,44.01574230024817,49.10010352132615,50.56884918409214,52.8911011036478,49.76164382173171
1033.0632479328133,1040.7808103201355,978.8633908253863,983.698625017923,896.6831881541274,1039.0178370133194,1055.2170149496533,969.5938882605934,945.4227309095793,997.2397516185238,968.0455408605555,891.349493909888,1411.1257171745056,1366.2606007410989,1327.0815736038014,1375.9019768231983,1350.7597997176606,1451.8543965209722,679.7805164327183,1012.3636842870492,1310.9960039971222,1372.233229918655,1352.8285033940135,1290.78229998566,1262.0491300437889,1596.8531489696595,1590.1792577533104,1543.5631722664561,1444.2287611152217,1464.5318622775003,1453.638205133826,1257.9795984330483,1275.565643199386,1269.4376906940215,1381.7445041098442,1225.7881497096637,1189.3310867001808,1228.5575117622234,1280.9026798435757,1261.1314313409823,1299.067913602974,1230.8747176822321,1220.7403279473947,1250.5740422455349,1250.4107303916544,1190.5218988942524,1264.4415409149206,1313.7728454512653,1307.9203174461672,1318.123773135098,1344.2937382080088,1106.455744120066,1062.9015183305473,574.6067607087707,560.1613808915745,482.4438075356205,442.3640588786958,459.15969349211946,462.62887822343237,456.06706379120294,404.5105270064405,325.5890593761107,363.89238941943154,347.2617919121627,359.10786594208423,156.73266474932882,147.5943664553633,147.97787038378576,139.53271355229668,165.34485159559378,188.7479010331176,233.09852303012826,213.43864312466232,243.63256270461943,247.19086271923072,129.20361774247706,127.69240133659477,143.29793727234133,136.0563428340017,122.38334318159205,99.29287538029142,109.16836548144929,91.13535006110462,100.27770952648507,90.99331210886066,46.96513582425982,69.96973799550234,61.203163531528,63.88028911722035,47.14842847425837
1054.6886646843582,972.8923279393773,1021.4717146047773,993.5823301885475,938.6443518670267,1055.2170149496533,1058.3381097346241,1010.3231384664293,1005.266571312356,971.3259388705543,923.6446064357322,860.4104259165653,1421.2701156475046,1413.0117281100222,1362.8197608698376,1338.734092581426,1392.154765650845,1515.041996834336,709.0312481338987,1089.572661647439,1283.2067908338765,1170.0915916166502,1266.155614049309,1292.1141128799293,1310.1171492820727,1663.6779118347308,1581.7256831407647,1534.376257982742,1517.6561124459677,1466.4544208100244,1379.5245047788785,1413.4849045206356,1354.1378492977497,1341.84814308631,1379.3702482436474,1207.329932219589,1216.74087467953,1222.425020478423,1212.4066290567362,1301.6289622360741,1235.9600941365595,1240.0532942961136,1242.7269983355868,1240.1239243785765,1255.5369401281346,1300.66494929876,1310.6066751653316,1343.5608989717844,1353.2281144873605,1271.404945540426,1449.4966605647098,1456.5886266178543,1110.387366137505,594.5993553040373,535.4719954601275,434.6565792859432,450.6494986638586,427.6583943179591,455.4905306340229,436.0298727869935,431.5261022478976,351.2313605719697,376.43646418097137,352.2251750376418,374.3754376581374,159.54633413287192,153.1176626352611,166.12495232552496,170.27070339537272,176.20507636798155,228.98789792844488,248.1720407974825,204.44442623682966,209.84995168643115,246.36303732728405,143.30851087222456,138.27501629543988,171.05300050825218,144.02012581064656,121.67109228234817,110.36227174484603,115.26313573590225,102.54898415070058,108.87829735700782,94.88764765962503,63.48536437563633,56.4038040649872,64.04556391400105,57.89540306486999,61.87515537537532
1018.3181080173305,998.1589298022077,1006.1619066946309,922.4162712219924,992.4282042705829,969.5938882605934,1010.3231384664293,1046.8444113070434,1033.7868769399074,1043.2754204616162,920.316003309739,863.253951505801,1428.9637231503743,1357.2299703188319,1373.4919907337949,1407.2482473292769,1439.9463928625878,1483.834517091639,730.8724065165336,1160.338752756024,1211.8654330899526,1176.0994292028938,1130.9626075300891,1274.857535013317,1265.444806144791,1623.303955017991,1663.1218918336285,1595.4426872604618,1460.164442960807,1490.596932802322,1459.6514440471508,1441.6384114903572,1323.36750621513,1382.2062277331147,1416.0687838991812,1266.7070078307156,1219.8578203143868,1195.8377272492887,1209.493657305721,1249.2975371889913,1258.2386472318801,1276.9550299786574,1204.450082188841,1332.9499764335883,1269.2108786858237,1281.2764979619542,1341.6511761847464,1298.8064800727848,1275.5431877691758,1333.1059934097993,1416.84246678723,1457.8868937632706,1383.2135600963795,686.4801921832203,518.800649869952,450.1637897688827,450.19219147298463,461.43533368374176,471.87750970346565,479.1225316939275,437.2879394525529,376.2806282168736,326.0885410902157,354.5285891371514,363.23494075958365,155.21964522415138,156.08858326923098,163.40357849271868,163.97202372015596,179.72714444390368,226.15879569444982,228.4143497916348,275.4068434659088,231.78279897122934,269.52225441451844,121.71954633691239,132.55953203654676,132.24780742738426,133.26526290034167,131.19471045662345,113.93199106428395,110.54976586784242,118.3377090512209,121.98237280237468,93.63453985832999,57.34330097479042,49.55662818236352,58.49889549580797,56.25173956286893,55.55522466012314
970.4075409657838,957.0185702055873,931.6122212130583,953.131474879955,850.954380775775,945.4227309095793,1005.266571312356,1033.7868769399074,1042.0952641861102,989.9568028320664,836.2024351834414,878.9956392934619,1507.4222528466976,1365.9545149062542,1358.590440545544,1344.8920193871622,1515.664678660908,1487.3624093808114,717.6776628192039,1063.0703365191387,1249.5002904309285,1152.9491755546992,1121.621493258942,1070.9023223920638,1217.5850824158601,1675.7790129501973,1616.1612726529556,1512.041118792187,1510.6920283967463,1404.4298140603612,1331.6227628450597,1315.422093338682,1342.4832434567932,1282.3264987684481,1454.150131415979,1218.298606650194,1167.9315053784383,1189.5650820312198,1270.3718961885452,1189.1653487426015,1187.89551381717,1243.9023069648833,1236.3850088743827,1206.5958702168,1304.8304099628526,1237.4571196589145,1254.7581214931681,1233.2986716655107,1265.2555524109212,1254.5713554558924,1428.8716445290536,1452.0274049379505,1349.7104786040989,734.9945293591295,544.7716605461326,486.3474694397097,430.9562591211999,459.4795487732857,455.0379651349872,455.6339945793112,402.6360073191385,383.8670255831531,368.4682068787039,366.08102777328963,361.79693169389316,169.93852673669133,155.78015639532362,147.59648069652755,164.68238876405647,176.28321172890384,227.26088861133138,249.76186347159623,277.8704526345283,263.2160980503829,261.4819952444158,186.79081710915258,158.22335623881736,147.3367315613485,138.14410249136205,177.58241007184168,93.05815481080185,113.14043328749491,126.97367229790285,118.66372471571725,114.04444885046586,75.95583287860413,58.55394212391265,66.0180108312454,72.7939598794515,73.15262017947063
929.6100722368368,912.0376299645295,914.1440479400151,859.7477432403258,846.1310101189808,997.2397516185238,971.3259388705543,1043.2754204616162,989.9568028320664,887.218297310644,949.6559164861269,849.5186755596287,1497.0747829094757,1348.1456231300851,1367.1809207934891,1359.283676886549,1436.776728315477,1467.7626291995985,733.4805829611805,1111.6787103607853,1184.480905285348,1099.5928947958635,1095.0258809320517,1040.987925784154,1067.1389512151113,1573.6870125600126,1604.282300191478,1502.6295700734104,1414.0382724906572,1321.9633349201458,1386.9226081525223,1300.5679711110445,1312.1678088367414,1323.0830809117901,1412.7571125822633,1219.9376788593167,1199.5350728357375,1158.586137819747,1218.754141828371,1208.8313216291158,1183.8039396207269,1216.8931479598314,1214.5591904551834,1225.759331785957,1221.6883530972098,1251.9465376029093,1291.3905486049425,1279.6254118875477,1344.2803027672512,1384.9946140450975,1458.9226175822807,1372.2873791398683,1380.6869042451865,684.216491366222,569.3346474768244,502.38630062266606,422.637716626885,451.42785338932555,424.7541039893424,458.21526991101786,415.7461617100985,366.1650169512322,333.84270239362314,351.86902217366634,355.6759297192232,156.10286600774236,155.85151179177836,170.20536387074063,192.822152442765,154.82534697789742,261.5054974705272,254.4006640113247,251.55182999872665,285.81492238942644,307.172294755999,155.94753823173355,174.74090621625393,171.12801078090138,134.1900007444311,160.52996997325496,116.08735778942088,101.78040997435328,121.91065198838938,101.35486000716635,122.10997113404633,73.28758445438217,69.63375593758806,70.06050178213748,74.78604774116839,68.89164889078296
849.6434833852443,856.0864830669988,863.5845950778561,828.3509035062148,765.1756272972142,968.0455408605555,923.6446064357322,920.316003309739,836.2024351834414,949.6559164861269,892.1647905216934,790.8785266398315,1469.9689095962146,1366.6464672303161,1260.0858967953232,1344.9513895532223,1355.2788240852874,1435.2011508351393,665.3725162576785,973.3096416297851,1129.126384569545,1116.9706997744981,1032.9150914343388,1007.4284732137696,964.6515455413912,1317.6478335850861,1423.6374472312634,1416.1056879267576,1309.5771587452346,1347.4145084951099,1310.903439168566,1292.4476959876667,1205.7448561979181,1198.8021817081985,1290.3464646630575,1100.724153837978,1125.2017673603186,1149.9371054133217,1145.1397877252543,1117.3090681695105,1171.1721225812435,1149.2839847977032,1182.1304491369083,1110.5817227734221,1221.5239190919672,1164.1549270656008,1187.5100021492283,1219.588722464067,1248.7189369204434,1215.5088849645972,1398.3773557177303,1334.6255024862012,1319.6417832169946,664.1681761008849,578.006772842467,542.5183132793425,426.13217283982846,424.56020025331435,418.5492627988657,442.8235413595888,398.8393249111649,319.1536708217519,343.7038261924109,310.2216488605627,338.75212092506877,151.40612525990085,154.7903310063441,167.90695248416992,147.40352688412594,155.20498773288574,253.14723522689022,283.4688801622116,249.70497300631266,257.4423817568832,261.8680556663844,156.82311914798288,173.547138893452,183.37747662587827,140.01074572772836,179.55392562754548,129.75729031485287,121.15286882811195,124.34888018323609,144.31605804370162,109.41042414117904,76.23944433015683,71.90338369242546,67.03318670005443,67.82627002502379,75.86229246246465
869.9609858801032,789.7732241216515,820.7855977986385,825.6309176310534,725.000934895131,891.349493909888,860.4104259165653,863.253951505801,878.9956392934619,849.5186755596287,790.8785266398315,810.8557161971096,1337.9817669072906,1290.6737395269652,1273.9400178315248,1323.5962383419148,1344.190130365033,1343.8855837889275,686.6515824553622,1023.1792870744023,1182.896419533642,1103.1312165816378,1006.4368727265323,912.7117988831853,914.045833102527,1206.3587221156565,1200.5719264460909,1315.1783227749215,1313.4037344751025,1321.197935819919,1209.5706594801527,1290.6251524530207,1223.8043379186943,1180.0312531331442,1289.9113271412707,1046.9146458462933,1117.022103057197,1163.6526548195206,1158.937496879555,1149.421373375983,1068.6828719883606,1145.7308159732884,1153.6678425588211,1223.8692067976945,1142.0969154488544,1162.7879575906372,1200.6811788793243,1235.1925481276114,1169.7576624954636,1241.4417026289939,1330.2179336150268,1396.8247301939305,1235.6140610381372,649.4957428815862,559.9100932995939,452.9369390410837,499.9513211004708,411.61231664123426,417.73245897462857,419.5915500448231,370.0235960624388,337.7970567477354,349.27490148758875,330.0069005443213,305.4281600707943,169.15819309137262,124.27681995154927,143.95725571527524,152.31209222854307,159.22653897367408,238.53800473462405,257.59723014915056,242.89319297746374,268.86536882507,287.0781966900727,163.4716144549322,184.2231878251285,160.7195984220313,180.05156052163028,164.79352948371738,109.13202682343307,142.55568428428498,134.52967290390754,140.36427753222907,119.69097311499294,87.29416071215705,81.4808622447653,82.94610718993175,77.71247030818822,64.00781761125273
1376.7842378572873,1334.677035498873,1348.8883883157805,1265.9264771570106,1244.4405458080982,1411.1257171745056,1421.2701156475046,1428.9637231503743,1507.4222528466976,1497.0747829094757,1469.9689095962146,1337.9817669072906,1641.2700154465144,1515.9338535982658,1449.8989727591027,1553.0141150659317,1566.5080778281213,1676.5143222030492,826.6517295755352,1277.513473368574,1429.8595002813377,1228.7195097817928,1183.685870404761,1155.446426574301,1061.1811869952844,1469.5447968466342,1323.6783701039074,1330.850169014036,1806.4855395968304,1767.6762754160388,1654.5216604961374,1611.4950912054924,1565.122044035047,1599.552529503746,1693.5576539494386,1470.0298329091606,1568.7401546762424,1520.4836610187938,1507.5595565498297,1538.3014469655623,1467.6514795338262,1488.0320652853538,1490.1681514958548,1533.2720102936871,1526.8483317218863,1564.8923923640873,1580.2160612651871,1600.4911402590471,1644.938705550698,1701.490587007027,1788.1276273040942,1929.8296634231324,1862.9606406238108,818.7536828155867,736.5183863971033,680.0320886770343,690.5949129067913,717.3310054207632,519.8075297507056,545.8824921799804,493.1822769507017,386.767039960297,410.58754980745306,422.8320533577704,482.72335004887657,194.7308304296422,178.4643627729777,167.11476875720706,184.94399826675038,185.35872729238432,297.4436883519787,339.4635025005814,354.92653049387206,379.5162445450302,394.86868994656726,202.0136946482302,221.44201171280548,219.8140418964268,225.553076508664,221.69012730310635,176.37172642661173,187.42962277833806,176.572965145017,166.13979145066995,172.76649755472238,112.97218674097351,107.4715878239324,93.54602274053738,87.63560637933087,89.03225824656764
1318.7069184868212,1241.5417664112927,1256.3346405763048,1285.0343776192271,1239.6583978266972,1366.2606007410989,1413.0117281100222,1357.2299703188319,1365.9545149062542,1348.1456231300851,1366.6464672303161,1290.6737395269652,1515.9338535982658,1665.9953780296805,1565.3073586314326,1497.230879158497,1582.3820804873521,1685.4120534492579,807.292854391407,1231.1232936284332,1363.595610629664,1179.7851624830014,1182.5604640172892,1021.7004110813536,1063.3717707399678,1369.504030497774,1302.3747026109284,1259.6900954243938,1292.601212645278,1693.9082823886058,1680.3902063701935,1594.9874666633175,1527.7657342276434,1409.082898707738,1634.455695507174,1479.5452692412516,1405.8954852500217,1466.2613429238625,1508.512722850614,1511.6216127533307,1535.701973399773,1516.269810079194,1470.2282517903604,1517.383652573028,1586.5014865504324,1537.9623891661163,1578.0093104108673,1630.6674058950782,1617.9327765304558,1658.7374194290705,1821.9263477561603,1848.9436035412525,1840.3434227259731,824.6868127041017,727.2495147380591,695.3913490323837,721.2923111698673,718.3436700619467,672.5181850753382,565.5324192835899,474.6312629761662,391.2454784613017,411.3817158042335,454.39240060273715,448.2919418088201,184.49730227611053,182.47261237912716,176.36560530030897,207.72756364352284,214.3088692802202,298.18683332955266,312.35524097582504,361.23250872516115,420.14422804928313,420.18415245789066,211.81773640840237,243.45436402977015,197.0791067781011,221.3440426440367,224.86535535077724,210.9425507877732,187.88188880166436,184.9631291182829,209.5355812713605,184.25106318607422,97.10272976398227,118.22911254633314,112.28184128762746,101.23242548189037,117.92743836311341
1317.5528029487914,1234.8570662020657,1238.8510817378472,1201.0274244321668,1153.2389223499401,1327.0815736038014,1362.8197608698376,1373.4919907337949,1358.590440545544,1367.1809207934891,1260.0858967953232,1273.9400178315248,1449.8989727591027,1565.3073586314326,1544.3490216021269,1549.4217252792241,1571.1771382501852,1650.1396507611157,782.1398425660191,1217.6871864273858,1339.243870391972,1238.812044356221,1150.1745272493833,1114.892106879454,1083.8248288472441,1372.2609822363875,1285.221577744575,1290.808964434114,1172.8548258439514,1236.1762472894416,1493.545114459206,1544.1733375883862,1483.101641905455,1469.7262476989679,1693.0568888020955,1393.7430112132752,1451.061110875868,1318.0325657104065,1464.0866174205055,1446.3783843327399,1527.3176364185676,1502.3104432522323,1567.647131103246,1483.0152828782273,1575.5878188652757,1581.8688103984055,1577.4030483901995,1561.8787791946734,1703.4685437764906,1682.646102128962,1844.7651292099306,1837.73742016386,1799.4637556898783,813.7149155496728,789.4934632937046,674.8162634015919,646.680116299002,667.7820938502414,732.4937623633284,739.4164142230661,506.86180308962616,455.00057100793236,442.24939485455855,389.94837357666074,449.17238717876563,145.939604104551,186.80590847931947,196.6156467273665,166.53134239978422,204.55435785792915,317.4102202241563,359.3813518358251,348.5891756509088,366.6979263977595,397.47483669478413,248.17031789148177,272.7360112562069,246.45972058787183,230.68539202462912,254.27135073101383,227.1827572382491,229.3527605894334,185.46621114574177,205.41704352619303,189.93054564930762,138.4704756450124,126.27549189743104,134.3714981972954,134.08812069934007,115.97775565557973
1224.0950931743207,1232.8574936540574,1251.3110875040506,1268.5341117579335,1098.3083375224842,1375.9019768231983,1338.734092581426,1407.2482473292769,1344.8920193871622,1359.283676886549,1344.9513895532223,1323.5962383419148,1553.0141150659317,1497.230879158497,1549.4217252792241,1793.3976139999986,1802.8836406101875,1945.4063131616747,1048.7548352267547,1505.2303210218643,1712.8578424539453,1446.7994110006528,1386.4369648340023,1281.9012965851596,1221.1583374670686,1549.4352258230736,1469.7468479051752,1474.9678966820168,1362.838860290304,1341.031331146139,1345.805972057051,1566.4773862520904,1603.6466411856766,1568.4528416649139,1765.4913086821396,1619.920665187285,1606.631194030373,1615.6562620564405,1618.3026725444336,1662.3719954006965,1668.9607601798093,1622.200458958137,1710.1672956033158,1707.466055494424,1762.524444321148,1800.0399035243156,1830.6566608544208,1874.965958034745,1932.71403845667,1930.5871002135273,2119.604986840605,2104.4903395258175,2017.3168196353706,946.482598594221,736.9406651350223,715.9193093094702,705.4274309130778,738.894141946105,705.0099353313735,735.6619319222209,744.6862041700907,432.4351508695882,392.12273934960933,392.96041508746146,422.22601355941345,173.03818562061375,175.78829246337696,159.31702972998195,179.71180517934317,181.7322691858085,303.31453234240075,309.168091607713,367.0335693334997,325.26779445112686,397.4993378877225,245.66430981106544,290.66883688843325,273.34420841622216,261.36902284945376,285.3767074403006,200.4031585139022,232.60672274330705,231.6811233171295,231.6716806259634,203.78822049670302,140.99342187151484,140.65070922098195,121.60386902765596,152.42258958912583,142.89663320553012
1335.169299932128,1220.3720952992508,1247.604607234057,1214.0329604679011,1213.6589265554553,1350.7597997176606,1392.154765650845,1439.9463928625878,1515.664678660908,1436.776728315477,1355.2788240852874,1344.190130365033,1566.5080778281213,1582.3820804873521,1571.1771382501852,1802.8836406101875,1911.9648183731854,2056.9974236391263,1151.344032779488,1724.468408095184,1729.8978403318456,1519.8861114329275,1392.1047405798022,1357.5641900678597,1291.2310231212275,1661.911650724605,1536.666809078252,1428.2631289944716,1467.599605633801,1352.5108645755622,1376.6577615590377,1330.298692125854,1661.5190144259786,1582.7034277763735,1873.1475842129162,1688.7440604974395,1668.746903001012,1622.3554135392792,1683.4347084138813,1583.8021363331177,1719.2582515220643,1691.9863021615902,1696.1841834775162,1747.5523748484075,1762.628674943521,1859.9567721886112,1860.2868366225823,1985.8664672666566,1896.4631772947441,2008.363886373434,2139.8479969417394,2295.4335209824053,2201.343582313988,902.6051947687477,833.2982345855106,738.2207630528862,738.385229092284,731.5073236041685,678.7612959041458,818.041653636427,828.6012406121755,468.48696453159755,439.5287807631246,450.0562225745332,412.2865804946574,194.10316312928694,192.63777322814815,175.91193298520676,177.59178241608043,179.27078632886952,335.5231692637998,346.9201986034062,406.42098045914383,385.96678596393554,419.94604136746307,252.81386436826594,303.3654184392973,297.34295933422334,292.87532454400196,298.85041093269643,232.8628853850492,231.89738405717313,236.10572681662939,229.12591335034236,216.60924071435895,136.38571781676583,135.93195836471818,149.94842298320597,151.38960619950873,135.65152630836423
1308.9145556692265,1329.623595030836,1334.4178260817048,1247.4309360308566,1253.9911892054865,1451.8543965209722,1515.041996834336,1483.834517091639,1487.3624093808114,1467.7626291995985,1435.2011508351393,1343.8855837889275,1676.5143222030492,1685.4120534492579,1650.1396507611157,1945.4063131616747,2056.9974236391263,2233.457565812055,1223.8062587480745,1719.93161024673,1883.0731311997702,1638.6729793649238,1530.605979286686,1449.4123282530406,1340.3345768310924,1753.0741607111538,1561.9255062024422,1575.459506584788,1500.7084828587608,1452.1661126741926,1414.909628428199,1369.8542429487106,1353.8788181830998,1664.8796878825444,1981.6736383381744,1801.3344871435697,1683.057631365705,1805.2868470689102,1769.764242203782,1879.0434175631208,1836.7362097287796,1925.2865627416895,1897.8557795028032,1920.486256162445,1897.0542021045476,2044.4888323701662,2027.6423268383296,2071.5970181529733,2085.756429499052,2223.948935697539,2378.101360939318,2328.2805950597303,2315.617565212311,984.0059675450462,831.034699490034,788.1147550143281,755.4968589415237,772.9347987990005,771.1962683845308,815.8582119908517,861.0433645086891,467.9185313302194,447.14389492834823,414.63410417464104,448.3891426376802,188.84058165003643,201.69887909335273,206.990924320181,189.65671591867445,226.73205234918328,313.88671763735584,354.92425912649406,357.3921711748958,442.09036639971237,465.43644425806417,263.41170324367977,333.86009001256707,310.245123727381,294.05343655504157,309.5896096003196,268.17989913761716,259.5519186596999,228.54062100522825,256.20277781735683,270.2548836012474,170.69619971518935,176.53312194233018,167.5040265855126,137.29856128170314,159.22851773115426
764.2116074817889,732.3598757946114,789.7681834188061,636.2839131998161,677.5977629730464,679.7805164327183,709.0312481338987,730.8724065165336,717.6776628192039,733.4805829611805,665.3725162576785,686.6515824553622,826.6517295755352,807.292854391407,782.1398425660191,1048.7548352267547,1151.344032779488,1223.8062587480745,4101.258193567467,3431.404027463209,2668.44623429358,2187.8960582322243,1886.4111022081943,1667.2870665552518,1633.7085001968328,2044.0233753144107,1902.5755759353108,1709.7048163649692,1799.8261107192634,1646.4269318927538,1567.9222552552726,1599.78264531492,1609.212911355979,1858.7628353204414,4724.337062044182,3593.30990048124,2634.700038928856,2286.372659538502,2158.3658850181937,2120.6453569009595,1991.6041873275356,1865.1957797489351,1709.494153516223,1748.8417763638577,1754.480921881688,1854.6362879122025,1739.8825322062598,1699.6011552868492,1694.7799832722415,1727.1576942604183,1652.2526673771567,1601.4484852178412,1610.003920795719,1152.659585977014,1117.821487426194,1186.5011918162584,1122.777602448882,1112.4712680935604,1075.6908975770516,1034.8046844025107,1017.1544811271318,950.2804626353376,861.1548426444365,876.3524233485351,803.2524153963807,450.8563746860484,404.03486993516947,452.3633029617133,411.6604783366621,416.9901744389631,646.5255009424955,596.6143758580032,686.0490929522035,688.1190316616087,599.2860806865417,339.6645612886866,352.57686708533083,323.7451683370475,376.8587602950351,352.3174543094999,285.6203866259526,292.8775383438492,275.973991744724,281.8981475221448,276.7416713020928,183.45552855708695,193.67432139301658,194.32185036049538,218.6655338256261,184.94374177843667
1268.263395198647,1273.5653763869777,1218.2142332506273,1101.5127376763173,1009.9835080104904,1012.3636842870492,1089.572661647439,1160.338752756024,1063.0703365191387,1111.6787103607853,973.3096416297851,1023.1792870744023,1277.513473368574,1231.1232936284332,1217.6871864273858,1505.2303210218643,1724.468408095184,1719.93161024673,3431.404027463209,5834.188337195583,5043.583301273773,3693.586872004871,3290.675054618352,2935.120470018467,2790.5264185600026,3247.326456959126,3093.898584806794,2997.670011901279,2947.5340967817174,2782.815348999503,2633.4448390214657,2584.575397957199,2483.0586419855576,2526.7160141569334,3337.556002954439,5598.091995896992,4591.1948584797465,3935.3638213693603,3618.7446060886637,3453.517045766991,3464.1997789308753,3136.498264309333,3099.7127016717654,3064.0867003816516,2960.127113339814,3057.742950466445,2989.064637469385,2829.912389321664,2721.0467891499775,2776.7124263352475,2841.7639826827117,2858.2562342310007,2677.2625459348947,2044.2347433029395,1842.4861065677976,1897.0692136596444,1943.1908215022615,1950.7826061113642,1834.5274158537743,1849.6870256024977,1739.6385142851723,1589.1125600080984,1580.2638819346005,1596.033870729149,1604.0871572591377,735.4031011884956,706.208098078014,744.6833529618425,700.721226877105,677.9392565106211,1056.5749394718869,1059.558910315851,1041.2920859768947,1141.1248814152252,1071.9000926599324,608.4662123306881,620.337670317736,544.7670365835804,641.3261992444388,615.2197945210112,487.3653960597263,502.5668932217946,478.9447366970188,492.41206233310237,518.5910327628571,288.95748976468366,314.71710164331154,331.08267468334515,302.75953359609366,301.85349939371406
1634.949463184555,1525.81418375578,1489.5644674368364,1469.2911611189118,1361.0719662009067,1310.9960039971222,1283.2067908338765,1211.8654330899526,1249.5002904309285,1184.480905285348,1129.126384569545,1182.896419533642,1429.8595002813377,1363.595610629664,1339.243870391972,1712.8578424539453,1729.8978403318456,1883.0731311997702,2668.44623429358,5043.583301273773,5789.017627435469,4981.064886248067,3723.097693263068,3397.2663601176537,2996.6787254194724,3607.5291034912143,3291.82447886797,3267.720730886096,3096.535939897498,3203.1966268441465,2978.6237690395924,2880.346780515966,2824.373327237404,2830.3660543941296,3182.257608485654,2979.4464082691247,4923.564670063553,4595.925927887016,4234.418879703709,4009.3507783058103,3863.5116671590745,3649.172518598073,3642.3149085834402,3336.6854908454266,3355.0873487526937,3388.71877612515,3322.882077510384,3202.677975451987,3105.791493389492,3028.9497262686623,3289.8352494172336,3235.632887521446,3082.284557510159,2441.103373228779,2250.1351919816443,2287.2632761139225,2264.9740480453293,2231.3849507919276,2130.820190510555,2205.124502910066,2028.8431048043842,1881.8379880645246,1910.5835937042848,1832.8125168044364,1779.9227149841636,958.2329400379225,788.8832931376155,801.0554200165599,781.5030389831386,733.4762400220492,1241.401730563287,1123.282556839064,1186.0430996653133,1231.9136455945359,1224.5128956158617,754.682739422743,687.9112174468452,692.9331351248647,710.7744663398064,718.8462480371452,582.7868396406996,539.833680127289,554.2553213290021,551.3343169604703,539.4810426262146,356.63464345161015,342.5016745638907,336.89325035772777,355.042620582872,340.6639617154427
1517.359251140372,1374.3114890255247,1453.3804997886289,1354.2380670060102,1316.499270017412,1372.233229918655,1170.0915916166502,1176.0994292028938,1152.9491755546992,1099.5928947958635,1116.9706997744981,1103.1312165816378,1228.7195097817928,1179.7851624830014,1238.812044356221,1446.7994110006528,1519.8861114329275,1638.6729793649238,2187.8960582322243,3693.586872004871,4981.064886248067,4591.4870998851575,4158.593934905898,3208.7234627747266,3013.7497002264095,3360.0209703661462,3158.513318682153,3095.755343699877,3022.1600694892904,2950.196528487758,2860.005647631467,2780.749941152846,2605.974257140994,2638.587991832188,2999.427252106209,2550.74107594469,2840.5654048650576,4079.6019909510705,3988.07210990127,3746.4135518374487,3708.5962042427504,3506.53601999906,3299.015579995423,3293.8889843223997,3214.3190997065913,3178.0903178288304,3147.1756913357844,3022.3166627357155,3084.305581496958,3009.52591308665,3129.416099712997,3032.6650130110106,2942.8374228846055,2229.8919088371995,2129.5729393172232,2179.1540798457363,2145.067622522834,2136.186324746299,1950.7721157041115,2071.693801392232,1949.5155012590285,1816.3855503584582,1726.234645119166,1713.8221365656996,1667.8132320201019,874.8890380465998,851.3618295978597,758.6291899597611,751.9192686497108,814.2343950391308,1216.423276131724,1123.6337135498297,1128.1313827397703,1236.788020278536,1173.1678908735935,617.3928917752371,671.2657548980453,700.440421791965,712.4911688479435,687.9367369783574,532.3031339314109,514.563419403576,544.8891848734926,495.37015388527414,511.03448013717417,348.52435775168334,328.00977993145864,376.9803646909062,342.3560192752027,326.0062191606221
1411.4228737287008,1430.714703596691,1391.3715116310455,1362.7964500721635,1213.4507026509832,1352.8285033940135,1266.155614049309,1130.9626075300891,1121.621493258942,1095.0258809320517,1032.9150914343388,1006.4368727265323,1183.685870404761,1182.5604640172892,1150.1745272493833,1386.4369648340023,1392.1047405798022,1530.605979286686,1886.4111022081943,3290.675054618352,3723.097693263068,4158.593934905898,4080.9155819804537,3766.263856800843,2925.577375912005,3407.8635139406088,3079.4477942585395,3007.157510414961,2840.014839804191,2783.361933222641,2784.0441915021706,2688.7307538359028,2644.9349139385304,2662.528322227703,2838.7222209735683,2440.961349929932,2425.3287007597905,2520.124810134951,3761.079789018443,3641.6413841726126,3648.322773778812,3349.846272664687,3212.8080486482786,3131.8411086470296,3122.1616956851244,2957.409480638724,2991.101173535017,3007.697416693911,2877.6013326915545,2896.2362429295226,2981.0160230038755,2937.1002843577685,2803.498158567597,2151.086415548227,2186.257907909266,2156.986451372834,2035.6126491430641,2061.9000993071,2007.263171220652,1942.58191070457,1894.2930535463988,1721.2482359674295,1645.244067182275,1728.6419893292225,1629.1649956346334,835.9223384411644,750.0813494329204,796.9882382915622,752.7750902192008,801.9591617624928,1119.9859660460115,1094.138492589775,1127.5549919438645,1137.639138844203,1133.008755531223,622.9671843055861,633.27127730982,687.4267694556186,610.0081696831907,609.0949508916647,487.52486914454494,485.2847028511733,519.2256568268258,502.10979985451894,482.9024162667881,314.89610903013516,296.744933404198,326.1679831963389,314.27679808260154,317.5945542825177
