948,858,882,798,752,883,839,761,751,736,670,692,1221,1190,1120,1170,1192,1267,719,1182,1517,1336,1273,1267,1180,1514,1504,1423,1316,1408,1303,1267,1251,1170,1357,1132,1105,1115,1084,1201,1179,1152,1220,1151,1187,1172,964,888,919,854,908,945,914,526,492,410,448,401,423,428,422,334,391,388,362,155,136,144,141,166,213,232,206,253,258,150,138,152,141,132,95,102,84,112,95,48,68,71,57,55
858,874,869,739,695,768,716,738,745,629,663,613,1216,1219,1170,1059,1140,1249,680,1090,1437,1282,1271,1221,1104,1529,1373,1336,1348,1278,1177,1164,1205,1174,1239,1101,1084,1050,1165,1137,1151,1082,1121,1060,1136,1097,1058,862,889,852,885,954,912,555,489,409,417,400,359,403,431,366,382,356,359,140,139,131,150,132,202,228,202,237,203,124,145,142,110,127,109,94,103,90,105,55,57,56,73,46
882,869,816,728,668,731,758,708,757,680,682,574,1164,1173,1006,1174,1152,1285,696,1076,1318,1197,1176,1248,1145,1519,1389,1381,1281,1279,1204,1169,1084,1113,1171,1046,1074,1042,1035,1105,1054,1068,1082,1065,1114,1064,1129,1051,830,860,977,922,896,517,464,424,439,395,389,427,422,378,352,378,373,141,146,154,134,165,207,224,219,229,235,110,131,135,127,124,87,99,83,98,89,55,59,56,58,44
798,739,728,696,617,647,630,706,656,632,576,523,1135,1148,1029,1119,1085,1248,544,941,1296,1217,1127,1085,1022,1420,1281,1218,1256,1179,1106,983,1064,1019,1094,1002,980,1055,1038,1048,1008,964,972,989,1012,1055,987,1048,970,823,874,816,809,466,428,382,383,373,351,397,383,322,326,340,325,140,138,128,135,130,201,179,226,219,213,103,132,108,128,116,96,87,102,115,98,51,56,66,55,46
752,695,668,617,556,580,583,606,584,610,546,526,1115,1046,1011,1084,1062,1145,504,859,1158,1123,1069,1002,992,1270,1228,1219,1103,1161,1011,1024,1017,1015,1021,889,966,928,919,917,914,924,942,929,948,990,959,940,951,883,848,804,764,455,408,355,328,312,366,346,331,328,325,317,299,144,129,117,134,144,176,218,206,215,206,130,140,118,106,120,113,107,102,94,88,47,57,51,47,48
883,768,731,647,580,654,698,714,655,678,618,549,1167,1137,1139,1178,1171,1291,564,855,1027,1192,1199,1101,1160,1356,1395,1289,1236,1223,1161,1102,1064,1088,1170,1049,1038,999,1101,1111,1036,1016,1046,1018,1105,1000,1029,1038,1035,1041,1157,953,881,468,453,388,375,373,410,380,363,378,378,354,343,159,147,153,141,152,210,193,223,232,219,127,123,152,114,122,112,92,112,89,90,61,69,70,60,48
839,716,758,630,583,698,674,727,637,691,620,588,1196,1198,1129,1217,1231,1296,591,907,1002,990,1180,1147,1109,1494,1371,1424,1325,1223,1085,1117,1142,1137,1151,1115,1022,1091,1043,1032,1072,1035,1090,1025,1105,1108,1057,1092,1091,1119,1254,1188,906,491,475,407,380,350,380,373,367,361,348,342,370,153,145,148,161,146,210,215,232,225,257,131,139,155,126,133,110,95,112,127,101,69,68,69,62,46
761,738,708,706,606,714,727,704,725,705,657,614,1301,1152,1147,1232,1191,1322,611,914,957,926,965,1107,1155,1472,1350,1385,1312,1330,1164,1246,1180,1084,1262,1104,998,1019,1071,1107,1093,1035,1075,1053,1068,1082,1092,1128,1101,1100,1288,1221,1229,568,455,389,428,399,382,404,390,356,346,357,340,156,135,162,159,165,233,245,252,243,239,134,134,151,141,152,121,113,115,121,121,65,63,57,61,56
751,745,757,656,584,655,637,725,658,693,635,591,1210,1165,1184,1221,1258,1350,578,881,1046,940,853,923,1040,1432,1417,1369,1248,1275,1173,1093,1040,1138,1231,1053,1026,1008,1045,1058,1013,1039,1097,1057,1044,1070,1031,1085,1041,1119,1280,1344,1186,609,483,403,377,365,357,407,387,321,317,352,380,139,137,159,141,141,233,247,247,245,284,164,137,161,145,142,98,123,114,111,123,70,71,71,62,67
736,629,680,632,610,678,691,705,693,696,647,614,1169,1190,1153,1259,1231,1271,637,902,949,942,914,866,899,1334,1395,1304,1311,1248,1171,1156,1036,1049,1150,1021,986,1014,1077,1043,1033,991,1046,1006,1083,1114,1076,1117,1140,1078,1257,1286,1265,601,490,417,387,372,351,349,397,335,334,303,358,159,142,143,150,170,271,258,256,284,276,153,155,164,139,137,113,121,123,117,127,59,77,74,66,55
670,663,682,576,546,618,620,657,635,647,646,582,1135,1217,1047,1167,1159,1298,604,883,951,868,879,795,784,1053,1217,1237,1222,1137,1081,1036,962,1030,1188,971,992,1031,955,1033,962,969,1045,985,1053,1021,983,1047,997,1064,1131,1218,1156,573,506,425,378,342,355,329,393,355,328,305,294,144,124,167,139,151,253,261,236,262,271,151,141,174,152,150,148,135,131,128,123,71,80,60,94,59
692,613,574,523,526,549,588,614,591,614,582,552,1148,1067,1049,1168,1171,1210,620,823,925,859,805,802,801,992,1040,1120,1140,1079,1062,1046,1042,1065,1114,989,1015,950,997,901,992,1002,943,957,967,999,970,967,962,1022,1159,1162,1140,544,467,417,411,358,362,344,337,305,345,311,321,151,140,135,137,153,218,269,265,283,275,145,183,176,139,173,130,128,135,123,113,79,94,79,81,83
1221,1216,1164,1135,1115,1167,1196,1301,1210,1169,1135,1148,1472,1462,1373,1494,1511,1654,787,1186,1183,1095,1126,1039,1056,1357,1264,1301,1624,1552,1528,1483,1374,1391,1552,1342,1339,1370,1292,1335,1357,1283,1381,1435,1429,1412,1434,1508,1419,1534,1632,1759,1618,766,614,627,607,665,470,478,436,417,397,412,390,178,176,174,189,163,314,303,357,419,404,193,212,222,231,205,184,161,177,159,159,114,105,93,108,87
1190,1219,1173,1148,1046,1137,1198,1152,1165,1190,1217,1067,1462,1432,1370,1399,1547,1608,748,1117,1284,1132,1143,1033,1005,1285,1173,1198,1209,1456,1404,1410,1395,1309,1554,1303,1406,1321,1356,1435,1387,1335,1332,1398,1406,1415,1458,1462,1408,1473,1641,1678,1490,778,650,655,606,656,584,506,472,388,401,424,433,166,153,175,201,211,311,347,359,403,439,231,259,225,245,221,198,191,184,210,196,112,133,110,120,100
1120,1170,1006,1029,1011,1139,1129,1147,1184,1153,1047,1049,1373,1370,1498,1427,1507,1635,770,1157,1232,1085,1129,989,928,1264,1192,1220,1122,1193,1369,1384,1354,1326,1426,1284,1329,1298,1326,1283,1295,1250,1318,1320,1375,1378,1347,1351,1465,1424,1623,1680,1595,776,679,615,616,625,633,637,497,399,409,425,417,175,185,191,193,212,309,305,334,401,439,247,291,267,248,275,232,217,198,217,227,146,134,120,127,125
1170,1059,1174,1119,1084,1178,1217,1232,1221,1259,1167,1168,1494,1399,1427,1806,1709,1893,1027,1437,1524,1327,1278,1223,1162,1479,1369,1300,1277,1227,1246,1382,1403,1479,1624,1423,1418,1361,1512,1479,1438,1571,1561,1565,1568,1584,1674,1623,1704,1682,1822,1885,1856,810,678,686,620,634,616,686,679,395,358,355,412,156,185,165,181,179,301,338,352,359,392,295,291,294,264,319,252,223,232,228,246,152,161,130,149,131
1192,1140,1152,1085,1062,1171,1231,1191,1258,1231,1159,1171,1511,1547,1507,1709,1870,2062,1031,1584,1669,1423,1316,1211,1162,1494,1461,1363,1383,1257,1191,1277,1391,1484,1617,1514,1538,1541,1497,1513,1518,1563,1600,1604,1536,1625,1691,1699,1744,1874,1930,1941,1940,833,698,689,716,708,682,696,741,453,433,415,381,185,206,193,178,201,321,331,350,388,408,291,295,280,334,324,247,261,282,244,265,128,151,154,145,121
1267,1249,1285,1248,1145,1291,1296,1322,1350,1271,1298,1210,1654,1608,1635,1893,2062,2130,1122,1692,1741,1554,1464,1338,1243,1678,1587,1482,1422,1406,1361,1312,1259,1539,1791,1643,1598,1636,1596,1699,1696,1697,1744,1728,1717,1829,1920,1894,1977,1939,2117,2153,2151,982,750,760,700,756,682,789,840,514,423,461,454,195,192,191,181,208,338,412,358,410,444,283,337,327,320,324,264,265,248,271,273,143,181,157,141,150
719,680,696,544,504,564,591,611,578,637,604,620,787,748,770,1027,1031,1122,3524,2916,2220,1858,1694,1514,1503,1721,1694,1570,1548,1540,1427,1380,1300,1678,4361,3248,2366,2132,1914,1824,1813,1686,1636,1601,1650,1704,1623,1507,1494,1529,1515,1541,1542,1057,1000,1030,1045,1034,1001,986,1015,888,864,855,832,408,409,465,413,437,638,596,612,628,570,333,348,372,391,346,306,286,273,329,299,165,163,199,198,175
1182,1090,1076,941,859,855,907,914,881,902,883,823,1186,1117,1157,1437,1584,1692,2916,4500,4199,3070,2869,2557,2285,2862,2623,2615,2528,2382,2292,2136,2168,2187,2900,5214,4010,3493,3202,3068,3067,2890,2857,2568,2660,2689,2634,2599,2486,2475,2587,2596,2420,1818,1741,1739,1768,1763,1625,1715,1592,1441,1509,1486,1514,741,657,730,699,710,1021,1074,1021,1106,1043,635,570,593,571,631,489,472,503,478,479,346,336,287,298,307
1517,1437,1318,1296,1158,1027,1002,957,1046,949,951,925,1183,1284,1232,1524,1669,1741,2220,4199,4696,4117,3140,2917,2655,3094,2886,2917,2809,2794,2615,2454,2506,2469,2821,2655,4345,3933,3703,3480,3542,3295,3170,2960,2934,3114,2940,2791,2842,2730,2914,2892,2779,2113,2074,2068,1969,1980,1990,1996,1952,1694,1726,1678,1727,894,751,794,767,783,1123,1177,1138,1230,1247,694,710,701,635,675,543,550,535,532,543,341,356,317,325,321
1336,1282,1197,1217,1123,1192,990,926,940,942,868,859,1095,1132,1085,1327,1423,1554,1858,3070,4117,3734,3487,2788,2536,2964,2881,2673,2564,2540,2497,2455,2285,2245,2397,2154,2361,3653,3569,3342,3273,3127,2913,2850,2866,2779,2764,2617,2540,2554,2744,2765,2632,2059,1950,1921,1830,1798,1810,1852,1779,1688,1724,1669,1608,742,819,762,722,738,1107,1143,1120,1205,1115,637,682,630,643,654,488,557,534,552,518,338,351,325,347,272
1273,1271,1176,1127,1069,1199,1180,965,853,914,879,805,1126,1143,1129,1278,1316,1464,1694,2869,3140,3487,3420,3238,2558,2867,2730,2681,2523,2454,2352,2396,2253,2208,2291,2046,2052,2123,3397,3279,3175,2968,2984,2839,2735,2625,2706,2582,2505,2602,2647,2594,2541,2016,1968,1934,1822,1865,1870,1752,1811,1638,1598,1613,1568,797,826,789,727,727,1085,1033,1098,1082,1103,646,615,597,647,644,496,524,536,521,469,336,322,303,301,282
1267,1221,1248,1085,1002,1101,1147,1107,923,866,795,802,1039,1033,989,1223,1211,1338,1514,2557,2917,2788,3238,2874,2913,2767,2636,2455,2410,2397,2277,2256,2205,2188,2252,2055,1998,1987,2193,3059,3066,2959,2866,2722,2626,2696,2514,2519,2566,2392,2628,2591,2522,1985,1984,1874,1869,1818,1691,1744,1850,1646,1561,1546,1553,818,771,804,780,727,1049,1084,1113,1034,1065,621,649,636,592,652,492,467,536,488,477,305,303,301,289,318
1180,1104,1145,1022,992,1160,1109,1155,1040,899,784,801,1056,1005,928,1162,1162,1243,1503,2285,2655,2536,2558,2913,2882,3268,2653,2687,2513,2405,2166,2313,2269,2235,2354,1931,1913,1869,1988,2182,3004,3014,2758,2766,2554,2589,2633,2477,2473,2319,2578,2563,2498,1902,1841,1890,1869,1832,1757,1696,1702,1631,1545,1546,1559,776,807,763,791,792,1061,1089,1113,1065,1090,579,602,623,579,596,490,499,517,490,452,284,329,316,299,309
1514,1529,1519,1420,1270,1356,1494,1472,1432,1334,1053,992,1357,1285,1264,1479,1494,1678,1721,2862,3094,2964,2867,2767,3268,4414,4182,3408,3297,3078,2868,2908,2796,2841,3151,2591,2514,2433,2455,2583,2730,3623,3714,3508,3431,3264,3309,3164,3232,3087,3319,3293,3118,2449,2382,2368,2377,2306,2253,2248,2208,2012,2006,1937,2026,992,988,1041,1010,1005,1518,1405,1320,1354,1346,790,711,771,754,702,643,616,573,618,638,378,412,401,371,326
1504,1373,1389,1281,1228,1395,1371,1350,1417,1395,1217,1040,1264,1173,1192,1369,1461,1587,1694,2623,2886,2881,2730,2636,2653,4182,4042,3914,3230,3128,2952,2848,2782,2849,2882,2520,2507,2456,2384,2521,2474,2629,3315,3416,3506,3381,3109,3183,3133,3050,3269,3100,3137,2502,2395,2326,2296,2257,2230,2171,2180,2131,2024,2000,1956,975,1033,1024,993,931,1438,1458,1337,1325,1370,783,788,759,776,783,586,589,652,588,578,375,349,366,415,387
1423,1336,1381,1218,1219,1289,1424,1385,1369,1304,1237,1120,1301,1198,1220,1300,1363,1482,1570,2615,2917,2673,2681,2455,2687,3408,3914,4044,3853,3124,2964,2760,2748,2710,3024,2473,2471,2505,2393,2519,2299,2309,2532,3318,3417,3268,3180,3157,3074,3032,3128,3284,3142,2509,2351,2417,2258,2223,2235,2210,2142,2037,2044,1983,1970,1022,946,925,955,969,1451,1445,1420,1302,1378,744,706,774,737,762,589,601,636,548,593,390,347,391,383,371
1316,1348,1281,1256,1103,1236,1325,1312,1248,1311,1222,1140,1624,1209,1122,1277,1383,1422,1548,2528,2809,2564,2523,2410,2513,3297,3230,3853,3752,3677,2859,2863,2748,2783,2804,2501,2477,2423,2430,2366,2338,2261,2341,2448,3115,3186,3151,3196,2985,2928,3074,3182,3012,2352,2382,2341,2193,2168,2253,2137,2094,2046,2033,1958,2027,979,1040,1036,977,953,1354,1472,1439,1449,1322,754,721,817,745,706,600,626,591,618,639,350,374,350,362,356
1408,1278,1279,1179,1161,1223,1223,1330,1275,1248,1137,1079,1552,1456,1193,1227,1257,1406,1540,2382,2794,2540,2454,2397,2405,3078,3128,3124,3677,3616,3498,2794,2868,2574,2857,2413,2529,2364,2410,2501,2310,2296,2284,2264,2409,3036,3110,2924,2924,2819,3166,3056,3011,2390,2281,2268,2136,2272,2158,2205,2181,2010,1849,1991,1931,962,980,969,933,949,1444,1469,1460,1435,1473,779,726,744,757,733,565,578,607,598,639,369,392,356,307,306
1303,1177,1204,1106,1011,1161,1085,1164,1173,1171,1081,1062,1528,1404,1369,1246,1191,1361,1427,2292,2615,2497,2352,2277,2166,2868,2952,2964,2859,3498,3458,3432,2695,2661,2745,2449,2303,2281,2291,2399,2395,2194,2246,2279,2206,2298,2885,2796,2769,2789,3064,3039,2922,2270,2122,2082,2141,2134,2147,2122,2096,1852,1899,1922,1964,921,915,1009,955,965,1423,1460,1497,1539,1541,777,730,735,674,695,618,568,579,601,580,373,346,375,355,337
1267,1164,1169,983,1024,1102,1117,1246,1093,1156,1036,1046,1483,1410,1384,1382,1277,1312,1380,2136,2454,2455,2396,2256,2313,2908,2848,2760,2863,2794,3432,3484,3331,2691,2920,2292,2293,2386,2257,2330,2185,2266,2088,2109,2174,2162,2324,2776,2763,2809,2955,2948,2900,2224,2103,2230,2133,2088,2141,2122,2134,2044,1987,1959,1909,991,897,948,989,912,1509,1468,1469,1532,1352,805,856,712,720,734,561,590,593,585,536,375,382,370,361,328
1251,1205,1084,1064,1017,1064,1142,1180,1040,1036,962,1042,1374,1395,1354,1403,1391,1259,1300,2168,2506,2285,2253,2205,2269,2796,2782,2748,2748,2868,2695,3331,3282,3356,2875,2457,2384,2376,2314,2397,2227,2252,2183,2161,2179,2090,2223,2199,2709,2650,2923,2885,2799,2199,2157,2145,2099,2062,2019,2032,2082,1942,1955,1953,1907,944,951,963,973,977,1416,1344,1507,1474,1524,809,819,804,711,666,583,593,561,564,573,357,367,337,326,318
1170,1174,1113,1019,1015,1088,1137,1084,1138,1049,1030,1065,1391,1309,1326,1479,1484,1539,1678,2187,2469,2245,2208,2188,2235,2841,2849,2710,2783,2574,2661,2691,3356,3108,3496,2383,2439,2351,2316,2277,2181,2274,2224,2214,2181,2205,2083,2152,2228,2596,3007,2895,2871,2242,2244,2194,2167,2133,2160,2112,2079,1970,2043,1952,1963,969,930,974,986,998,1452,1347,1445,1452,1465,806,894,837,836,714,568,588,541,592,547,332,355,341,337,330
1357,1239,1171,1094,1021,1170,1151,1262,1231,1150,1188,1114,1552,1554,1426,1624,1617,1791,4361,2900,2821,2397,2291,2252,2354,3151,2882,3024,2804,2857,2745,2920,2875,3496,3890,3500,2660,2669,2500,2444,2452,2460,2487,2453,2499,2309,2352,2268,2349,2355,3085,3124,2985,2427,2427,2313,2162,2283,2176,2158,2243,2061,2037,2033,2028,1006,1052,1070,1009,1022,1495,1544,1552,1554,1511,841,902,850,819,789,565,618,608,621,629,359,367,367,354,367
1132,1101,1046,1002,889,1049,1115,1104,1053,1021,971,989,1342,1303,1284,1423,1514,1643,3248,5214,2655,2154,2046,2055,1931,2591,2520,2473,2501,2413,2449,2292,2457,2383,3500,3052,3106,2284,2316,2197,2135,2160,2139,2146,2120,2109,2007,2005,1977,2034,2341,2572,2582,1963,1973,1873,1890,1822,1903,1832,1872,1741,1787,1702,1694,870,813,864,842,846,1360,1301,1278,1324,1304,764,764,722,734,787,599,524,546,553,504,335,338,339,300,297
1105,1084,1074,980,966,1038,1022,998,1026,986,992,1015,1339,1406,1329,1418,1538,1598,2366,4010,4345,2361,2052,1998,1913,2514,2507,2471,2477,2529,2303,2293,2384,2439,2660,3106,3102,3159,2268,2369,2144,2153,2088,2092,2094,2092,2106,1904,2025,1961,2201,2250,2485,1967,1905,1913,1931,1846,1876,1936,1939,1773,1756,1782,1769,856,861,902,829,886,1286,1279,1311,1286,1359,782,736,767,677,744,592,550,559,508,561,370,316,353,311,311
1115,1050,1042,1055,928,999,1091,1019,1008,1014,1031,950,1370,1321,1298,1361,1541,1636,2132,3493,3933,3653,2123,1987,1869,2433,2456,2505,2423,2364,2281,2386,2376,2351,2669,2284,3159,3232,3082,2301,2255,2183,2155,2026,2171,2056,2075,2073,2065,2012,2197,2184,2298,2004,1898,1908,1937,1897,1915,1927,1932,1756,1850,1710,1766,837,875,882,841,858,1308,1307,1319,1314,1381,712,772,776,730,770,616,622,625,536,513,329,349,324,317,303
1084,1165,1035,1038,919,1101,1043,1071,1045,1077,955,997,1292,1356,1326,1512,1497,1596,1914,3202,3703,3569,3397,2193,1988,2455,2384,2393,2430,2410,2291,2257,2314,2316,2500,2316,2268,3082,3132,3305,2312,2352,2178,2160,2120,2070,2054,2161,2125,1954,2159,2206,2157,1736,1888,1952,1877,1932,1892,1875,1890,1760,1762,1801,1691,857,882,899,893,886,1309,1266,1285,1428,1377,789,729,726,709,762,622,628,637,587,560,336,370,331,352,328
1201,1137,1105,1048,917,1111,1032,1107,1058,1043,1033,901,1335,1435,1283,1479,1513,1699,1824,3068,3480,3342,3279,3059,2182,2583,2521,2519,2366,2501,2399,2330,2397,2277,2444,2197,2369,2301,3305,3234,3221,2287,2275,2173,2104,2145,2101,2128,2060,2149,2094,2168,2119,1800,1788,1934,1904,1965,1861,1877,1885,1706,1797,1780,1701,924,851,879,831,831,1360,1328,1304,1348,1351,818,756,746,769,746,666,635,635,622,559,355,327,354,346,307
1179,1151,1054,1008,914,1036,1072,1093,1013,1033,962,992,1357,1387,1295,1438,1518,1696,1813,3067,3542,3273,3175,3066,3004,2730,2474,2299,2338,2310,2395,2185,2227,2181,2452,2135,2144,2255,2312,3221,3126,3161,2148,2243,2083,2150,2150,2023,2077,2097,2271,1987,2147,1654,1640,1712,1789,1923,1822,1893,1827,1782,1753,1676,1617,867,842,833,821,852,1329,1322,1334,1347,1381,713,806,781,728,714,645,611,635,629,608,366,361,355,334,280
1152,1082,1068,964,924,1016,1035,1035,1039,991,969,1002,1283,1335,1250,1571,1563,1697,1686,2890,3295,3127,2968,2959,3014,3623,2629,2309,2261,2296,2194,2266,2252,2274,2460,2160,2153,2183,2352,2287,3161,3230,3212,2296,2267,2174,2107,2047,2162,2121,2221,2231,2014,1703,1636,1675,1656,1741,1747,1798,1833,1667,1673,1695,1665,860,816,896,865,890,1275,1358,1298,1329,1327,830,789,745,841,748,600,678,621,628,586,368,345,331,316,280
1220,1121,1082,972,942,1046,1090,1075,1097,1046,1045,943,1381,1332,1318,1561,1600,1744,1636,2857,3170,2913,2984,2866,2758,3714,3315,2532,2341,2284,2246,2088,2183,2224,2487,2139,2088,2155,2178,2275,2148,3212,3176,3198,2349,2298,2193,2071,2109,2069,2271,2292,2218,1698,1610,1618,1536,1715,1815,1933,1809,1731,1799,1666,1702,870,845,818,895,922,1246,1409,1329,1345,1348,750,797,777,801,766,643,598,625,608,598,416,407,388,341,265
1151,1060,1065,989,929,1018,1025,1053,1057,1006,985,957,1435,1398,1320,1565,1604,1728,1601,2568,2960,2850,2839,2722,2766,3508,3416,3318,2448,2264,2279,2109,2161,2214,2453,2146,2092,2026,2160,2173,2243,2296,3198,3134,3171,2216,2223,2016,2091,2004,2243,2263,2193,1754,1557,1724,1625,1603,1643,1804,1903,1696,1716,1720,1712,864,801,902,879,864,1241,1320,1318,1373,1349,795,766,803,782,789,601,594,621,609,618,388,372,412,415,259
1187,1136,1114,1012,948,1105,1105,1068,1044,1083,1053,967,1429,1406,1375,1568,1536,1717,1650,2660,2934,2866,2735,2626,2554,3431,3506,3417,3115,2409,2206,2174,2179,2181,2499,2120,2094,2171,2120,2104,2083,2267,2349,3171,3306,3235,2234,2301,2099,2114,2289,2333,2237,1784,1734,1640,1548,1594,1579,1679,1890,1741,1742,1659,1723,880,893,860,913,873,1313,1359,1370,1359,1402,795,787,814,804,800,651,636,644,658,621,363,354,379,415,344
1172,1097,1064,1055,990,1000,1108,1082,1070,1114,1021,999,1412,1415,1378,1584,1625,1829,1704,2689,3114,2779,2625,2696,2589,3264,3381,3268,3186,3036,2298,2162,2090,2205,2309,2109,2092,2056,2070,2145,2150,2174,2298,2216,3235,3458,3388,2358,2390,2181,2333,2380,2264,1727,1747,1724,1550,1642,1637,1541,1598,1755,1747,1711,1718,876,854,862,915,912,1418,1377,1425,1381,1367,784,803,779,812,793,670,660,678,623,659,386,372,396,417,405
964,1058,1129,987,959,1029,1057,1092,1031,1076,983,970,1434,1458,1347,1674,1691,1920,1623,2634,2940,2764,2706,2514,2633,3309,3109,3180,3151,3110,2885,2324,2223,2083,2352,2007,2106,2075,2054,2101,2150,2107,2193,2223,2234,3388,3326,3384,2280,2182,2408,2323,2328,1793,1770,1793,1697,1682,1674,1631,1696,1557,1753,1757,1728,847,868,842,872,947,1274,1390,1434,1449,1375,783,790,727,826,799,695,680,636,668,632,383,396,393,426,387
888,862,1051,1048,940,1038,1092,1128,1085,1117,1047,967,1508,1462,1351,1623,1699,1894,1507,2599,2791,2617,2582,2519,2477,3164,3183,3157,3196,2924,2796,2776,2199,2152,2268,2005,1904,2073,2161,2128,2023,2047,2071,2016,2301,2358,3384,3344,3189,2299,2501,2272,2459,1722,1702,1724,1723,1696,1547,1577,1579,1426,1473,1604,1754,902,850,854,921,914,1345,1334,1393,1449,1383,800,817,829,813,817,667,663,623,656,676,413,388,444,403,329
919,889,830,970,951,1035,1091,1101,1041,1140,997,962,1419,1408,1465,1704,1744,1977,1494,2486,2842,2540,2505,2566,2473,3232,3133,3074,2985,2924,2769,2763,2709,2228,2349,1977,2025,2065,2125,2060,2077,2162,2109,2091,2099,2390,2280,3189,3312,3220,2552,2374,2301,1747,1762,1775,1651,1610,1661,1628,1587,1421,1458,1578,1750,902,871,880,893,892,1417,1309,1446,1427,1510,825,852,807,852,842,668,677,671,640,701,401,419,414,451,363
854,852,860,823,883,1041,1119,1100,1119,1078,1064,1022,1534,1473,1424,1682,1874,1939,1529,2475,2730,2554,2602,2392,2319,3087,3050,3032,2928,2819,2789,2809,2650,2596,2355,2034,1961,2012,1954,2149,2097,2121,2069,2004,2114,2181,2182,2299,3220,3242,3634,2476,2453,1755,1769,1770,1672,1615,1706,1718,1539,1455,1446,1507,1521,863,900,894,908,908,1406,1396,1410,1440,1441,852,827,858,854,846,713,683,701,662,669,406,444,447,459,398
908,885,977,874,848,1157,1254,1288,1280,1257,1131,1159,1632,1641,1623,1822,1930,2117,1515,2587,2914,2744,2647,2628,2578,3319,3269,3128,3074,3166,3064,2955,2923,3007,3085,2341,2201,2197,2159,2094,2271,2221,2271,2243,2289,2333,2408,2501,2552,3634,3848,3891,2746,2016,1847,1865,1882,1900,1872,1853,1877,1646,1678,1725,1606,846,925,993,971,1009,1551,1589,1560,1540,1584,895,871,888,917,912,727,725,754,733,743,478,388,489,514,412
945,954,922,816,804,953,1188,1221,1344,1286,1218,1162,1759,1678,1680,1885,1941,2153,1541,2596,2892,2765,2594,2591,2563,3293,3100,3284,3182,3056,3039,2948,2885,2895,3124,2572,2250,2184,2206,2168,1987,2231,2292,2263,2333,2380,2323,2272,2374,2476,3891,3866,3906,2096,2015,1925,1919,1895,1771,1858,1808,1719,1607,1673,1578,792,867,943,963,965,1448,1524,1541,1556,1572,903,883,887,911,912,741,736,794,808,814,509,467,445,465,379
914,912,896,809,764,881,906,1229,1186,1265,1156,1140,1618,1490,1595,1856,1940,2151,1542,2420,2779,2632,2541,2522,2498,3118,3137,3142,3012,3011,2922,2900,2799,2871,2985,2582,2485,2298,2157,2119,2147,2014,2218,2193,2237,2264,2328,2459,2301,2453,2746,3906,3900,3064,2126,2049,1953,1781,1837,1832,1795,1697,1702,1546,1586,829,781,906,953,1032,1478,1576,1541,1629,1537,868,913,924,904,911,724,762,761,702,786,447,476,469,458,425
526,555,517,466,455,468,491,568,609,601,573,544,766,778,776,810,833,982,1057,1818,2113,2059,2016,1985,1902,2449,2502,2509,2352,2390,2270,2224,2199,2242,2427,1963,1967,2004,1736,1800,1654,1703,1698,1754,1784,1727,1793,1722,1747,1755,2016,2096,3064,2444,2529,1806,1802,1793,1857,1700,1703,1625,1577,1587,1556,806,817,835,802,927,1542,1512,1510,1583,1566,898,976,846,936,858,733,746,756,788,750,466,457,484,510,438
492,489,464,428,408,453,475,455,483,490,506,467,614,650,679,678,698,750,1000,1741,2074,1950,1968,1984,1841,2382,2395,2351,2382,2281,2122,2103,2157,2244,2427,1973,1905,1898,1888,1788,1640,1636,1610,1557,1734,1747,1770,1702,1762,1769,1847,2015,2126,2529,2508,2436,1795,1748,1670,1692,1612,1626,1550,1551,1673,804,801,841,809,861,1538,1556,1599,1559,1624,981,916,901,946,933,776,724,720,740,747,430,475,438,481,411
410,409,424,382,355,388,407,389,403,417,425,417,627,655,615,686,689,760,1030,1739,2068,1921,1934,1874,1890,2368,2326,2417,2341,2268,2082,2230,2145,2194,2313,1873,1913,1908,1952,1934,1712,1675,1618,1724,1640,1724,1793,1724,1775,1770,1865,1925,2049,1806,2436,2554,2503,1846,1839,1701,1833,1666,1640,1595,1676,863,787,825,868,894,1333,1601,1672,1606,1658,944,973,884,935,922,781,739,778,708,774,493,489,493,525,436
448,417,439,383,328,375,380,428,377,387,378,411,607,606,616,620,716,700,1045,1768,1969,1830,1822,1869,1869,2377,2296,2258,2193,2136,2141,2133,2099,2167,2162,1890,1931,1937,1877,1904,1789,1656,1536,1625,1548,1550,1697,1723,1651,1672,1882,1919,1953,1802,1795,2503,2430,2507,1837,1753,1789,1613,1577,1695,1685,848,862,826,810,839,1243,1417,1613,1701,1565,900,927,943,926,912,776,781,777,763,788,498,560,472,490,422
401,400,395,373,312,373,350,399,365,372,342,358,665,656,625,634,708,756,1034,1763,1980,1798,1865,1818,1832,2306,2257,2223,2168,2272,2134,2088,2062,2133,2283,1822,1846,1897,1932,1965,1923,1741,1715,1603,1594,1642,1682,1696,1610,1615,1900,1895,1781,1793,1748,1846,2507,2542,2422,1850,1866,1626,1616,1677,1687,887,814,837,861,843,1314,1288,1430,1568,1676,923,991,902,941,973,805,829,760,781,762,439,503,465,495,469
423,359,389,351,366,410,380,382,357,351,355,362,470,584,633,616,682,682,1001,1625,1990,1810,1870,1691,1757,2253,2230,2235,2253,2158,2147,2141,2019,2160,2176,1903,1876,1915,1892,1861,1822,1747,1815,1643,1579,1637,1674,1547,1661,1706,1872,1771,1837,1857,1670,1839,1837,2422,2530,2569,1887,1706,1610,1612,1608,850,882,863,899,812,1285,1240,1316,1365,1645,945,988,957,939,931,854,858,759,800,806,508,473,468,508,444
428,403,427,397,346,380,373,404,407,349,329,344,478,506,637,686,696,789,986,1715,1996,1852,1752,1744,1696,2248,2171,2210,2137,2205,2122,2122,2032,2112,2158,1832,1936,1927,1875,1877,1893,1798,1933,1804,1679,1541,1631,1577,1628,1718,1853,1858,1832,1700,1692,1701,1753,1850,2569,2504,2612,1723,1804,1685,1679,838,826,858,863,882,1306,1322,1307,1329,1459,990,945,986,1014,1035,756,820,856,862,857,551,549,497,520,518
422,431,422,383,331,363,367,390,387,397,393,337,436,472,497,679,741,840,1015,1592,1952,1779,1811,1850,1702,2208,2180,2142,2094,2181,2096,2134,2082,2079,2243,1872,1939,1932,1890,1885,1827,1833,1809,1903,1890,1598,1696,1579,1587,1539,1877,1808,1795,1703,1612,1833,1789,1866,1887,2612,2670,2486,1746,1703,1784,873,868,889,880,879,1332,1287,1274,1316,1259,804,947,991,996,974,816,832,868,788,761,520,579,474,509,503
334,366,378,322,328,378,361,356,321,335,355,305,417,388,399,395,453,514,888,1441,1694,1688,1638,1646,1631,2012,2131,2037,2046,2010,1852,2044,1942,1970,2061,1741,1773,1756,1760,1706,1782,1667,1731,1696,1741,1755,1557,1426,1421,1455,1646,1719,1697,1625,1626,1666,1613,1626,1706,1723,2486,2122,2258,1586,1655,825,809,849,780,791,1252,1309,1192,1226,1236,713,710,806,701,761,593,624,621,628,604,382,390,411,399,370
391,382,352,326,325,378,348,346,317,334,328,345,397,401,409,358,433,423,864,1509,1726,1724,1598,1561,1545,2006,2024,2044,2033,1849,1899,1987,1955,2043,2037,1787,1756,1850,1762,1797,1753,1673,1799,1716,1742,1747,1753,1473,1458,1446,1678,1607,1702,1577,1550,1640,1577,1616,1610,1804,1746,2258,2166,2210,1651,830,861,814,830,856,1325,1172,1217,1237,1260,706,762,737,746,754,623,629,654,633,575,407,409,393,368,367
388,356,378,340,317,354,342,357,352,303,305,311,412,424,425,355,415,461,855,1486,1678,1669,1613,1546,1546,1937,2000,1983,1958,1991,1922,1959,1953,1952,2033,1702,1782,1710,1801,1780,1676,1695,1666,1720,1659,1711,1757,1604,1578,1507,1725,1673,1546,1587,1551,1595,1695,1677,1612,1685,1703,1586,2210,2316,2299,845,881,779,806,880,1219,1227,1240,1299,1226,704,733,718,667,727,590,616,601,578,629,369,409,361,389,332
362,359,373,325,299,343,370,340,380,358,294,321,390,433,417,412,381,454,832,1514,1727,1608,1568,1553,1559,2026,1956,1970,2027,1931,1964,1909,1907,1963,2028,1694,1769,1766,1691,1701,1617,1665,1702,1712,1723,1718,1728,1754,1750,1521,1606,1578,1586,1556,1673,1676,1685,1687,1608,1679,1784,1655,1651,2299,2406,1220,871,848,870,832,1224,1269,1196,1205,1253,710,701,683,658,741,639,595,614,618,575,389,395,371,365,357
155,140,141,140,144,159,153,156,139,159,144,151,178,166,175,156,185,195,408,741,894,742,797,818,776,992,975,1022,979,962,921,991,944,969,1006,870,856,837,857,924,867,860,870,864,880,876,847,902,902,863,846,792,829,806,804,863,848,887,850,838,873,825,830,845,1220,738,722,540,542,408,673,737,699,675,675,369,344,410,429,370,330,323,360,352,357,194,190,217,245,183
136,139,146,138,129,147,145,135,137,142,124,140,176,153,185,185,206,192,409,657,751,819,826,771,807,988,1033,946,1040,980,915,897,951,930,1052,813,861,875,882,851,842,816,845,801,893,854,868,850,871,900,925,867,781,817,801,787,862,814,882,826,868,809,861,881,871,722,698,765,521,519,681,698,689,654,672,417,374,348,377,382,333,301,333,308,327,212,220,187,218,215
144,131,154,128,117,153,148,162,159,143,167,135,174,175,191,165,193,191,465,730,794,762,789,804,763,1041,1024,925,1036,969,1009,948,963,974,1070,864,902,882,899,879,833,896,818,902,860,862,842,854,880,894,993,943,906,835,841,825,826,837,863,858,889,849,814,779,848,540,765,770,798,504,790,681,727,735,751,402,406,417,388,412,297,333,330,353,342,218,234,235,206,197
141,150,134,135,134,141,161,159,141,150,139,137,189,201,193,181,178,181,413,699,767,722,727,780,791,1010,993,955,977,933,955,989,973,986,1009,842,829,841,893,831,821,865,895,879,913,915,872,921,893,908,971,963,953,802,809,868,810,861,899,863,880,780,830,806,870,542,521,798,764,758,681,772,705,736,691,426,403,412,406,404,324,287,310,327,345,213,192,207,182,225
166,132,165,130,144,152,146,165,141,170,151,153,163,211,212,179,201,208,437,710,783,738,727,727,792,1005,931,969,953,949,965,912,977,998,1022,846,886,858,886,831,852,890,922,864,873,912,947,914,892,908,1009,965,1032,927,861,894,839,843,812,882,879,791,856,880,832,408,519,504,758,770,1076,716,790,750,714,431,423,413,417,426,328,307,270,302,317,240,245,213,205,209
213,202,207,201,176,210,210,233,233,271,253,218,314,311,309,301,321,338,638,1021,1123,1107,1085,1049,1061,1518,1438,1451,1354,1444,1423,1509,1416,1452,1495,1360,1286,1308,1309,1360,1329,1275,1246,1241,1313,1418,1274,1345,1417,1406,1551,1448,1478,1542,1538,1333,1243,1314,1285,1306,1332,1252,1325,1219,1224,673,681,790,681,1076,1762,1691,1193,1156,1058,643,597,586,582,626,512,500,481,473,453,335,325,306,278,316
232,228,224,179,218,193,215,245,247,258,261,269,303,347,305,338,331,412,596,1074,1177,1143,1033,1084,1089,1405,1458,1445,1472,1469,1460,1468,1344,1347,1544,1301,1279,1307,1266,1328,1322,1358,1409,1320,1359,1377,1390,1334,1309,1396,1589,1524,1576,1512,1556,1601,1417,1288,1240,1322,1287,1309,1172,1227,1269,737,698,681,772,716,1691,1764,1732,1194,1207,648,674,610,592,645,534,507,437,438,454,300,314,333,327,291
206,202,219,226,206,223,232,252,247,256,236,265,357,359,334,352,350,358,612,1021,1138,1120,1098,1113,1113,1320,1337,1420,1439,1460,1497,1469,1507,1445,1552,1278,1311,1319,1285,1304,1334,1298,1329,1318,1370,1425,1434,1393,1446,1410,1560,1541,1541,1510,1599,1672,1613,1430,1316,1307,1274,1192,1217,1240,1196,699,689,727,705,790,1193,1732,1744,1756,1240,691,625,648,608,613,502,515,555,512,453,336,304,296,358,300
253,237,229,219,215,232,225,243,245,284,262,283,419,403,401,359,388,410,628,1106,1230,1205,1082,1034,1065,1354,1325,1302,1449,1435,1539,1532,1474,1452,1554,1324,1286,1314,1428,1348,1347,1329,1345,1373,1359,1381,1449,1449,1427,1440,1540,1556,1629,1583,1559,1606,1701,1568,1365,1329,1316,1226,1237,1299,1205,675,654,735,736,750,1156,1194,1756,1680,1863,683,731,632,682,642,510,496,493,495,507,315,325,311,345,305
258,203,235,213,206,219,257,239,284,276,271,275,404,439,439,392,408,444,570,1043,1247,1115,1103,1065,1090,1346,1370,1378,1322,1473,1541,1352,1524,1465,1511,1304,1359,1381,1377,1351,1381,1327,1348,1349,1402,1367,1375,1383,1510,1441,1584,1572,1537,1566,1624,1658,1565,1676,1645,1459,1259,1236,1260,1226,1253,675,672,751,691,714,1058,1207,1240,1863,1928,1106,687,687,593,668,488,516,516,522,521,269,327,316,279,306
150,124,110,103,130,127,131,134,164,153,151,145,193,231,247,295,291,283,333,635,694,637,646,621,579,790,783,744,754,779,777,805,809,806,841,764,782,712,789,818,713,830,750,795,795,784,783,800,825,852,895,903,868,898,981,944,900,923,945,990,804,713,706,704,710,369,417,402,426,431,643,648,691,683,1106,632,651,408,398,400,319,299,295,309,312,230,191,175,158,176
138,145,131,132,140,123,139,134,137,155,141,183,212,259,291,291,295,337,348,570,710,682,615,649,602,711,788,706,721,726,730,856,819,894,902,764,736,772,729,756,806,789,797,766,787,803,790,817,852,827,871,883,913,976,916,973,927,991,988,945,947,710,762,733,701,344,374,406,403,423,597,674,625,731,687,651,734,679,414,406,309,309,304,292,303,156,193,166,173,193
152,142,135,108,118,152,155,151,161,164,174,176,222,225,267,294,280,327,372,593,701,630,597,636,623,771,759,774,817,744,735,712,804,837,850,722,767,776,726,746,781,745,777,803,814,779,727,829,807,858,888,887,924,846,901,884,943,902,957,986,991,806,737,718,683,410,348,417,412,413,586,610,648,632,687,408,679,752,723,437,345,273,304,331,336,204,215,193,211,185
141,110,127,128,106,114,126,141,145,139,152,139,231,245,248,264,334,320,391,571,635,643,647,592,579,754,776,737,745,757,674,720,711,836,819,734,677,730,709,769,728,841,801,782,804,812,826,813,852,854,917,911,904,936,946,935,926,941,939,1014,996,701,746,667,658,429,377,388,406,417,582,592,608,682,593,398,414,723,726,746,354,332,303,354,317,207,223,197,199,199
132,127,124,116,120,122,133,152,142,137,150,173,205,221,275,319,324,324,346,631,675,654,644,652,596,702,783,762,706,733,695,734,666,714,789,787,744,770,762,746,714,748,766,789,800,793,799,817,842,846,912,912,911,858,933,922,912,973,931,1035,974,761,754,727,741,370,382,412,404,426,626,645,613,642,668,400,406,437,746,774,631,375,396,340,342,213,209,236,220,187
95,109,87,96,113,112,110,121,98,113,148,130,184,198,232,252,247,264,306,489,543,488,496,492,490,643,586,589,600,565,618,561,583,568,565,599,592,616,622,666,645,600,643,601,651,670,695,667,668,713,727,741,724,733,776,781,776,805,854,756,816,593,623,590,639,330,333,297,324,328,512,534,502,510,488,319,309,345,354,631,570,544,327,271,269,207,197,176,198,169
102,94,99,87,107,92,95,113,123,121,135,128,161,191,217,223,261,265,286,472,550,557,524,467,499,616,589,601,626,578,568,590,593,588,618,524,550,622,628,635,611,678,598,594,636,660,680,663,677,683,725,736,762,746,724,739,781,829,858,820,832,624,629,616,595,323,301,333,287,307,500,507,515,496,516,299,309,273,332,375,544,606,525,311,298,173,181,165,206,169
84,103,83,102,102,112,112,115,114,123,131,135,177,184,198,232,282,248,273,503,535,534,536,536,517,573,652,636,591,607,579,593,561,541,608,546,559,625,637,635,635,621,625,621,644,678,636,623,671,701,754,794,761,756,720,778,777,760,759,856,868,621,654,601,614,360,333,330,310,270,481,437,555,493,516,295,304,304,303,396,327,525,550,587,307,212,195,183,190,192
112,90,98,115,94,89,127,121,111,117,128,123,159,210,217,228,244,271,329,478,532,552,521,488,490,618,588,548,618,598,601,585,564,592,621,553,508,536,587,622,629,628,608,609,658,623,668,656,640,662,733,808,702,788,740,708,763,781,800,862,788,628,633,578,618,352,308,353,327,302,473,438,512,495,522,309,292,331,354,340,271,311,587,542,623,216,199,194,189,187
95,105,89,98,88,90,101,121,123,127,123,113,159,196,227,246,265,273,299,479,543,518,469,477,452,638,578,593,639,639,580,536,573,547,629,504,561,513,560,559,608,586,598,618,621,659,632,676,701,669,743,814,786,750,747,774,788,762,806,857,761,604,575,629,575,357,327,342,345,317,453,454,453,507,521,312,303,336,317,342,269,298,307,623,580,402,199,206,168,192
48,55,55,51,47,61,69,65,70,59,71,79,114,112,146,152,128,143,165,346,341,338,336,305,284,378,375,390,350,369,373,375,357,332,359,335,370,329,336,355,366,368,416,388,363,386,383,413,401,406,478,509,447,466,430,493,498,439,508,551,520,382,407,369,389,194,212,218,213,240,335,300,336,315,269,230,156,204,207,213,207,173,212,216,402,284,250,142,159,117
68,57,59,56,57,69,68,63,71,77,80,94,105,133,134,161,151,181,163,336,356,351,322,303,329,412,349,347,374,392,346,382,367,355,367,338,316,349,370,327,361,345,407,372,354,372,396,388,419,444,388,467,476,457,475,489,560,503,473,549,579,390,409,409,395,190,220,234,192,245,325,314,304,325,327,191,193,215,223,209,197,181,195,199,199,250,334,275,147,149
71,56,56,66,51,70,69,57,71,74,60,79,93,110,120,130,154,157,199,287,317,325,303,301,316,401,366,391,350,356,375,370,337,341,367,339,353,324,331,354,355,331,388,412,379,396,393,444,414,447,489,445,469,484,438,493,472,465,468,497,474,411,393,361,371,217,187,235,207,213,306,333,296,311,316,175,166,193,197,236,176,165,183,194,206,142,275,338,306,138
57,73,58,55,47,60,62,61,62,66,94,81,108,120,127,149,145,141,198,298,325,347,301,289,299,371,415,383,362,307,355,361,326,337,354,300,311,317,352,346,334,316,341,415,415,417,426,403,451,459,514,465,458,510,481,525,490,495,508,520,509,399,368,389,365,245,218,206,182,205,278,327,358,345,279,158,173,211,199,220,198,206,190,189,168,159,147,306,348,357
55,46,44,46,48,48,46,56,67,55,59,83,87,100,125,131,121,150,175,307,321,272,282,318,309,326,387,371,356,306,337,328,318,330,367,297,311,303,328,307,280,280,265,259,344,405,387,329,363,398,412,379,425,438,411,436,422,469,444,518,503,370,367,332,357,183,215,197,225,209,316,291,300,305,306,176,193,185,199,187,169,169,192,187,192,117,149,138,357,380
