3146,2876,2835,2661,2381,2224,1842,1725,1658,1718,1667,1670,1574,1560,1599,1473,1500,1670,2159,2108,2402,2619,2371,2329,2109,2251,2177,2118,2008,1944,1874,1793,1729,1803,1711,1669,1649,1633,1609,1594,1523,1526,1522,1531,1571,1469,1441,1514,1408,1418,1438,1374,1385,1375,1370,1066,1012,1088,1063,966,950,987,1008,920,915,484,472,401,397,397,541,510,512,503,507,349,308,311,323,319,261,279,238,268,251,165,163,185,163,170
2876,2524,2490,2226,2085,1918,1572,1597,1543,1474,1423,1428,1416,1450,1434,1353,1474,1595,2095,1936,1969,1894,1783,1906,1813,1913,1706,1683,1708,1662,1621,1653,1609,1587,1559,1514,1472,1512,1601,1442,1466,1384,1430,1430,1397,1314,1336,1350,1342,1322,1294,1307,1315,1273,1278,996,952,941,900,906,917,887,824,843,834,446,435,382,369,387,490,468,481,429,421,330,292,295,260,279,222,244,230,209,214,170,161,177,160,141
2835,2490,2496,2263,2156,1834,1695,1600,1629,1539,1486,1409,1408,1446,1433,1408,1457,1655,2083,1924,1979,1886,1883,1957,1847,1856,1711,1723,1751,1733,1698,1604,1555,1566,1584,1546,1464,1541,1554,1541,1420,1437,1376,1460,1384,1303,1341,1297,1290,1269,1391,1297,1328,1303,1305,1041,1008,1001,959,856,941,884,850,899,874,433,437,414,370,388,488,482,475,473,459,331,337,279,266,266,250,213,245,214,232,169,171,161,189,157
2661,2226,2263,1906,1872,1671,1387,1404,1410,1360,1283,1304,1325,1276,1313,1328,1367,1500,1088,1691,1698,1625,1670,1710,1604,1713,1562,1448,1535,1604,1536,1451,1461,1537,1419,1335,1403,1373,1436,1351,1290,1206,1311,1246,1279,1215,1230,1192,1208,1196,1313,1245,1237,1218,1259,951,976,913,852,896,901,843,840,843,833,426,374,396,393,352,502,471,480,447,445,296,302,259,268,267,230,218,236,225,216,168,162,163,160,173
2381,2085,2156,1872,1722,1678,1396,1287,1259,1293,1277,1235,1296,1252,1333,1259,1339,1405,772,990,1643,1489,1522,1601,1608,1639,1433,1472,1503,1546,1483,1413,1399,1403,1325,1348,1285,1281,1329,1326,1278,1190,1215,1299,1285,1161,1154,1185,1190,1148,1225,1249,1239,1214,1183,945,975,896,895,824,813,863,838,823,802,443,392,417,357,370,474,435,461,431,421,285,308,231,279,299,244,207,216,190,209,168,166,142,146,153
2224,1918,1834,1671,1678,1512,1281,1137,1220,1175,1256,1185,1121,1197,1103,1132,1177,1202,667,768,1118,1705,1504,1420,1338,1394,1568,1583,1543,1436,1366,1240,1290,1370,1291,1228,1289,1272,1202,1284,1127,1168,1161,1127,1167,1110,1163,1102,1031,1044,1060,1018,1058,1012,1032,793,807,751,729,745,716,682,707,673,671,350,327,343,297,328,382,404,407,380,372,268,253,254,221,235,169,197,191,225,206,143,125,151,151,135
1842,1572,1695,1387,1396,1281,1076,1146,1109,1078,1064,1061,1040,1066,1060,997,1116,1201,584,648,748,920,1285,1203,1248,1236,1227,1280,1270,1248,1229,1228,1223,1189,1203,1151,1072,1119,1134,1178,1009,1076,1058,1092,1127,1022,958,1000,961,1015,1026,1019,1019,1006,1006,734,769,704,726,650,683,689,655,669,629,322,304,314,303,263,357,391,351,346,352,230,218,236,218,230,179,173,183,186,171,135,106,129,140,111
1725,1597,1600,1404,1287,1137,1146,1068,1060,1096,1124,1074,1011,1054,1079,1032,1081,1224,565,592,683,765,891,1151,1152,1201,1211,1224,1318,1296,1231,1235,1185,1185,1208,1181,1107,1117,1113,1093,1022,1147,1085,1054,1052,984,983,1081,1023,1003,973,972,958,987,970,718,777,750,672,695,703,646,705,683,664,338,341,304,283,297,373,389,399,338,340,241,246,228,206,206,166,203,180,170,177,136,137,113,124,118
1658,1543,1629,1410,1259,1220,1109,1060,1056,1145,1109,1039,1087,1048,1085,1043,1077,1176,624,573,729,728,775,838,1086,1246,1196,1215,1232,1274,1195,1149,1190,1201,1181,1108,1103,1169,1234,1115,1066,1101,1036,1029,1065,1011,977,987,1007,1015,1063,1063,995,980,992,807,788,748,728,724,716,654,708,697,658,320,303,335,292,294,411,406,363,391,343,277,292,255,223,233,179,205,175,164,171,131,140,128,134,122
1718,1474,1539,1360,1293,1175,1078,1096,1145,1060,1063,1069,1119,1066,1097,1017,1063,1167,593,569,710,758,704,743,915,1171,1256,1182,1210,1283,1168,1225,1153,1149,1295,1206,1067,1140,1206,1128,1104,1141,1100,1057,1056,996,954,1035,967,972,1089,1058,989,1086,1059,827,778,781,694,732,717,716,691,693,664,354,354,334,271,279,385,404,364,381,346,286,261,266,209,201,203,195,192,172,183,143,145,137,122,114
1667,1423,1486,1283,1277,1256,1064,1124,1109,1063,1106,1113,1055,1052,1102,1137,1115,1222,574,595,709,709,744,722,869,1074,1486,1343,1227,1217,1171,1186,1223,1177,1174,1146,1086,1193,1172,1130,1020,1098,1035,1144,1075,1002,966,1004,1014,1045,1011,960,994,1036,989,830,803,763,691,751,789,755,707,735,698,384,345,349,329,353,446,470,400,444,438,285,299,291,300,250,233,198,190,187,201,155,158,133,140,127
1670,1428,1409,1304,1235,1185,1061,1074,1039,1069,1113,1054,1047,1058,1053,1120,1153,1263,535,618,693,728,767,726,814,812,961,1271,1154,1185,1163,1117,1151,1167,1243,1099,1108,1091,1175,1062,1074,1108,1104,1082,1080,1013,1026,936,1030,1021,996,971,951,965,1037,782,744,788,730,766,770,810,728,739,683,358,357,334,337,343,437,483,440,451,456,303,294,269,282,268,245,216,220,216,217,163,158,149,178,159
1574,1416,1408,1325,1296,1121,1040,1011,1087,1119,1055,1047,1006,1092,1122,1111,1156,1211,547,589,724,719,747,755,728,793,815,874,1140,1189,1140,1112,1171,1169,1103,1152,1190,1172,1104,1084,1116,1063,1082,1059,1071,994,984,1000,936,976,1020,1051,976,1036,1064,830,832,849,800,747,751,756,776,746,737,377,338,388,412,375,407,449,460,436,465,304,287,288,327,263,238,257,221,227,233,142,182,164,154,156
1560,1450,1446,1276,1252,1197,1066,1054,1048,1066,1052,1058,1092,1200,1180,1176,1210,1283,652,629,719,706,774,733,764,803,835,854,932,1146,1143,1107,1168,1136,1149,1147,1143,1139,1131,1121,1041,1105,1060,1028,1085,1037,1065,968,994,1078,1055,1063,1040,1106,1089,847,825,847,842,800,820,788,824,767,798,421,380,412,403,394,458,522,527,499,476,332,305,299,279,310,225,245,245,251,238,159,176,174,183,153
1599,1434,1433,1313,1333,1103,1060,1079,1085,1097,1102,1053,1122,1180,1352,1247,1324,1529,604,653,786,820,794,779,839,858,907,856,861,985,1119,1132,1174,1132,1206,1105,1128,1123,1153,1157,1085,1066,1017,1095,1103,993,989,961,1014,1035,1014,1086,1094,1084,1072,875,916,835,829,786,942,865,857,889,874,445,423,412,397,387,499,482,528,471,480,342,305,329,355,312,264,260,270,274,248,195,206,197,188,184
1473,1353,1408,1328,1259,1132,997,1032,1043,1017,1137,1120,1111,1176,1247,1316,1454,1559,660,683,809,770,817,784,828,821,764,873,843,905,973,1172,1069,1044,1126,1021,1001,1097,1036,1019,1004,946,1020,1008,992,897,958,906,884,879,953,1010,947,1004,980,794,793,848,832,870,927,890,911,888,872,476,486,446,440,444,598,609,619,632,583,449,402,412,433,423,348,340,349,371,368,288,269,254,259,259
1500,1474,1457,1367,1339,1177,1116,1081,1077,1063,1115,1153,1156,1210,1324,1454,1594,1724,666,689,813,854,876,839,857,824,853,940,849,897,915,896,1082,1091,1117,1066,1055,1075,1072,1089,988,1015,1026,1005,1051,989,950,981,943,997,1047,987,1068,1079,1137,862,854,890,847,876,968,932,956,995,957,527,557,487,501,559,615,635,701,661,704,424,472,480,439,458,377,369,371,375,377,287,298,319,265,278
1670,1595,1655,1500,1405,1202,1201,1224,1176,1167,1222,1263,1211,1283,1529,1559,1724,1996,702,716,876,927,903,919,978,921,973,915,972,973,956,933,1024,1135,1137,1108,1103,1130,1115,1087,1103,1064,1096,1089,1133,1037,1020,1045,998,1049,1111,1172,1159,1204,1215,997,967,982,956,991,1119,1092,1092,1052,1048,639,588,606,566,552,736,750,664,759,700,534,534,445,507,476,444,437,420,425,425,296,314,338,314,288
2159,2094,2083,1088,772,667,584,565,624,593,574,535,547,652,604,660,666,702,2812,2720,2941,2846,2614,2702,2567,2169,2236,2205,2229,2205,2100,2118,2164,2098,2254,2105,2176,2108,2171,2144,1777,1795,1839,1830,1831,1632,1708,1698,1708,1661,1726,1712,1705,1703,1704,1287,1270,1291,1324,1241,1277,1289,1243,1166,1252,687,666,624,562,614,864,833,824,826,829,513,513,522,522,471,451,438,426,414,445,280,278,299,294,312
2108,1936,1923,1691,990,768,648,592,573,569,595,617,589,629,653,683,689,716,2720,2686,3019,2811,2730,2556,2646,2237,2186,2221,2295,2227,2095,2256,2025,2060,2141,2144,2115,2113,2138,2050,1737,1841,1746,1857,1869,1685,1706,1648,1642,1723,1717,1788,1719,1707,1759,1328,1224,1258,1305,1238,1326,1375,1355,1288,1280,666,678,676,612,609,847,869,857,814,816,526,536,520,517,518,446,433,423,408,451,315,291,300,302,279
2401,1969,1978,1698,1643,1118,748,683,728,710,707,693,723,719,786,809,813,876,2941,3019,3440,3649,3498,3283,3159,2759,2577,2573,2693,2669,2579,2471,2495,2493,2445,2550,2491,2494,2535,2576,2194,2201,2104,2263,2163,2004,2021,2015,1933,2076,2065,2123,2131,2125,2119,1663,1577,1538,1524,1561,1581,1549,1565,1537,1580,832,813,743,731,760,999,1072,1037,1035,1017,650,657,643,607,581,527,470,505,509,540,377,376,354,385,305
2618,1893,1886,1624,1487,1705,920,765,728,758,708,727,719,706,820,770,854,927,2846,2811,3649,3602,3654,3414,3538,2727,2750,2691,2548,2701,2682,2565,2651,2479,2525,2554,2670,2611,2489,2614,2294,2171,2235,2232,2157,2095,2041,2059,2072,2072,2229,2193,2189,2194,2257,1558,1592,1594,1639,1532,1557,1631,1530,1536,1532,834,802,811,782,786,1065,1075,1061,1025,1048,710,643,651,581,612,519,516,549,529,560,360,359,384,377,336
2371,1783,1883,1670,1522,1504,1285,891,773,704,744,767,747,774,794,817,876,903,2614,2730,3498,3654,3694,3647,3418,3049,2762,2814,2738,2674,2689,2653,2568,2705,2643,2607,2604,2635,2604,2616,2250,2291,2275,2193,2234,2010,2091,2124,2151,2036,2150,2152,2295,2302,2160,1665,1610,1609,1593,1541,1662,1619,1596,1553,1555,877,843,843,817,707,1078,1089,1069,1034,1027,653,617,623,651,610,567,530,538,511,554,342,351,379,403,377
2329,1906,1957,1709,1601,1420,1203,1150,838,742,722,726,755,733,779,784,839,919,2702,2556,3283,3414,3647,3684,3777,3170,3109,2924,2826,2797,2620,2696,2750,2735,2701,2665,2755,2663,2595,2685,2279,2204,2288,2319,2206,2057,2086,2085,2130,2155,2360,2196,2258,2226,2095,1633,1703,1601,1583,1640,1652,1637,1692,1649,1619,804,873,766,803,786,1069,1130,1097,1106,1043,646,661,613,621,636,512,547,552,545,558,382,355,344,385,365
2109,1813,1847,1604,1608,1338,1248,1152,1086,915,869,814,728,764,839,828,857,978,2567,2646,3159,3538,3418,3777,3834,3536,3054,3132,2967,2959,2802,2793,2858,2740,2696,2677,2815,2738,2816,2689,2336,2361,2345,2254,2333,2262,2225,2228,2172,2193,2335,2307,2323,2254,2312,1700,1745,1659,1711,1654,1645,1638,1648,1694,1579,908,801,834,794,804,1095,1082,1195,1141,1174,719,666,673,737,618,536,512,530,533,558,400,406,386,384,355
2251,1912,1856,1713,1639,1393,1236,1201,1245,1170,1074,812,793,803,858,821,824,921,2169,2237,2759,2727,3049,3170,3536,3792,3930,3411,3468,3269,3202,2947,3117,3030,3047,2444,2653,2588,2619,2631,2517,2563,2500,2551,2511,2380,2373,2343,2302,2448,2520,2426,2431,2439,2437,1902,1931,1881,1856,1761,1837,1873,1846,1817,1815,955,941,912,911,935,1186,1126,1199,1215,1111,746,767,719,674,715,637,579,590,576,630,420,424,442,426,401
2177,1706,1711,1562,1433,1567,1227,1210,1196,1255,1486,961,814,835,907,764,853,973,2236,2186,2577,2750,2762,3109,3054,3930,3912,3909,3478,3510,3165,3119,2892,2999,3024,2701,2600,2574,2637,2619,2543,2526,2619,2499,2483,2349,2335,2510,2330,2351,2403,2520,2520,2482,2499,1836,1878,1897,1865,1795,1795,1832,1815,1811,1768,1032,959,872,871,839,1188,1161,1210,1140,1195,794,717,756,761,705,576,601,584,529,598,451,418,400,425,436
2118,1681,1722,1447,1472,1583,1280,1223,1215,1182,1342,1271,872,854,856,873,940,915,2205,2221,2573,2691,2814,2924,3132,3411,3909,3988,3900,3496,3459,3163,3251,3004,3096,2732,2669,2670,2576,2577,2525,2602,2610,2554,2568,2341,2405,2404,2354,2380,2521,2472,2496,2479,2510,1959,1925,1811,1886,1891,1939,1891,1869,1772,1853,996,956,904,822,859,1249,1155,1179,1238,1161,755,761,718,689,746,577,597,599,572,589,381,419,418,414,384
2007,1708,1750,1535,1502,1542,1269,1318,1231,1210,1227,1154,1140,931,861,843,849,972,2229,2295,2693,2548,2738,2826,2967,3468,3478,3900,3850,3917,3530,3514,3281,3291,3037,2715,2788,2765,2718,2627,2665,2611,2648,2570,2540,2514,2350,2419,2321,2389,2421,2639,2471,2460,2445,1893,1944,1817,1910,1886,1892,1892,1926,1794,1867,995,953,904,865,835,1249,1268,1221,1221,1218,807,738,757,782,771,638,628,621,626,545,460,421,447,472,362
1944,1661,1732,1604,1546,1435,1246,1295,1273,1283,1217,1184,1189,1145,985,905,897,973,2205,2227,2669,2701,2674,2797,2959,3269,3510,3496,3917,3966,3899,3515,3633,3325,3320,2731,2665,2773,2729,2579,2502,2697,2607,2581,2604,2556,2511,2497,2441,2471,2480,2492,2510,2559,2527,1927,1997,1865,1968,1874,1844,1889,1783,1873,1820,988,966,995,852,903,1206,1213,1198,1186,1178,738,730,704,729,664,609,651,574,590,555,460,433,421,397,425
1874,1621,1698,1536,1482,1366,1229,1231,1195,1168,1170,1162,1140,1143,1119,973,915,956,2100,2095,2579,2682,2689,2620,2802,3202,3165,3459,3530,3899,3872,3966,3367,3334,3263,2830,2744,2656,2707,2795,2534,2675,2518,2605,2583,2441,2319,2363,2384,2490,2506,2531,2523,2447,2417,1831,1844,1866,1867,1841,1866,1805,1897,1780,1816,1011,948,888,908,882,1309,1208,1229,1224,1167,775,750,742,712,701,600,576,616,632,585,410,456,405,404,400
1793,1653,1604,1451,1413,1240,1227,1235,1149,1225,1186,1116,1111,1106,1132,1172,896,933,2118,2256,2471,2565,2653,2696,2793,2947,3119,3163,3514,3515,3966,3844,3821,3458,3498,2805,2832,2753,2663,2748,2701,2542,2602,2590,2597,2435,2343,2388,2448,2412,2600,2528,2446,2504,2529,1889,1915,1944,1850,1899,1935,1804,1902,1782,1820,965,931,942,872,924,1218,1211,1262,1163,1103,767,770,718,734,727,590,615,647,591,559,439,411,420,440,377
1729,1609,1553,1461,1399,1290,1223,1185,1189,1153,1223,1151,1170,1168,1174,1069,1082,1024,2164,2025,2495,2651,2568,2750,2858,3117,2892,3251,3281,3633,3367,3821,4022,3835,3464,3090,2830,2906,2638,2686,2646,2696,2578,2604,2592,2450,2402,2424,2351,2366,2492,2565,2530,2473,2504,1875,1960,1863,1838,1821,1760,1831,1831,1861,1796,984,890,887,909,898,1179,1189,1234,1248,1246,764,753,712,685,757,638,620,671,564,590,432,470,432,431,386
1803,1587,1566,1537,1403,1370,1189,1185,1201,1149,1177,1167,1169,1136,1132,1044,1091,1135,2098,2060,2493,2479,2705,2735,2740,3030,2999,3004,3291,3325,3334,3458,3835,3906,3817,3090,3181,2958,2986,2751,2671,2769,2762,2660,2560,2454,2424,2471,2441,2490,2540,2528,2617,2536,2446,1968,1983,1905,1840,1931,1831,1882,1923,1882,1827,978,987,956,918,876,1257,1267,1214,1244,1197,735,836,757,732,739,609,601,615,632,548,418,448,400,417,395
1710,1558,1584,1419,1325,1291,1203,1208,1180,1295,1174,1243,1102,1148,1206,1126,1117,1137,2254,2141,2445,2525,2643,2701,2696,3047,3024,3096,3037,3320,3263,3498,3464,3817,3826,3501,3045,3126,2827,2924,2702,2687,2678,2678,2599,2374,2477,2403,2459,2358,2485,2447,2452,2503,2578,1875,1797,1920,1910,1837,1965,1911,1866,1797,1843,966,911,975,916,830,1237,1204,1313,1208,1190,787,749,716,736,692,613,625,620,630,631,425,458,410,396,402
1668,1513,1544,1334,1348,1228,1151,1181,1108,1204,1146,1099,1152,1147,1105,1021,1066,1108,2105,2144,2550,2554,2607,2665,2677,2444,2701,2732,2715,2731,2830,2805,3090,3090,3501,3300,3298,2928,3056,2794,2591,2359,2303,2420,2387,2165,2166,2151,2122,2136,2297,2257,2297,2427,2331,1890,1751,1773,1767,1734,1752,1745,1691,1693,1691,948,891,859,857,842,1108,1090,1084,1060,1051,717,700,727,725,624,600,540,539,551,541,407,379,413,401,393
1649,1472,1464,1403,1285,1289,1072,1107,1103,1067,1086,1108,1189,1143,1128,1001,1055,1103,2176,2115,2491,2670,2604,2755,2815,2653,2600,2669,2788,2665,2744,2832,2830,3181,3045,3298,3364,3367,2907,2892,2556,2514,2354,2332,2420,2264,2100,2200,2069,2111,2267,2376,2296,2356,2354,1855,1866,1845,1819,1784,1757,1706,1713,1709,1783,962,870,910,844,850,1126,1103,1134,1144,1070,730,704,672,682,652,563,516,593,530,558,408,420,401,390,384
1633,1512,1541,1373,1281,1271,1119,1117,1169,1139,1192,1090,1172,1139,1123,1097,1075,1130,2108,2113,2494,2611,2635,2663,2738,2588,2574,2670,2765,2773,2656,2753,2906,2958,3126,2928,3367,3398,3207,3080,2704,2520,2527,2376,2400,2282,2251,2122,2087,2124,2317,2474,2242,2283,2329,1786,1741,1775,1779,1782,1823,1799,1724,1714,1677,965,926,930,835,862,1178,1117,1122,1077,1085,749,733,687,748,637,596,596,550,548,587,382,402,424,407,377
1609,1599,1553,1436,1329,1202,1134,1113,1233,1206,1172,1175,1103,1131,1153,1036,1072,1115,2171,2138,2535,2489,2604,2595,2816,2619,2637,2576,2718,2729,2707,2663,2638,2986,2827,3056,2907,3207,3304,3301,2864,2794,2593,2574,2352,2191,2213,2248,2105,2144,2360,2354,2387,2292,2314,1810,1792,1754,1797,1681,1755,1754,1681,1669,1708,902,859,879,820,820,1142,1086,1131,1130,1095,726,727,681,645,647,520,500,605,555,523,392,397,404,389,374
1594,1442,1540,1351,1325,1284,1177,1093,1115,1128,1130,1062,1082,1121,1157,1019,1089,1087,2144,2050,2576,2614,2616,2685,2689,2631,2619,2577,2627,2579,2795,2748,2686,2751,2924,2794,2892,3080,3301,3382,3221,2740,2790,2563,2563,2269,2203,2311,2263,2174,2390,2356,2451,2358,2287,1819,1855,1740,1785,1741,1726,1765,1751,1654,1735,884,906,810,878,827,1162,1169,1125,1116,1040,727,721,659,622,656,613,548,554,588,599,426,406,412,400,360
1523,1466,1420,1290,1278,1127,1008,1022,1066,1104,1020,1073,1115,1041,1085,1004,988,1103,1777,1737,2194,2294,2250,2279,2336,2517,2543,2525,2665,2502,2534,2701,2646,2671,2702,2591,2556,2704,2864,3221,3072,3025,2662,2592,2521,2303,2135,2084,2080,2084,2125,2209,2272,2225,2208,1702,1797,1653,1673,1697,1676,1622,1604,1576,1451,890,840,850,779,812,1119,1100,1050,1046,1047,724,635,684,650,655,581,566,553,553,572,402,386,383,368,389
1525,1384,1437,1206,1190,1168,1076,1147,1101,1141,1098,1108,1063,1105,1066,946,1015,1064,1795,1841,2201,2171,2291,2204,2361,2563,2526,2602,2611,2697,2675,2542,2696,2769,2687,2359,2514,2520,2794,2740,3025,2922,3002,2700,2635,2353,2245,2122,2085,2132,2323,2245,2209,2257,2263,1734,1668,1657,1617,1610,1636,1685,1639,1584,1557,888,891,811,799,807,1061,1007,1090,1035,1026,625,687,706,646,664,595,522,536,541,526,398,416,352,381,419
1522,1430,1376,1311,1215,1161,1058,1084,1036,1100,1035,1104,1081,1060,1017,1020,1026,1096,1839,1746,2104,2235,2275,2288,2345,2500,2619,2610,2648,2607,2518,2602,2578,2762,2678,2303,2354,2527,2593,2790,2662,3002,3122,3089,2596,2516,2299,2314,2148,2102,2317,2346,2273,2191,2253,1702,1727,1696,1631,1618,1690,1639,1673,1577,1602,879,904,855,836,882,1072,1089,1031,1043,1083,702,676,626,638,687,540,521,545,525,522,386,406,374,349,360
1531,1430,1460,1245,1299,1127,1092,1054,1029,1057,1143,1082,1058,1028,1095,1008,1005,1089,1830,1857,2263,2232,2193,2319,2254,2551,2499,2554,2570,2581,2605,2590,2604,2660,2678,2420,2332,2376,2574,2563,2592,2700,3089,2940,3100,2519,2571,2317,2330,2052,2392,2302,2313,2294,2338,1655,1733,1691,1616,1641,1659,1635,1625,1611,1590,871,892,842,807,777,1050,1090,1120,1069,1041,756,692,672,649,658,538,552,502,534,542,390,388,401,407,354
1571,1397,1383,1278,1284,1167,1127,1052,1064,1056,1075,1078,1071,1085,1103,992,1051,1133,1831,1869,2163,2157,2234,2206,2333,2511,2483,2568,2540,2604,2583,2597,2592,2560,2599,2387,2420,2400,2352,2563,2521,2635,2596,3100,3084,2817,2474,2500,2254,2210,2293,2297,2322,2294,2201,1822,1670,1635,1756,1645,1598,1678,1610,1690,1625,851,885,846,791,783,1085,1087,1030,1126,1048,670,671,651,671,552,601,557,554,533,527,375,364,388,378,355
1469,1313,1303,1215,1160,1110,1022,984,1011,996,1002,1013,994,1037,993,897,989,1037,1632,1685,2004,2095,2010,2057,2262,2380,2349,2341,2514,2556,2441,2435,2450,2454,2374,2165,2264,2282,2191,2269,2303,2353,2516,2519,2817,2728,2754,2426,2478,2311,2450,2171,2147,2228,2186,1678,1596,1602,1543,1563,1661,1639,1605,1598,1607,903,865,886,819,836,1082,1081,1093,1119,1068,662,711,673,656,667,534,581,586,520,555,393,361,351,378,367
1441,1335,1341,1230,1153,1163,958,983,977,954,966,1026,983,1065,989,958,950,1020,1708,1706,2021,2041,2091,2086,2225,2373,2335,2405,2350,2511,2319,2343,2402,2424,2477,2166,2100,2251,2213,2203,2135,2245,2299,2571,2474,2754,2812,2861,2481,2410,2385,2397,2158,2298,2255,1742,1562,1553,1619,1614,1623,1571,1604,1582,1578,863,837,826,804,750,1123,1079,1154,1096,1050,686,702,669,644,624,530,511,566,536,544,396,352,401,413,408
1514,1350,1296,1192,1185,1102,1000,1081,987,1035,1004,936,1000,968,961,906,981,1045,1698,1648,2015,2059,2124,2085,2228,2343,2510,2404,2419,2497,2363,2388,2424,2471,2403,2151,2200,2122,2248,2311,2084,2122,2314,2317,2500,2426,2861,2782,2709,2490,2584,2400,2459,2233,2121,1700,1728,1612,1557,1610,1721,1674,1696,1662,1637,899,930,809,789,806,1085,1079,1045,1122,1076,602,695,671,631,610,549,583,529,501,523,373,396,405,380,373
1408,1342,1290,1207,1190,1031,961,1023,1007,966,1013,1029,936,993,1014,884,943,998,1708,1642,1933,2072,2151,2130,2172,2302,2330,2354,2321,2441,2384,2448,2351,2441,2459,2122,2069,2087,2105,2263,2080,2085,2148,2330,2254,2478,2481,2709,2750,2840,2522,2514,2355,2334,2159,1717,1773,1627,1577,1582,1719,1658,1591,1622,1561,927,908,850,774,798,1068,1074,1071,1016,1026,652,733,670,632,681,581,579,567,531,539,371,372,398,366,335
1416,1321,1269,1195,1148,1043,1015,1001,1015,972,1045,1021,976,1078,1035,879,997,1049,1661,1723,2076,2072,2036,2155,2193,2448,2351,2380,2389,2471,2490,2412,2366,2490,2358,2136,2111,2124,2144,2174,2084,2132,2102,2052,2210,2311,2410,2490,2840,2828,2875,2523,2631,2339,2368,1723,1682,1744,1723,1613,1767,1648,1646,1614,1505,870,890,898,856,875,1036,1075,1084,1077,1036,717,638,632,659,619,538,550,517,485,523,401,369,372,357,360
1437,1293,1391,1313,1225,1060,1025,973,1062,1089,1010,996,1020,1055,1014,953,1047,1111,1726,1717,2065,2229,2150,2360,2335,2520,2403,2521,2421,2480,2506,2600,2492,2540,2485,2297,2267,2317,2360,2390,2125,2323,2317,2392,2293,2450,2385,2584,2522,2875,3080,3251,2825,2822,2502,2087,1834,1829,1843,1814,1861,1771,1795,1737,1735,931,903,913,864,845,1165,1154,1187,1200,1146,697,705,653,686,708,627,587,572,557,571,429,440,425,376,404
1374,1307,1297,1245,1249,1018,1019,972,1062,1058,960,971,1051,1062,1086,1010,987,1172,1712,1788,2123,2193,2152,2196,2307,2426,2520,2472,2639,2492,2531,2528,2565,2528,2447,2257,2376,2474,2354,2356,2209,2245,2346,2302,2297,2171,2397,2400,2514,2523,3251,3110,3269,2814,2780,2063,1990,1763,1781,1810,1951,1758,1780,1769,1788,1027,962,967,864,966,1271,1189,1207,1121,1189,674,743,696,723,702,570,554,582,568,592,400,426,411,440,380
1384,1315,1328,1237,1239,1058,1019,958,994,989,994,951,975,1040,1094,947,1068,1159,1705,1719,2131,2189,2295,2258,2323,2431,2520,2496,2471,2510,2523,2446,2530,2617,2452,2297,2296,2242,2387,2451,2272,2209,2273,2313,2322,2147,2158,2459,2355,2631,2825,3269,3088,3102,2741,2187,1985,1951,1816,1808,1832,1928,1861,1707,1734,1023,951,904,918,864,1165,1194,1086,1088,1096,740,753,712,684,667,603,541,569,522,591,393,405,414,436,379
1375,1273,1303,1218,1214,1012,1006,987,980,1086,1036,965,1036,1106,1084,1004,1079,1204,1703,1707,2125,2194,2302,2226,2254,2439,2482,2479,2460,2559,2447,2504,2473,2536,2503,2427,2356,2283,2292,2358,2225,2257,2191,2294,2294,2228,2298,2233,2334,2339,2822,2814,3102,3300,3148,2230,2310,1977,1977,1817,1886,1933,1835,1759,1791,991,951,932,878,846,1191,1220,1201,1160,1069,740,723,713,724,760,617,556,583,554,595,398,438,415,393,403
1370,1277,1304,1258,1183,1032,1006,970,992,1059,989,1037,1064,1089,1072,980,1137,1215,1704,1759,2119,2257,2160,2095,2312,2437,2499,2510,2445,2527,2417,2529,2504,2446,2578,2331,2354,2329,2314,2287,2208,2263,2253,2338,2201,2186,2255,2121,2159,2368,2502,2780,2741,3148,3030,2533,2149,2238,1937,1942,1874,1815,1932,1907,1718,978,993,929,855,861,1151,1151,1226,1198,1062,718,699,686,651,643,581,608,581,525,553,376,428,402,397,436
1065,996,1041,951,945,793,734,718,807,826,830,782,829,847,875,794,862,997,1287,1328,1663,1558,1665,1633,1700,1902,1836,1959,1893,1927,1831,1889,1875,1968,1875,1890,1855,1786,1810,1819,1702,1734,1702,1655,1822,1678,1742,1700,1717,1723,2087,2063,2187,2230,2533,2068,2064,1878,1728,1582,1635,1506,1415,1466,1493,813,801,807,730,730,962,898,941,899,929,664,630,563,577,546,511,476,465,436,472,321,329,357,312,322
1012,952,1007,975,975,807,769,777,788,778,803,744,830,824,916,793,854,967,1270,1224,1577,1592,1610,1703,1745,1931,1878,1925,1944,1997,1844,1915,1960,1983,1797,1751,1866,1741,1792,1855,1797,1668,1727,1733,1670,1596,1562,1728,1773,1682,1834,1990,1985,2310,2149,2064,2118,2066,1761,1756,1632,1644,1485,1450,1356,849,733,770,796,752,967,958,933,918,936,626,625,575,576,555,496,494,450,472,488,326,337,301,331,320
1088,941,1001,913,896,750,704,747,748,780,762,788,849,847,835,848,890,982,1291,1258,1538,1594,1609,1601,1659,1881,1897,1811,1817,1865,1866,1944,1863,1905,1920,1773,1845,1775,1754,1740,1653,1657,1696,1691,1635,1602,1553,1612,1627,1744,1829,1763,1951,1977,2238,1878,2066,2048,2106,1756,1790,1573,1650,1496,1420,849,883,766,728,779,985,957,972,937,932,577,626,593,529,562,468,460,509,456,471,325,328,299,325,314
1063,900,959,852,894,729,726,672,728,694,691,730,800,842,829,832,847,956,1324,1305,1524,1639,1593,1583,1711,1856,1865,1886,1910,1968,1867,1850,1838,1840,1910,1767,1819,1779,1797,1785,1673,1617,1631,1616,1756,1543,1619,1557,1577,1723,1843,1781,1816,1977,1937,1728,1761,2106,1966,1989,1775,1794,1640,1551,1391,855,875,777,675,744,943,993,964,900,920,597,597,565,590,541,496,472,461,453,423,301,316,326,357,302
966,906,856,896,824,744,650,695,724,732,750,763,747,800,786,870,876,991,1241,1238,1561,1532,1541,1640,1654,1761,1795,1891,1886,1874,1841,1899,1821,1931,1837,1734,1784,1782,1681,1741,1697,1610,1618,1641,1645,1563,1614,1610,1582,1613,1814,1810,1808,1817,1942,1582,1756,1756,1989,2146,2035,1804,1757,1575,1568,854,790,838,820,711,933,941,951,952,908,606,590,588,593,591,462,463,467,458,462,349,299,358,305,331
950,917,941,901,813,716,683,703,715,717,789,770,750,820,942,927,968,1119,1277,1326,1581,1557,1662,1652,1645,1837,1795,1939,1892,1844,1866,1935,1760,1831,1965,1752,1757,1823,1755,1726,1676,1636,1690,1659,1598,1661,1623,1721,1719,1767,1861,1951,1832,1886,1874,1635,1632,1790,1775,2035,2042,2068,1849,1795,1582,975,824,850,775,851,950,948,1026,969,939,587,615,607,594,575,516,456,441,456,490,350,346,312,316,329
987,887,883,843,863,682,688,645,654,716,755,810,755,788,865,890,932,1092,1289,1375,1549,1631,1619,1637,1638,1873,1832,1891,1892,1889,1805,1804,1831,1882,1911,1745,1706,1799,1754,1765,1622,1685,1639,1635,1678,1639,1571,1674,1658,1648,1771,1758,1928,1933,1815,1506,1644,1573,1794,1804,2068,2112,2099,1751,1785,1025,1023,863,809,850,999,926,978,924,996,653,553,592,576,589,464,457,435,399,432,308,339,323,338,351
1008,824,850,840,838,707,654,705,708,691,707,728,775,824,857,911,956,1092,1243,1355,1565,1530,1596,1692,1648,1846,1815,1869,1926,1783,1897,1902,1831,1923,1866,1691,1713,1724,1681,1751,1604,1639,1673,1625,1610,1605,1604,1696,1591,1646,1795,1780,1861,1835,1932,1415,1485,1650,1640,1757,1849,2099,2024,2114,1837,1132,974,1010,847,770,1058,993,959,992,983,592,613,579,581,568,482,479,486,469,436,358,316,312,317,344
920,841,898,843,823,673,669,682,697,693,735,739,746,767,889,888,995,1052,1166,1288,1537,1536,1553,1649,1694,1817,1811,1772,1794,1873,1780,1782,1861,1882,1797,1693,1709,1714,1669,1654,1576,1584,1577,1611,1690,1598,1582,1662,1622,1614,1737,1769,1707,1759,1907,1466,1450,1496,1551,1575,1795,1751,2114,2060,2088,1151,1080,967,928,822,1047,1009,1053,962,968,573,636,588,563,571,485,471,507,472,430,291,320,309,272,327
915,834,874,833,802,671,629,664,658,664,697,682,737,798,874,872,957,1048,1252,1280,1580,1532,1555,1619,1579,1815,1768,1853,1867,1820,1816,1820,1796,1827,1843,1691,1783,1677,1708,1735,1451,1557,1602,1590,1625,1607,1578,1637,1561,1505,1735,1788,1734,1791,1718,1493,1356,1420,1391,1568,1582,1785,1837,2088,2076,1253,1120,1135,883,880,999,1030,981,1027,929,608,603,602,580,530,464,500,486,479,458,293,304,298,314,278
484,446,432,426,442,350,322,338,320,354,384,358,377,421,445,476,527,639,687,666,832,834,877,804,908,955,1032,996,995,988,1011,965,984,978,966,948,962,965,902,884,890,888,879,871,851,903,863,899,927,870,931,1027,1023,991,978,813,849,849,855,854,975,1025,1132,1151,1253,874,775,618,618,515,652,592,603,611,616,339,370,344,324,333,285,277,271,230,247,210,194,169,197,189
472,435,437,374,392,327,304,341,303,354,345,357,338,380,423,486,557,588,666,678,813,802,843,873,801,941,959,956,953,966,948,931,890,987,911,891,870,926,859,906,840,891,904,892,885,865,837,930,908,890,903,962,951,951,993,801,733,883,875,790,824,1023,974,1080,1120,775,760,697,627,632,622,678,644,598,601,429,387,321,336,354,293,282,299,257,271,194,205,202,210,200
401,382,414,396,417,343,314,304,335,334,349,334,388,412,412,446,487,606,624,676,743,811,843,766,834,912,872,904,904,995,888,942,887,956,975,859,910,930,879,810,850,811,855,842,846,886,826,809,850,898,913,967,904,932,929,807,770,766,777,838,850,863,1010,967,1135,618,697,776,742,579,813,711,636,588,599,373,396,352,333,345,289,275,271,287,276,212,194,188,174,192
397,369,370,392,357,297,303,283,292,271,329,337,412,403,397,440,501,566,562,612,731,782,817,803,794,911,871,822,865,852,908,872,909,918,916,857,844,835,820,878,779,799,836,807,791,819,804,789,774,856,864,864,918,878,855,730,796,728,675,820,775,809,847,928,883,618,627,742,648,737,748,699,641,636,562,375,368,386,372,329,294,296,280,255,251,181,212,181,209,200
397,387,388,352,370,328,263,297,294,279,353,343,375,394,387,444,559,552,614,609,760,786,707,786,804,935,839,859,835,903,882,924,898,876,830,842,850,862,820,827,812,807,882,777,783,836,750,806,798,875,845,966,864,846,861,730,752,779,744,711,851,850,770,822,880,515,632,579,737,676,929,765,699,681,658,361,366,362,341,337,280,299,288,274,267,205,155,210,183,164
541,490,488,502,474,382,357,373,411,385,446,437,407,458,499,598,615,736,864,847,999,1065,1078,1069,1095,1186,1188,1249,1249,1206,1309,1218,1179,1257,1237,1108,1126,1178,1142,1162,1119,1061,1072,1050,1085,1082,1123,1085,1068,1036,1165,1271,1165,1191,1151,962,967,985,943,933,950,999,1058,1047,999,652,622,813,748,929,1124,1180,975,1041,881,594,516,496,479,506,417,379,354,378,358,257,262,250,259,236
510,467,482,470,434,404,391,389,406,404,470,483,449,522,482,609,635,750,833,869,1072,1075,1089,1130,1082,1126,1161,1155,1268,1213,1208,1211,1189,1267,1204,1090,1103,1117,1086,1169,1100,1007,1089,1090,1087,1081,1079,1079,1074,1075,1154,1189,1194,1220,1151,898,958,957,993,941,948,926,993,1009,1030,592,678,711,699,765,1180,1192,1221,982,965,623,620,510,500,499,447,371,389,339,356,301,259,263,245,267
512,481,475,480,461,407,351,399,363,364,400,440,460,527,528,619,701,664,824,857,1037,1061,1069,1097,1195,1199,1210,1179,1221,1198,1229,1262,1234,1214,1313,1084,1134,1122,1131,1125,1050,1090,1031,1120,1030,1093,1154,1045,1071,1084,1187,1207,1086,1201,1226,941,933,972,964,951,1026,978,959,1053,981,603,644,636,641,699,975,1221,1136,1202,979,710,621,563,512,496,451,469,386,401,367,287,280,258,287,279
503,429,473,447,431,380,346,338,391,381,444,451,436,499,471,632,661,759,826,814,1035,1025,1034,1106,1141,1215,1140,1238,1221,1186,1224,1163,1248,1244,1208,1060,1144,1077,1130,1116,1046,1035,1043,1069,1126,1119,1096,1122,1016,1077,1200,1121,1088,1160,1198,899,918,937,900,952,969,924,992,962,1027,611,598,588,636,681,1041,982,1202,1150,1216,666,703,571,544,487,429,432,424,349,343,277,257,284,237,213
507,421,459,445,421,372,352,340,343,346,438,456,465,476,480,583,704,700,829,816,1017,1048,1027,1043,1174,1111,1195,1161,1218,1178,1167,1103,1246,1197,1190,1051,1070,1085,1095,1040,1047,1026,1083,1041,1048,1068,1050,1076,1026,1036,1146,1189,1096,1069,1062,929,936,932,920,908,939,996,983,968,929,616,601,599,562,658,881,965,979,1216,1158,782,733,692,547,564,381,409,417,386,384,274,290,255,280,270
349,330,331,296,285,267,230,241,277,286,285,303,304,332,342,449,424,534,513,526,650,710,653,646,719,746,794,755,807,738,775,767,764,735,787,717,730,749,726,727,724,625,702,756,670,662,686,602,652,717,697,674,740,740,718,664,626,577,597,606,587,653,592,573,608,339,429,373,375,361,594,623,710,666,782,576,574,478,472,394,319,254,259,270,287,189,170,161,175,178
308,292,337,302,308,253,218,246,292,261,298,294,287,304,305,402,472,534,513,536,657,643,617,661,666,767,717,761,738,730,750,770,753,836,749,700,704,733,727,721,635,687,676,692,671,711,702,695,733,638,705,743,753,723,699,630,625,626,597,590,615,553,613,636,603,370,387,396,368,366,516,620,621,703,733,574,556,621,410,437,317,361,274,294,300,224,181,176,170,189
311,295,279,259,231,254,236,228,254,266,291,269,287,299,329,412,480,445,522,520,643,651,623,613,673,719,756,718,757,704,742,718,712,757,716,727,672,687,681,659,684,706,626,672,651,673,669,671,670,632,653,696,712,713,686,563,575,593,565,588,607,592,579,588,602,344,321,352,386,362,496,510,563,571,692,478,621,518,535,431,372,336,305,273,261,177,217,176,168,185
323,259,266,268,279,221,217,206,223,209,300,282,327,279,355,433,439,507,522,517,607,581,651,621,737,674,761,689,782,729,712,734,685,732,736,725,682,748,645,622,650,646,638,649,671,656,644,631,632,659,686,723,684,724,651,577,576,529,590,593,594,576,581,563,580,324,336,333,372,341,479,500,512,544,547,472,410,535,528,519,395,379,325,322,251,208,185,188,175,146
319,279,266,267,299,235,230,206,233,201,250,268,263,310,312,423,458,476,471,518,581,612,610,636,618,715,705,746,771,664,701,727,757,739,692,624,652,637,647,656,655,664,687,658,552,667,624,610,681,619,708,702,667,760,643,546,555,562,541,591,575,589,568,571,530,333,354,345,329,337,506,499,496,487,564,394,437,431,519,560,529,395,398,344,309,200,191,220,192,171
261,222,250,230,244,169,179,166,179,203,233,245,238,225,264,348,377,444,451,446,527,519,567,512,536,637,576,577,638,609,600,590,638,609,613,600,563,596,520,613,581,595,540,538,601,534,530,549,581,538,627,570,603,617,581,511,496,468,496,462,516,464,482,485,464,285,293,289,294,280,417,447,451,429,381,319,317,372,395,529,442,437,307,347,298,229,146,171,172,166
279,244,213,218,207,197,173,203,205,195,198,216,257,245,260,340,369,437,438,433,470,516,530,547,512,579,601,597,628,651,576,615,620,601,625,540,516,596,500,548,566,522,521,552,557,581,511,583,579,550,587,554,541,556,608,476,494,460,472,463,456,457,479,471,500,277,282,275,296,299,379,371,469,432,409,254,361,336,379,395,437,446,434,330,321,214,209,175,177,170
238,230,245,236,216,191,183,180,175,192,190,220,221,245,270,349,371,420,426,423,505,549,538,552,530,590,584,599,621,574,616,647,671,615,620,539,593,550,605,554,553,536,545,502,554,586,566,529,567,517,572,582,569,583,581,465,450,509,461,467,441,435,486,507,486,271,299,271,280,288,354,389,386,424,417,259,274,305,325,398,307,434,428,488,345,275,221,233,169,175
267,209,214,225,190,225,186,169,164,171,187,216,226,251,274,371,375,425,414,408,509,529,511,545,533,576,529,572,626,590,632,591,564,632,630,551,530,548,555,588,553,541,525,534,533,520,536,501,531,485,557,568,522,554,525,436,472,456,453,458,456,399,469,472,479,230,257,287,255,274,378,339,401,349,386,270,294,273,322,344,347,330,488,444,509,298,298,232,225,162
251,214,232,216,209,206,171,177,171,183,201,217,233,238,248,368,377,425,445,451,540,560,554,558,558,630,598,589,545,555,585,559,590,548,631,541,558,587,523,599,572,526,522,542,527,555,544,523,539,523,571,592,591,595,553,472,488,471,423,462,490,432,436,430,458,247,271,276,251,267,358,356,367,343,384,287,300,261,251,309,298,321,345,509,486,357,298,314,240,245
165,170,169,168,168,143,135,136,131,143,155,163,142,159,195,288,287,296,280,315,377,360,342,382,400,420,451,381,460,460,410,439,432,418,425,407,408,382,392,426,402,398,386,390,375,393,396,373,371,401,429,400,393,398,376,321,326,325,301,349,350,308,358,291,293,210,194,212,181,205,257,301,287,277,274,189,224,177,208,200,229,214,275,298,357,248,289,187,242,185
163,161,171,162,166,125,106,137,139,145,157,158,182,176,206,269,298,314,278,291,376,359,351,355,406,424,418,419,421,433,456,411,470,448,458,379,420,402,397,406,386,416,406,388,364,361,352,396,372,369,440,426,405,438,428,329,337,328,316,299,346,339,316,320,304,194,205,194,212,155,262,259,280,257,290,170,181,217,185,191,146,209,221,298,298,289,316,316,254,247
185,177,161,163,142,151,129,113,128,137,133,149,164,174,197,254,319,338,299,300,354,384,379,344,386,442,400,418,447,421,405,420,432,400,410,413,401,424,404,412,383,352,374,401,388,351,401,405,398,372,425,411,414,415,402,357,301,299,326,358,312,323,312,309,298,169,202,188,181,210,250,263,258,284,255,161,176,176,188,220,171,175,233,232,314,187,316,430,381,286
163,160,189,160,146,151,140,124,134,122,140,178,154,183,188,259,265,314,294,302,385,377,403,385,384,426,425,414,472,397,404,440,431,417,396,401,390,407,389,400,368,381,349,407,378,378,413,380,366,357,376,440,436,393,397,312,331,325,357,305,316,338,317,272,314,197,210,174,209,183,259,245,287,237,280,175,170,168,175,192,172,177,169,225,240,242,254,381,388,461
170,141,157,173,153,135,111,118,122,114,127,159,156,153,184,259,278,288,312,279,305,336,377,365,355,401,436,384,362,425,400,377,386,395,402,393,384,377,374,360,389,419,360,354,355,367,408,373,335,360,404,380,379,403,436,322,320,314,302,331,329,351,344,327,278,189,200,192,200,164,236,267,279,213,270,178,189,185,146,171,166,170,175,162,245,185,247,286,461,492
