2144,1919,1867,1719,1647,1527,1380,1328,1303,1291,1268,1317,1754,1746,1636,1543,1606,1767,1196,1187,1456,1489,1561,1486,1576,1664,1596,1557,1603,1696,1515,1443,1489,1454,1406,1324,1384,1340,1249,1312,1257,1181,1217,1184,1203,1191,1154,1133,1120,1119,1165,1182,1134,1163,1151,958,910,901,884,889,899,852,879,855,748,441,420,387,382,419,489,459,452,424,461,325,341,324,280,287,231,284,223,239,237,190,191,191,156,175
1919,1748,1684,1493,1469,1321,1244,1208,1177,1140,1124,1160,1586,1715,1369,1392,1551,1552,1083,1135,1291,1368,1395,1368,1442,1381,1357,1408,1421,1407,1297,1323,1268,1291,1300,1212,1157,1233,1188,1183,1113,1154,1102,1079,1091,1027,1082,1026,996,1008,1123,1065,1110,1043,1022,849,796,833,813,791,863,806,772,769,762,442,409,396,368,355,434,426,456,445,450,354,299,292,283,251,239,231,215,212,223,158,158,146,147,155
1867,1684,1688,1543,1495,1389,1184,1205,1178,1181,1259,1178,1667,1632,1527,1373,1496,1593,1040,1055,1264,1279,1312,1346,1303,1419,1363,1375,1433,1368,1354,1259,1249,1230,1361,1175,1136,1236,1202,1167,1101,1087,1099,1075,1073,1070,1040,1104,1018,1040,1170,1084,1106,1068,1074,904,850,845,843,786,848,797,804,803,758,421,434,402,403,333,477,448,462,411,462,310,285,297,253,289,234,243,223,205,206,174,171,163,192,160
1719,1493,1543,1438,1422,1233,1163,1087,1146,1075,1190,1038,1456,1583,1320,1371,1344,1489,872,997,1155,1120,1163,1226,1294,1321,1284,1290,1236,1281,1185,1202,1227,1160,1212,1137,1088,1082,1030,1108,1077,1050,1058,1060,1052,919,962,947,952,978,1035,1052,989,949,943,823,782,735,819,735,753,706,784,744,699,390,409,365,318,371,416,469,408,429,459,255,291,292,256,254,222,203,197,221,177,163,145,137,138,129
1647,1469,1495,1422,1280,1201,1084,1045,1026,983,1024,1024,1520,1489,1286,1264,1337,1415,768,868,980,1068,1078,1076,1160,1181,1229,1198,1211,1178,1187,1179,1204,1164,1118,1033,1065,1059,1110,1058,1078,994,991,959,1015,895,968,861,865,945,994,964,932,1060,958,796,767,754,728,697,782,764,760,725,662,378,350,379,327,308,430,442,439,404,407,273,285,268,244,244,216,230,209,208,205,138,145,129,138,146
1527,1321,1389,1233,1201,1098,902,939,1052,919,897,996,1336,1444,1178,1139,1179,1301,715,706,856,944,1044,1007,1110,1121,1162,1123,1207,1126,1059,1081,1126,1055,1060,982,943,1002,973,987,913,945,950,881,918,889,837,857,852,852,876,895,866,909,833,667,669,613,689,656,692,660,593,613,637,342,315,308,306,286,347,377,381,357,324,255,210,220,229,215,184,176,185,203,183,152,124,128,121,125
1380,1244,1184,1163,1084,902,900,875,835,899,892,907,1256,1245,1131,1056,1060,1192,628,617,787,798,865,865,969,998,1001,1073,1038,982,959,1005,980,1016,1003,958,925,837,928,920,833,843,874,810,814,797,823,725,749,806,843,867,808,824,806,663,573,600,594,577,618,605,613,652,578,288,305,255,277,271,342,316,344,325,349,228,200,200,198,168,195,167,174,164,167,134,110,116,111,117
1328,1208,1205,1087,1045,939,875,824,844,830,872,832,1335,1248,1079,1062,1123,1187,608,582,734,695,801,849,881,923,925,1002,1041,1002,961,996,990,1026,956,898,888,864,918,918,901,852,820,853,780,748,778,749,768,791,840,832,801,791,821,600,620,587,633,557,592,572,536,590,610,306,325,299,256,273,362,333,322,347,302,247,186,204,206,211,192,169,191,140,175,125,128,109,118,127
1303,1177,1178,1146,1026,1052,835,844,832,864,849,840,1273,1343,1062,1091,1135,1149,546,604,721,790,793,823,856,894,973,988,1021,1017,1003,962,982,935,939,886,844,902,928,867,824,857,842,838,827,749,745,793,776,741,788,855,811,838,846,676,609,604,627,585,612,607,612,632,586,343,325,281,275,291,327,347,341,350,310,228,193,225,217,213,194,205,152,157,139,131,114,135,119,106
1291,1140,1181,1075,983,919,899,830,864,746,853,840,1229,1249,1078,1045,1090,1231,563,565,712,688,786,748,820,904,912,949,960,990,977,958,949,1004,926,868,860,876,841,893,841,878,834,833,858,763,724,694,761,761,823,845,859,842,764,629,649,620,626,602,604,621,643,575,571,313,289,265,271,270,353,338,365,280,332,228,215,221,193,188,202,176,180,155,161,124,111,118,133,113
1268,1124,1259,1190,1024,897,892,872,849,853,860,852,1330,1268,1064,1150,1171,1310,650,638,666,717,755,742,812,906,1012,977,963,981,961,948,959,985,1035,900,842,914,888,942,822,868,832,836,823,733,744,790,724,716,800,845,778,792,807,664,627,593,635,614,654,678,668,646,634,316,349,297,300,287,384,362,372,362,374,256,260,228,236,241,228,213,173,186,177,153,129,111,126,132
1317,1160,1178,1038,1024,996,907,832,840,840,852,850,1230,1314,1172,1142,1153,1291,586,605,718,728,747,679,781,810,885,903,922,904,898,947,958,936,887,922,846,908,892,895,825,829,876,828,840,786,815,744,814,750,833,806,849,805,831,657,650,629,665,616,654,613,660,662,631,352,321,300,307,303,333,381,402,356,340,240,260,234,231,214,218,172,181,204,190,169,148,142,130,168
1754,1586,1667,1456,1520,1336,1256,1335,1273,1229,1330,1230,1570,1621,1502,1576,1571,1687,819,795,927,971,916,1002,947,993,1005,1077,1280,1270,1302,1352,1210,1284,1411,1155,1226,1277,1229,1268,1241,1209,1152,1208,1166,1074,1059,1049,1083,1047,1162,1106,1130,1119,1113,917,858,846,876,883,882,834,888,849,808,499,459,450,375,392,474,466,498,489,470,300,358,298,285,293,241,273,252,240,244,176,168,173,153,171
1746,1715,1632,1583,1489,1444,1245,1248,1343,1249,1268,1314,1621,1590,1665,1484,1663,1729,768,773,990,979,985,931,988,1085,1032,1084,1160,1269,1232,1210,1280,1371,1327,1259,1275,1297,1263,1327,1240,1138,1157,1201,1230,1083,1145,1065,1138,1098,1187,1199,1208,1205,1230,933,915,930,918,916,931,934,889,904,869,487,496,476,434,457,513,559,526,489,503,343,341,360,360,287,302,277,285,240,270,185,205,169,203,182
1636,1369,1527,1320,1286,1178,1131,1079,1062,1078,1064,1172,1502,1665,1266,1335,1303,1457,687,687,760,815,775,844,814,858,867,907,861,955,1081,1060,1139,1165,1182,1099,1123,1131,1120,1189,997,1058,1042,1031,1069,939,1002,1020,1007,986,1084,1142,1165,1141,1064,889,843,868,879,848,839,871,911,856,835,428,491,422,419,399,501,509,519,499,475,351,315,337,294,288,297,257,251,251,252,193,198,186,156,168
1543,1392,1373,1371,1264,1139,1056,1062,1091,1045,1150,1142,1576,1484,1335,1382,1439,1597,656,639,785,805,817,843,793,821,834,883,841,872,948,1185,1142,1063,1081,1062,1026,1039,1026,981,970,1025,1046,956,976,934,893,931,895,889,1042,1020,995,995,995,790,846,849,868,837,859,931,981,893,896,519,502,493,469,454,613,591,662,614,628,402,446,394,393,370,335,340,342,327,339,263,248,257,278,243
1606,1551,1496,1344,1337,1179,1060,1123,1135,1090,1171,1153,1571,1663,1303,1439,1512,1735,674,708,819,831,808,790,810,953,896,934,876,869,900,994,1111,1074,1091,1064,1027,1024,1088,1069,974,1009,1034,1066,983,975,1045,928,953,955,985,1024,1095,1116,1134,936,876,918,905,911,944,1005,975,997,967,533,546,510,473,489,640,678,646,660,637,464,461,459,399,467,375,388,370,337,373,303,301,295,277,255
1767,1552,1593,1489,1415,1301,1192,1187,1149,1231,1310,1291,1687,1729,1457,1597,1735,1918,726,737,889,936,888,893,922,966,1003,977,970,994,946,1006,1026,1127,1152,1117,1132,1086,1066,1155,1072,1108,1062,1099,1023,994,1023,1085,1053,994,1123,1170,1185,1245,1192,934,946,950,1006,1024,1110,1040,1081,1124,1068,624,596,545,534,563,720,765,749,707,716,540,488,547,468,477,436,406,430,440,461,334,322,317,325,297
1196,1083,1040,872,768,715,628,608,546,563,650,586,819,768,687,656,674,726,2820,2746,2805,2848,2676,2727,2484,2241,2234,2220,2152,2166,2073,2106,2159,2132,2140,2236,2166,2090,2047,2219,1710,1879,1847,1825,1842,1693,1740,1716,1648,1643,1821,1710,1825,1827,1734,1308,1209,1302,1273,1227,1308,1306,1222,1249,1234,676,627,696,602,588,823,888,883,871,848,574,506,506,513,484,446,433,420,398,441,294,335,289,285,300
1187,1135,1055,997,868,706,617,582,604,565,638,605,795,773,687,639,708,737,2746,2754,3119,2797,2706,2606,2618,2198,2147,2226,2183,2120,1978,2076,2185,2193,2038,2126,2111,2110,2122,2097,1768,1844,1792,1794,1835,1699,1709,1644,1738,1638,1873,1810,1680,1795,1792,1342,1284,1253,1310,1295,1304,1316,1285,1253,1287,712,680,621,629,613,858,880,891,849,902,518,534,549,535,492,394,458,430,408,368,301,294,297,299,271
1456,1291,1264,1155,980,856,787,734,721,712,666,718,927,990,760,785,819,889,2805,3119,3610,3460,3278,3346,3111,2794,2646,2650,2755,2668,2517,2482,2490,2521,2561,2584,2493,2586,2482,2602,2155,2183,2153,2193,2168,2047,2057,2042,1934,1959,2032,2154,2162,2156,2065,1614,1553,1540,1547,1590,1572,1568,1600,1533,1476,813,791,849,791,788,1036,1055,1038,1030,1064,694,623,674,597,583,492,475,495,538,523,382,372,377,346,353
1489,1368,1279,1120,1068,944,798,695,790,688,717,728,971,979,815,805,831,936,2848,2797,3460,3774,3684,3401,3520,2888,2848,2719,2653,2681,2641,2591,2661,2619,2668,2590,2669,2453,2580,2582,2212,2258,2277,2142,2217,2179,2032,1994,1983,2075,2202,2109,2168,2222,2171,1664,1575,1542,1666,1530,1603,1588,1568,1603,1485,844,806,778,765,778,1005,1075,1069,1047,1058,727,659,670,605,616,547,570,470,539,507,404,362,360,399,396
1561,1395,1312,1163,1078,1044,865,801,793,786,755,747,916,985,775,817,808,888,2676,2706,3278,3684,3606,3613,3506,3166,2985,2906,2694,2700,2723,2687,2559,2712,2654,2566,2609,2590,2554,2636,2207,2344,2202,2159,2280,2163,2198,2143,2089,2186,2212,2191,2320,2128,2127,1633,1599,1654,1646,1630,1631,1665,1679,1584,1606,849,827,840,749,777,1076,1093,1013,1048,1064,648,666,699,592,612,534,589,539,506,540,356,361,367,345,402
1486,1368,1346,1226,1076,1007,865,849,823,748,742,679,1002,931,844,843,790,893,2727,2606,3346,3401,3613,3694,3858,3035,3124,2837,2994,2735,2713,2650,2784,2586,2565,2660,2594,2735,2651,2631,2274,2324,2322,2302,2282,2173,2184,2108,2180,2045,2211,2240,2275,2160,2208,1730,1675,1656,1700,1554,1661,1649,1590,1623,1561,823,862,811,793,754,1032,1090,1090,1035,1079,656,686,624,624,555,547,587,528,533,561,359,385,387,377,380
1576,1442,1303,1294,1160,1110,969,881,856,820,812,781,947,988,814,793,810,922,2484,2618,3111,3520,3506,3858,3848,3552,3140,3214,3030,2950,2701,2771,2818,2800,2673,2702,2681,2754,2675,2708,2334,2256,2353,2316,2291,2214,2257,2193,2162,2230,2294,2315,2282,2317,2294,1681,1672,1688,1752,1636,1672,1680,1643,1679,1653,883,812,794,819,839,1142,1091,1119,1088,1081,659,681,687,676,669,552,594,551,528,564,389,417,424,412,398
1664,1381,1419,1321,1181,1121,998,923,894,904,906,810,993,1085,858,821,953,966,2241,2198,2794,2888,3166,3035,3552,3924,3850,3527,3368,3172,3125,3051,3057,3031,2913,2531,2600,2575,2601,2511,2479,2604,2421,2496,2568,2378,2380,2380,2363,2437,2440,2430,2479,2509,2414,1872,1884,1905,1873,1841,1888,1821,1774,1802,1788,998,867,915,910,943,1167,1187,1192,1243,1125,763,739,696,681,710,611,618,568,585,599,423,407,432,394,392
1596,1357,1363,1284,1229,1162,1001,925,973,912,1012,885,1005,1032,867,834,896,1003,2234,2147,2646,2848,2985,3124,3140,3850,3786,3827,3352,3524,3269,3263,3092,3007,3014,2684,2521,2605,2550,2709,2586,2492,2510,2532,2557,2403,2368,2295,2380,2355,2529,2555,2432,2510,2479,1900,1849,1761,1823,1884,1802,1826,1817,1789,1774,1013,1032,939,881,850,1199,1197,1220,1196,1192,775,705,747,703,657,659,608,609,585,550,433,472,437,404,420
1557,1408,1375,1290,1198,1123,1073,1002,988,949,977,903,1077,1084,907,883,934,977,2220,2226,2650,2719,2906,2837,3214,3527,3827,4002,3885,3581,3405,3232,3213,3101,3130,2739,2697,2614,2681,2552,2612,2467,2532,2520,2568,2444,2431,2357,2230,2377,2432,2492,2535,2601,2536,1936,1933,1926,1874,1849,1913,1872,1851,1752,1786,906,918,914,866,892,1212,1225,1203,1216,1146,761,710,727,762,745,615,627,584,596,624,418,445,414,427,454
1603,1421,1433,1236,1211,1207,1038,1041,1021,960,963,922,1280,1160,861,841,876,970,2152,2183,2755,2653,2694,2994,3030,3368,3352,3885,3996,3974,3479,3530,3313,3302,3123,2740,2774,2660,2567,2598,2580,2546,2554,2561,2566,2372,2489,2457,2433,2404,2393,2483,2391,2467,2459,1952,1865,1941,1858,1955,1858,1845,1863,1891,1889,986,1003,948,885,963,1174,1167,1159,1181,1182,769,715,718,694,769,640,588,639,632,601,390,433,446,389,393
1696,1407,1368,1281,1178,1126,982,1002,1017,990,981,904,1270,1269,955,872,869,994,2166,2120,2668,2681,2700,2735,2950,3172,3524,3581,3974,4044,3850,3515,3564,3232,3316,2694,2767,2574,2829,2723,2684,2585,2780,2631,2569,2426,2374,2390,2373,2464,2542,2507,2448,2650,2500,1968,1888,1883,1911,1850,1874,1913,1923,1828,1822,989,1001,940,886,955,1206,1226,1250,1214,1203,793,775,752,740,732,663,625,579,601,614,444,436,402,427,431
1515,1297,1354,1185,1187,1059,959,961,1003,977,961,898,1302,1232,1081,948,900,946,2073,1978,2517,2641,2723,2713,2701,3125,3269,3405,3479,3850,3796,3816,3510,3475,3231,2954,2655,2726,2705,2655,2627,2569,2493,2530,2482,2374,2335,2429,2476,2342,2566,2444,2483,2525,2480,1873,1935,1858,1892,1935,1804,1912,1898,1848,1826,967,960,967,905,849,1134,1200,1200,1132,1207,784,755,773,724,674,604,628,587,586,592,401,447,472,384,462
1443,1323,1259,1202,1179,1081,1005,996,962,958,948,947,1352,1210,1060,1185,994,1006,2106,2076,2482,2591,2687,2650,2771,3051,3263,3232,3530,3515,3816,3828,3905,3553,3412,2899,2875,2775,2654,2681,2651,2619,2581,2604,2636,2428,2292,2385,2300,2363,2541,2504,2503,2476,2450,1872,1894,1834,1794,1921,1921,1805,1891,1807,1836,952,995,888,974,860,1212,1270,1249,1198,1162,785,785,731,715,740,656,636,561,629,604,472,404,420,398,439
1489,1268,1249,1227,1204,1126,980,990,982,949,959,958,1210,1280,1139,1142,1111,1026,2159,2185,2490,2661,2559,2784,2818,3057,3092,3213,3313,3564,3510,3905,3794,3861,3499,3173,2846,3039,2738,2815,2817,2720,2624,2561,2593,2500,2369,2375,2455,2435,2495,2470,2538,2397,2477,1905,1871,1890,1896,1902,1915,1788,2006,1870,1940,1010,939,966,894,886,1195,1156,1214,1200,1133,812,785,753,683,697,611,623,593,597,624,437,419,432,439,439
1454,1291,1230,1160,1164,1055,1016,1026,935,1004,985,936,1284,1371,1165,1063,1074,1127,2132,2193,2521,2619,2712,2586,2800,3031,3007,3101,3302,3232,3475,3553,3861,3926,3827,3164,3116,2882,2737,2681,2660,2744,2761,2553,2690,2490,2374,2408,2349,2396,2596,2584,2580,2559,2505,1961,1876,1837,2005,1933,1897,1971,1829,1816,1797,950,926,906,911,883,1195,1226,1190,1205,1190,774,741,751,711,694,614,576,613,606,598,410,468,413,414,420
1406,1300,1361,1212,1118,1060,1003,956,939,926,1035,887,1411,1327,1182,1081,1091,1152,2140,2038,2561,2668,2654,2565,2673,2913,3014,3130,3123,3316,3231,3412,3499,3827,3820,3529,3064,3126,2927,3015,2704,2693,2680,2741,2550,2346,2503,2436,2423,2414,2563,2571,2543,2425,2595,1904,1857,1806,1855,1949,1942,1845,1849,1863,1789,1025,926,898,953,912,1223,1239,1223,1183,1229,774,693,740,713,696,597,625,595,598,594,477,454,444,408,470
1324,1212,1175,1137,1033,982,958,898,886,868,900,922,1155,1259,1099,1062,1064,1117,2236,2126,2584,2590,2566,2660,2702,2531,2684,2739,2740,2694,2954,2899,3173,3164,3529,3322,3301,2904,2859,2668,2585,2384,2334,2408,2363,2131,2042,2105,2106,2134,2302,2260,2332,2327,2320,1811,1774,1746,1708,1689,1737,1777,1773,1761,1695,888,881,869,881,792,1117,1172,1137,1167,1126,693,690,625,648,639,563,600,579,558,555,439,387,406,381,406
1384,1157,1136,1088,1065,943,925,888,844,860,842,846,1226,1275,1123,1026,1027,1132,2166,2111,2493,2669,2609,2594,2681,2600,2521,2697,2774,2767,2655,2875,2846,3116,3064,3301,3184,3270,2924,3053,2678,2475,2391,2348,2329,2326,2035,2187,2122,2099,2383,2374,2351,2382,2261,1783,1686,1718,1713,1703,1681,1760,1776,1697,1693,952,902,892,855,812,1140,1095,1101,1142,1101,710,684,691,652,697,611,562,595,608,543,382,378,410,340,345
1340,1233,1236,1082,1059,1002,837,864,902,876,914,908,1277,1297,1131,1039,1024,1086,2090,2110,2586,2453,2590,2735,2754,2575,2605,2614,2660,2574,2726,2775,3039,2882,3126,2904,3270,3184,3307,2923,2855,2611,2504,2257,2334,2241,2262,2118,2115,2058,2341,2400,2267,2340,2283,1835,1841,1808,1798,1811,1823,1707,1760,1736,1680,921,912,890,832,813,1076,1059,1137,1116,1107,746,729,696,639,710,588,564,559,553,541,429,413,350,401,376
1249,1188,1202,1030,1110,973,928,918,928,841,888,892,1229,1263,1120,1026,1088,1066,2047,2122,2482,2580,2554,2651,2675,2601,2550,2681,2567,2829,2705,2654,2738,2737,2927,2859,2924,3307,3230,3402,2753,2724,2557,2512,2439,2206,2180,2278,2230,2058,2394,2264,2317,2352,2256,1820,1776,1739,1798,1664,1707,1703,1698,1704,1677,930,895,902,854,835,1180,1057,1091,1075,1104,683,625,658,683,664,582,590,550,568,569,392,389,370,408,372
1312,1183,1167,1108,1058,987,920,918,867,893,942,895,1268,1327,1189,981,1069,1155,2219,2097,2602,2582,2636,2631,2708,2511,2709,2552,2598,2723,2655,2681,2815,2681,3015,2668,3053,2923,3402,3418,3116,2804,2752,2621,2547,2302,2219,2299,2270,2222,2366,2350,2409,2465,2285,1833,1705,1679,1811,1727,1773,1725,1729,1706,1703,942,927,868,827,807,1072,1155,1079,1119,1079,722,669,638,687,665,580,604,569,554,541,368,414,387,390,352
1257,1113,1101,1077,1078,913,833,901,824,841,822,825,1241,1240,997,970,974,1072,1710,1768,2155,2212,2207,2274,2334,2479,2586,2612,2580,2684,2627,2651,2817,2660,2704,2585,2678,2855,2753,3116,2994,2952,2647,2648,2466,2240,2154,2067,2135,2179,2300,2340,2189,2329,2219,1722,1688,1663,1720,1622,1677,1549,1649,1575,1683,891,870,827,752,853,1105,1093,1050,1000,1027,674,674,658,631,602,530,532,552,531,529,386,382,357,385,357
1181,1154,1087,1050,994,945,843,852,857,878,868,829,1209,1138,1058,1025,1009,1108,1879,1844,2183,2258,2344,2324,2256,2604,2492,2467,2546,2585,2569,2619,2720,2744,2693,2384,2475,2611,2724,2804,2952,2960,3034,2701,2681,2360,2250,2102,2061,2100,2233,2213,2291,2226,2164,1658,1739,1591,1707,1624,1609,1658,1588,1641,1566,837,861,829,845,839,1077,1037,1081,1065,1069,693,705,707,665,603,523,536,576,521,504,363,378,385,397,332
1217,1102,1099,1058,991,950,874,820,842,834,832,876,1152,1157,1042,1046,1034,1062,1847,1792,2153,2277,2202,2322,2353,2421,2510,2532,2554,2780,2493,2581,2624,2761,2680,2334,2391,2504,2557,2752,2647,3034,3064,2829,2582,2593,2230,2260,2142,2107,2312,2182,2128,2242,2239,1611,1708,1659,1620,1604,1689,1690,1642,1580,1633,891,825,867,800,854,1099,1077,1067,1001,1026,702,642,619,603,615,598,568,531,530,536,382,400,352,370,359
1184,1079,1075,1060,959,881,810,853,838,833,836,828,1208,1201,1031,956,1066,1099,1825,1794,2193,2142,2159,2302,2316,2496,2532,2520,2561,2631,2530,2604,2561,2553,2741,2408,2348,2257,2512,2621,2648,2701,2829,2942,2932,2548,2516,2308,2326,2091,2333,2409,2337,2236,2301,1737,1606,1706,1668,1606,1697,1621,1690,1649,1597,858,857,854,776,804,1055,1123,1114,1038,1103,660,679,627,648,601,563,519,534,525,519,393,376,357,352,345
1203,1091,1073,1052,1015,918,814,780,827,858,823,840,1166,1230,1069,976,983,1023,1842,1835,2168,2217,2280,2282,2291,2568,2557,2568,2566,2569,2482,2636,2593,2690,2550,2363,2329,2334,2439,2547,2466,2681,2582,2932,2990,2882,2576,2483,2254,2335,2328,2374,2261,2315,2143,1686,1661,1649,1757,1679,1665,1643,1635,1643,1624,932,815,789,788,824,1047,1042,1089,1120,1049,644,651,627,626,627,529,561,545,529,514,402,362,360,369,352
1191,1027,1070,919,895,889,797,748,749,763,733,786,1074,1083,939,934,975,994,1693,1699,2047,2179,2163,2173,2214,2378,2403,2444,2372,2426,2374,2428,2500,2490,2346,2131,2326,2241,2206,2302,2240,2360,2593,2548,2882,2710,2781,2577,2520,2243,2398,2190,2252,2124,2134,1641,1604,1601,1626,1640,1598,1701,1642,1582,1599,903,848,864,793,772,1099,1075,1025,1116,1060,706,682,643,656,630,568,536,589,513,541,372,412,360,370,395
1154,1082,1040,962,968,837,823,778,745,724,744,815,1059,1145,1002,893,1045,1023,1740,1709,2057,2032,2198,2184,2257,2380,2368,2431,2489,2374,2335,2292,2369,2374,2503,2042,2035,2262,2180,2219,2154,2250,2230,2516,2576,2781,2842,2758,2441,2363,2313,2398,2186,2200,2168,1709,1582,1537,1576,1628,1638,1648,1637,1620,1583,885,924,846,779,822,1056,1065,1049,1047,1015,658,650,680,624,655,541,544,587,519,534,405,385,399,398,363
1133,1026,1104,947,861,857,725,749,793,694,790,744,1049,1065,1020,931,928,1085,1716,1644,2042,1994,2143,2108,2193,2380,2295,2357,2457,2390,2429,2385,2375,2408,2436,2105,2187,2118,2278,2299,2067,2102,2260,2308,2483,2577,2758,2920,2903,2417,2624,2375,2380,2098,2115,1729,1719,1629,1574,1593,1625,1649,1614,1621,1589,880,845,844,822,775,1069,1110,1077,1065,1030,731,686,636,679,624,561,590,529,561,533,401,363,385,393,390
1120,996,1018,952,865,852,749,768,776,761,724,814,1083,1138,1007,895,953,1053,1648,1738,1934,1983,2089,2180,2162,2363,2380,2230,2433,2373,2476,2300,2455,2349,2423,2106,2122,2115,2230,2270,2135,2061,2142,2326,2254,2520,2441,2903,2786,2840,2670,2515,2378,2354,2227,1679,1731,1757,1607,1684,1742,1646,1652,1686,1511,877,859,841,856,815,1089,1106,1097,1093,1021,643,679,697,624,609,575,538,578,530,537,407,382,360,346,350
1119,1008,1040,978,945,852,806,791,741,761,716,750,1047,1098,986,889,955,994,1643,1638,1959,2075,2186,2045,2230,2437,2355,2377,2404,2464,2342,2363,2435,2396,2414,2134,2099,2058,2058,2222,2179,2100,2107,2091,2335,2243,2363,2417,2840,2788,2940,2557,2551,2440,2329,1729,1685,1756,1631,1650,1755,1693,1660,1726,1587,858,891,867,832,832,1106,1150,1063,1052,1046,678,698,727,646,625,572,566,532,571,519,410,400,392,385,344
1165,1123,1170,1035,994,876,843,840,788,823,800,833,1162,1187,1084,1042,985,1123,1821,1873,2032,2202,2212,2211,2294,2440,2529,2432,2393,2542,2566,2541,2495,2596,2563,2302,2383,2341,2394,2366,2300,2233,2312,2333,2328,2398,2313,2624,2670,2940,3078,3192,2762,2812,2486,2083,1780,1869,1897,1780,1891,1857,1858,1825,1736,901,965,897,929,881,1169,1079,1140,1139,1108,711,691,701,669,653,596,565,563,605,588,414,340,442,446,407
1182,1065,1084,1052,964,895,867,832,855,845,845,806,1106,1199,1142,1020,1024,1170,1710,1810,2154,2109,2191,2240,2315,2430,2555,2492,2483,2507,2444,2504,2470,2584,2571,2260,2374,2400,2264,2350,2340,2213,2182,2409,2374,2190,2398,2375,2515,2557,3192,3104,3174,2791,2807,2096,1967,1871,1754,1873,1949,1755,1818,1770,1705,927,985,891,904,877,1108,1179,1107,1113,1127,669,688,713,689,676,611,563,570,568,559,395,392,470,406,393
1134,1110,1106,989,932,866,808,801,811,859,778,849,1130,1208,1165,995,1095,1185,1825,1680,2162,2168,2320,2275,2282,2479,2432,2535,2391,2448,2483,2503,2538,2580,2543,2332,2351,2267,2317,2409,2189,2291,2128,2337,2261,2252,2186,2380,2378,2551,2762,3174,3264,3194,2725,2272,2034,2097,1810,1800,1931,1810,1758,1827,1786,993,1038,923,895,913,1158,1222,1211,1114,1145,724,716,703,673,657,549,589,566,526,597,449,405,386,395,368
1163,1043,1068,949,1060,909,824,791,838,842,792,805,1119,1205,1141,995,1116,1245,1827,1795,2156,2222,2128,2160,2317,2509,2510,2601,2467,2650,2525,2476,2397,2559,2425,2327,2382,2340,2352,2465,2329,2226,2242,2236,2315,2124,2200,2098,2354,2440,2812,2791,3194,3164,3129,2240,2203,2060,2021,1792,1929,1850,1877,1745,1696,1001,942,927,856,871,1262,1222,1126,1138,1172,720,704,704,636,668,626,600,547,606,577,380,388,428,425,396
1151,1022,1074,943,958,833,806,821,846,764,807,831,1113,1230,1064,995,1134,1192,1734,1792,2065,2171,2127,2208,2294,2414,2479,2536,2459,2500,2480,2450,2477,2505,2595,2320,2261,2283,2256,2285,2219,2164,2239,2301,2143,2134,2168,2115,2227,2329,2486,2807,2725,3129,3158,2603,2212,2142,1971,1911,1967,1849,1820,1842,1782,974,962,919,836,907,1189,1087,1143,1160,1170,709,668,667,663,681,564,620,570,538,561,398,419,372,384,418
958,849,904,823,796,667,663,600,676,629,664,657,917,933,889,790,936,934,1308,1342,1614,1664,1633,1730,1681,1872,1900,1936,1952,1968,1873,1872,1905,1961,1904,1811,1783,1835,1820,1833,1722,1658,1611,1737,1686,1641,1709,1729,1679,1729,2083,2096,2272,2240,2603,2204,2155,1814,1791,1602,1645,1476,1426,1441,1438,777,757,771,767,701,982,906,877,925,951,644,569,570,579,510,439,498,481,468,477,359,361,320,344,337
910,796,850,782,767,669,573,620,609,649,627,650,858,915,843,846,876,946,1209,1284,1553,1575,1599,1675,1672,1884,1849,1933,1865,1888,1935,1894,1871,1876,1857,1774,1686,1841,1776,1705,1688,1739,1708,1606,1661,1604,1582,1719,1731,1685,1780,1967,2034,2203,2212,2155,2148,2116,1745,1863,1621,1630,1525,1428,1444,874,761,785,768,797,992,906,929,931,898,607,601,545,617,562,442,509,488,455,486,312,309,301,328,334
901,833,845,735,754,613,600,587,604,620,593,629,846,930,868,849,918,950,1302,1253,1540,1542,1654,1656,1688,1905,1761,1926,1941,1883,1858,1834,1890,1837,1806,1746,1718,1808,1739,1679,1663,1591,1659,1706,1649,1601,1537,1629,1757,1756,1869,1871,2097,2060,2142,1814,2116,1986,2126,1758,1903,1596,1645,1464,1502,873,873,779,753,742,936,950,939,950,988,625,604,548,542,559,470,461,489,458,453,314,355,316,286,319
884,813,843,819,728,689,594,633,627,626,635,665,876,918,879,868,905,1006,1273,1310,1547,1666,1646,1700,1752,1873,1823,1874,1858,1911,1892,1794,1896,2005,1855,1708,1713,1798,1798,1811,1720,1707,1620,1668,1757,1626,1576,1574,1607,1631,1897,1754,1810,2021,1971,1791,1745,2126,2154,2071,1855,1862,1644,1555,1408,863,819,858,702,719,943,957,999,899,892,649,603,541,594,501,432,484,456,458,455,285,334,333,329,321
889,791,786,735,697,656,577,557,585,602,614,616,883,916,848,837,911,1024,1227,1295,1590,1530,1630,1554,1636,1841,1884,1849,1955,1850,1935,1921,1902,1933,1949,1689,1703,1811,1664,1727,1622,1624,1604,1606,1679,1640,1628,1593,1684,1650,1780,1873,1800,1792,1911,1602,1863,1758,2071,2126,2075,1807,1691,1535,1525,879,880,821,772,698,978,946,994,935,903,580,572,610,569,583,445,443,474,456,434,336,319,293,280,339
899,863,848,753,782,692,618,592,612,604,654,654,882,931,839,859,944,1110,1308,1304,1572,1603,1631,1661,1672,1888,1802,1913,1858,1874,1804,1921,1915,1897,1942,1737,1681,1823,1707,1773,1677,1609,1689,1697,1665,1598,1638,1625,1742,1755,1891,1949,1931,1929,1967,1645,1621,1903,1855,2075,2112,2146,1872,1789,1573,1077,875,845,785,833,946,935,984,915,928,594,583,588,569,527,451,479,460,444,394,330,301,298,302,314
852,806,797,706,764,660,605,572,607,621,678,613,834,934,871,931,1005,1040,1306,1316,1568,1588,1665,1649,1680,1821,1826,1872,1845,1913,1912,1805,1788,1971,1845,1777,1760,1707,1703,1725,1549,1658,1690,1621,1643,1701,1648,1649,1646,1693,1857,1755,1810,1850,1849,1476,1630,1596,1862,1807,2146,2038,2026,1733,1749,998,1036,871,804,825,1083,920,956,924,972,655,571,630,557,539,481,461,462,461,419,333,310,341,302,329
879,772,804,784,760,593,613,536,612,643,668,660,888,889,911,981,975,1081,1222,1285,1600,1568,1679,1590,1643,1774,1817,1851,1863,1923,1898,1891,2006,1829,1849,1773,1776,1760,1698,1729,1649,1588,1642,1690,1635,1642,1637,1614,1652,1660,1858,1818,1758,1877,1820,1426,1525,1645,1644,1691,1872,2026,2068,2180,1843,1170,975,986,872,818,1053,1050,1038,946,993,627,603,560,560,529,468,487,469,459,447,348,300,318,308,341
855,769,803,744,725,613,652,590,632,575,646,662,849,904,856,893,997,1124,1249,1253,1533,1603,1584,1623,1679,1802,1789,1752,1891,1828,1848,1807,1870,1816,1863,1761,1697,1736,1704,1706,1575,1641,1580,1649,1643,1582,1620,1621,1686,1726,1825,1770,1827,1745,1842,1441,1428,1464,1555,1535,1789,1733,2180,2072,1957,1145,1138,949,933,780,1005,1046,1057,959,893,604,604,606,572,583,509,475,470,482,433,283,328,335,321,308
748,762,758,699,662,637,578,610,586,571,634,631,808,869,835,896,967,1068,1234,1287,1476,1485,1606,1561,1653,1788,1774,1786,1889,1822,1826,1836,1940,1797,1789,1695,1693,1680,1677,1703,1683,1566,1633,1597,1624,1599,1583,1589,1511,1587,1736,1705,1786,1696,1782,1438,1444,1502,1408,1525,1573,1749,1843,1957,2046,1278,1069,1118,939,870,1021,1024,1030,998,915,600,549,618,606,574,451,466,459,484,486,321,364,329,301,293
441,442,421,390,378,342,288,306,343,313,316,352,499,487,428,519,533,624,676,712,813,844,849,823,883,998,1013,906,986,989,967,952,1010,950,1025,888,952,921,930,942,891,837,891,858,932,903,885,880,877,858,901,927,993,1001,974,777,874,873,863,879,1077,998,1170,1145,1278,770,716,608,594,544,712,654,611,617,565,379,363,361,332,399,278,282,310,252,271,228,197,192,182,201
420,409,434,409,350,315,305,325,325,289,349,321,459,496,491,502,546,596,627,680,791,806,827,862,812,867,1032,918,1003,1001,960,995,939,926,926,881,902,912,895,927,870,861,825,857,815,848,924,845,859,891,965,985,1038,942,962,757,761,873,819,880,875,1036,975,1138,1069,716,846,719,635,582,684,679,608,605,623,381,345,324,324,396,281,265,312,271,263,179,181,186,189,179
387,396,402,365,379,308,255,299,281,265,297,300,450,476,422,493,510,545,696,621,849,778,840,811,794,915,939,914,948,940,967,888,966,906,898,869,892,890,902,868,827,829,867,854,789,864,846,844,841,867,897,891,923,927,919,771,785,779,858,821,845,871,986,949,1118,608,719,680,707,632,725,695,706,615,588,372,382,328,354,332,268,282,271,294,262,187,193,216,188,221
382,368,403,318,327,306,277,256,275,271,300,307,375,434,419,469,473,534,602,629,791,765,749,793,819,910,881,866,885,886,905,974,894,911,953,881,855,832,854,827,752,845,800,776,788,793,779,822,856,832,929,904,895,856,836,767,768,753,702,772,785,804,872,933,939,594,635,707,724,736,768,732,675,625,592,353,372,381,331,374,287,294,327,257,259,196,193,204,186,184
419,355,333,371,308,286,271,273,291,270,287,303,392,457,399,454,489,563,588,613,788,778,777,754,839,943,850,892,963,955,849,860,886,883,912,792,812,813,835,807,853,839,854,804,824,772,822,775,815,832,881,877,913,871,907,701,797,742,719,698,833,825,818,780,870,544,582,632,736,708,977,739,709,570,617,338,394,380,369,356,283,288,302,317,268,202,182,184,175,184
489,434,477,416,430,347,342,362,327,353,384,333,474,513,501,613,640,720,823,858,1036,1005,1076,1032,1142,1167,1199,1212,1174,1206,1134,1212,1195,1195,1223,1117,1140,1076,1180,1072,1105,1077,1099,1055,1047,1099,1056,1069,1089,1106,1169,1108,1158,1262,1189,982,992,936,943,978,946,1083,1053,1005,1021,712,684,725,768,977,1154,1234,969,1016,854,624,500,473,491,486,375,410,366,403,355,272,270,243,262,260
459,426,448,469,442,377,316,333,347,338,362,381,466,559,509,591,678,765,888,880,1055,1075,1093,1090,1091,1187,1197,1225,1167,1226,1200,1270,1156,1226,1239,1172,1095,1059,1057,1155,1093,1037,1077,1123,1042,1075,1065,1110,1106,1150,1079,1179,1222,1222,1087,906,906,950,957,946,935,920,1050,1046,1024,654,679,695,732,739,1234,1126,1171,951,1002,628,626,487,491,508,436,376,371,360,350,235,266,253,248,255
452,456,462,408,439,381,344,322,341,365,372,402,498,526,519,662,646,749,883,891,1038,1069,1013,1090,1119,1192,1220,1203,1159,1250,1200,1249,1214,1190,1223,1137,1101,1137,1091,1079,1050,1081,1067,1114,1089,1025,1049,1077,1097,1063,1140,1107,1211,1126,1143,877,929,939,999,994,984,956,1038,1057,1030,611,608,706,675,709,969,1171,1156,1110,985,721,570,548,507,486,432,429,419,373,380,273,289,264,268,264
424,445,411,429,404,357,325,347,350,280,362,356,489,489,499,614,660,707,871,849,1030,1047,1048,1035,1088,1243,1196,1216,1181,1214,1132,1198,1200,1205,1183,1167,1142,1116,1075,1119,1000,1065,1001,1038,1120,1116,1047,1065,1093,1052,1139,1113,1114,1138,1160,925,931,950,899,935,915,924,946,959,998,617,605,615,625,570,1016,951,1110,1186,1177,674,694,566,589,419,419,447,433,387,388,295,274,284,271,224
461,450,462,459,407,324,349,302,310,332,374,340,470,503,475,628,637,716,848,902,1064,1058,1064,1079,1081,1125,1192,1146,1182,1203,1207,1162,1133,1190,1229,1126,1101,1107,1104,1079,1027,1069,1026,1103,1049,1060,1015,1030,1021,1046,1108,1127,1145,1172,1170,951,898,988,892,903,928,972,993,893,915,565,623,588,592,617,854,1002,985,1177,1306,849,685,706,639,612,439,415,422,412,347,278,264,270,290,248
325,354,310,255,273,255,228,247,228,228,256,240,300,343,351,402,464,540,574,518,694,727,648,656,659,763,775,761,769,793,784,785,812,774,774,693,710,746,683,722,674,693,702,660,644,706,658,731,643,678,711,669,724,720,709,644,607,625,649,580,594,655,627,604,600,379,381,372,353,338,624,628,721,674,849,564,590,466,428,379,347,299,257,244,270,185,200,185,179,178
341,299,285,291,285,210,200,186,193,215,260,260,358,341,315,446,461,488,506,534,623,659,666,686,681,739,705,710,715,775,755,785,785,741,693,690,684,729,625,669,674,705,642,679,651,682,650,686,679,698,691,688,716,704,668,569,601,604,603,572,583,571,603,604,549,363,345,382,372,394,500,626,570,694,685,590,534,534,453,461,345,311,278,253,264,210,162,168,193,165
324,292,297,292,268,220,200,204,225,221,228,234,298,360,337,394,459,547,506,549,674,670,699,624,687,696,747,727,718,752,773,731,753,751,740,625,691,696,658,638,658,707,619,627,627,643,680,636,697,727,701,713,703,704,667,570,545,548,541,610,588,630,560,606,618,361,324,328,381,380,473,487,548,566,706,466,534,560,510,454,385,319,310,275,236,188,200,181,186,152
280,283,253,256,244,229,198,206,217,193,236,231,285,360,294,393,399,468,513,535,597,605,592,624,676,681,703,762,694,740,724,715,683,711,713,648,652,639,683,687,631,665,603,648,626,656,624,679,624,646,669,689,673,636,663,579,617,542,594,569,569,557,560,572,606,332,324,354,331,369,491,491,507,589,639,428,453,510,538,566,401,409,309,325,263,199,161,205,172,169
287,251,289,254,244,215,168,211,213,188,241,214,293,287,288,370,467,477,484,492,583,616,612,555,669,710,657,745,769,732,674,740,697,694,696,639,697,710,664,665,602,603,615,601,627,630,655,624,609,625,653,676,657,668,681,510,562,559,501,583,527,539,529,583,574,399,396,332,374,356,486,508,486,419,612,379,461,454,566,540,473,392,372,288,308,181,204,158,218,172
231,239,234,222,216,184,195,192,194,202,228,218,241,302,297,335,375,436,446,394,492,547,534,547,552,611,659,615,640,663,604,656,611,614,597,563,611,588,582,580,530,523,598,563,529,568,541,561,575,572,596,611,549,626,564,439,442,470,432,445,451,481,468,509,451,278,281,268,287,283,375,436,432,419,439,347,345,385,401,473,490,410,342,367,245,248,158,181,164,187
284,231,243,203,230,176,167,169,205,176,213,172,273,277,257,340,388,406,433,458,475,570,589,587,594,618,608,627,588,625,628,636,623,576,625,600,562,564,590,604,532,536,568,519,561,536,544,590,538,566,565,563,589,600,620,498,509,461,484,443,479,461,487,475,466,282,265,282,294,288,410,376,429,447,415,299,311,319,409,392,410,384,448,360,347,213,230,165,171,161
223,215,223,197,209,185,174,191,152,180,173,181,252,285,251,342,370,430,420,430,495,470,539,528,551,568,609,584,639,579,587,561,593,613,595,579,595,559,550,569,552,576,531,534,545,589,587,529,578,532,563,570,566,547,570,481,488,489,456,474,460,462,469,470,459,310,312,271,327,302,366,371,419,433,422,257,278,310,309,372,342,448,442,453,361,283,244,253,157,178
239,212,205,221,208,203,164,140,157,155,186,204,240,240,251,327,337,440,398,408,538,539,506,533,528,585,585,596,632,601,586,629,597,606,598,558,608,553,568,554,531,521,530,525,529,513,519,561,530,571,605,568,526,606,538,468,455,458,458,456,444,461,459,482,484,252,271,294,257,317,403,360,373,387,412,244,253,275,325,288,367,360,453,426,487,281,273,208,235,160
237,223,206,177,205,183,167,175,139,161,177,190,244,270,252,339,373,461,441,368,523,507,540,561,564,599,550,624,601,614,592,604,624,598,594,555,543,541,569,541,529,504,536,519,514,541,534,533,537,519,588,559,597,577,561,477,486,453,455,434,394,419,447,433,486,271,263,262,259,268,355,350,380,388,347,270,264,236,263,308,245,347,361,487,376,369,300,288,258,201
190,158,174,163,138,152,134,125,131,124,153,169,176,185,193,263,303,334,294,301,382,404,356,359,389,423,433,418,390,444,401,472,437,410,477,439,382,429,392,368,386,363,382,393,402,372,405,401,407,410,414,395,449,380,398,359,312,314,285,336,330,333,348,283,321,228,179,187,196,202,272,235,273,295,278,185,210,188,199,181,248,213,283,281,369,294,302,202,203,185
191,158,171,145,145,124,110,128,114,111,129,148,168,205,198,248,301,322,335,294,372,362,361,385,417,407,472,445,433,436,447,404,419,468,454,387,378,413,389,414,382,378,400,376,362,412,385,363,382,400,340,392,405,388,419,361,309,355,334,319,301,310,300,328,364,197,181,193,193,182,270,266,289,274,264,200,162,200,161,204,158,230,244,273,300,302,356,316,236,241
191,146,163,137,129,128,116,109,135,118,111,142,173,169,186,257,295,317,289,297,377,360,367,387,424,432,437,414,446,402,472,420,432,413,444,406,410,350,370,387,357,385,352,357,360,360,399,385,360,392,442,470,386,428,372,320,301,316,333,293,298,341,318,335,329,192,186,216,204,184,243,253,264,284,270,185,168,181,205,158,181,165,253,208,288,202,316,346,355,263
156,147,192,138,138,121,111,118,119,133,126,130,153,203,156,278,277,325,285,299,346,399,345,377,412,394,404,427,389,427,384,398,439,414,408,381,340,401,408,390,385,397,370,352,369,370,398,393,346,385,446,406,395,425,384,344,328,286,329,280,302,302,308,321,301,182,189,188,186,175,262,248,268,271,290,179,193,186,172,218,164,171,157,235,258,203,236,355,440,491
175,155,160,129,146,125,117,127,106,113,132,168,171,182,168,243,255,297,300,271,353,396,402,380,398,392,420,454,393,431,462,439,439,420,470,406,345,376,372,352,357,332,359,345,352,395,363,390,350,344,407,393,368,396,418,337,334,319,321,339,314,329,341,308,293,201,179,221,184,184,260,255,264,224,248,178,165,152,169,172,187,161,178,160,201,185,241,263,491,570
