893.9696915772319,728.9097908435142,681.5540374447124,417.6366950057751,395.16547437926255,456.3412400441569,352.3358745230704,315.95878483920546,322.6182005970851,309.8474666101092,280.23582973296277,290.8160267541405,513.124785858522,503.78467476840177,469.42165493242817,521.5247633388952,529.5117439658234,645.977350243141,458.29254205493027,692.0960855200897,935.2226813944358,781.863513878742,779.2420367527042,769.0819661361485,778.4796072269435,970.0969130976321,932.7546472628819,892.820690024376,832.5084578369165,894.8429924539428,730.4404565374812,720.0239430839713,705.4766183897259,657.4960959005816,770.9938090129085,646.4822586693327,646.3939974550307,639.7861790641832,617.2672033751272,697.8994295862352,671.4675243768445,655.62086475396,707.9426733560867,649.9944178215518,679.3544735751136,665.0742266795872,485.73327413985425,443.60204260764544,450.3252860048163,426.3664701862158,505.4673358362403,550.3804264417455,523.9924941782261,307.18681962172934,267.4406575782888,230.56850007116384,246.2561238165072,219.98660673136834,233.4184006043961,233.5350581550195,324.7166222718823,256.5358638018989,305.58101450873187,299.2826496826661,284.05655923493066,129.4637146262843,106.89473554261656,119.15836924664912,115.23200527773113,133.58216794996673,181.79330955733707,203.1599679638044,178.6372776093645,214.3769458552511,227.11027636054368,138.1991977248824,124.38291740342517,136.3450321945566,138.31132187516312,122.71104210829961,90.84350372624901,96.73774131595403,74.99779230860753,105.80675083576004,86.91270721405714,42.51297988022641,65.67933348146501,66.39920175029566,52.98928983942752,53.16186165815846
728.9097908435142,649.2606000220746,625.1236112148372,360.91204704154165,343.6443349025902,383.40700066073146,299.4983703157042,308.0947821815711,311.9193118723965,268.2014519855505,280.7182506955836,254.63149103082233,511.3529790934886,507.3653325626319,495.01498673867826,465.60209448771815,507.88041201432475,620.2787861260699,406.15706794036663,585.2290127879485,843.7053233348247,717.4205355160902,729.1503764637068,699.7168212968271,652.7666697991191,881.5214690566328,833.9346485968406,787.3254610680624,800.9993814910135,762.0178032949702,642.0334314182726,624.96169046621,651.1021269330257,627.3853807160817,651.804035547538,601.3625967269894,595.3512008166617,578.4576908745555,647.8791604674507,612.3991657996495,623.2203898547886,585.8736091631761,607.1662255910685,574.7688811766975,600.621837617934,602.8004921818111,557.0837004889044,416.9965113025637,413.18064640416776,396.13601744731733,479.380393206531,507.39865396606035,481.31360474805183,292.335600381797,258.1445924903644,221.6838386335583,226.99433542020535,213.19952200514214,189.91902929424873,216.779623402597,303.7185166252965,262.3325713265036,271.9260053689309,268.54030966496543,256.8725652997881,110.9869489593128,98.63404129483732,98.34692952486766,115.98971240238474,103.66742787815775,157.67777247967425,177.74429587650644,149.5562760682992,190.1059225409578,153.33021263775314,102.73813429392999,118.27323756673076,119.47542197571497,89.4158225864119,101.8530153593106,96.91565378364879,81.25837738772071,87.76440580736336,76.8342653759149,88.94800582359169,45.25368980409489,44.76466606987648,46.59997327562637,60.849775276030144,41.15890166862088
681.5540374447124,625.1236112148372,554.678683614547,357.61209442994027,327.2395044658865,354.2464353796898,318.2896415806749,297.67212662421684,319.6204227878246,286.39342303689807,286.07179622996654,240.96629494367195,492.75204825247044,489.2747752146898,417.1392925498448,512.7726903138143,505.55625368171746,630.8990083238798,406.90726631787686,566.246455281505,716.3649371489752,649.3604391829842,645.4085886440616,672.4681305305013,645.0964505965237,840.8259004093073,771.8968018934046,783.0709339905577,740.0322814154987,711.9891941266613,621.7226665030305,611.1754756215041,565.028795535017,570.5803202402469,604.1448281764926,558.6036266012244,571.6285744476287,542.4977902771907,552.1981743796175,570.4463616475399,560.5826071285857,550.2030148334193,569.6673916587811,558.2906351709686,588.6993426841871,556.1673821451325,588.1653315145585,538.3902401974148,387.6244843613111,398.19169563086757,501.6140717017738,486.5901742583186,469.75869857330514,267.8963842838932,238.6748968121825,221.6645055419557,223.52373226064668,208.24553892971704,197.78249553289976,217.1272831851745,270.9775704330806,243.35204662582075,233.7504015142896,246.58226461424766,245.80471539180027,98.14664727304222,106.55537048971368,113.19810495368048,91.64872422722782,119.35931934508628,144.26902160972648,163.8140361520319,160.39447521637805,167.9213606963114,174.55755153444426,83.96047490373718,97.61157513246806,108.5490916228423,98.99691387686744,92.31403868498151,64.11750151662005,73.67701981167544,67.55844732272311,75.52236071198043,71.21207217898844,43.86108155664539,44.794157348723296,45.8459065901642,43.34098956274212,34.341489511249605
417.6366950057751,360.91204704154165,357.61209442994027,291.5631295562509,269.73542292079344,280.41421938201586,263.5916109350934,300.1747883426639,274.2880989300967,261.7184145727352,240.52861173654358,223.56386092368285,472.2638851354504,481.00566853055466,435.9492318504318,477.8840163198105,461.09898435442153,547.122086297125,243.08222255101725,422.7343544851998,595.3050418924287,541.3644534098689,510.03114584967756,490.94429755287183,467.96615321940465,655.6126641925456,593.6705036110832,563.6765253720536,574.2308702369963,542.42196401716,503.7630137408734,433.4467432169403,485.7610974829862,462.4271799087711,486.003000182144,430.8177312999924,446.68568292242054,471.6995693129089,466.7125700069892,469.08891385667613,448.9752503314434,436.32967355900314,432.0510813841911,436.565150920188,449.5253318387107,466.6351275046176,442.17707149147776,460.3366499769106,438.4020125070695,350.21414205684033,388.50968437464564,366.28156541197194,355.58865737753433,206.06052704492197,192.55605266504364,170.72836095659858,173.6452993383868,162.50392242057262,157.2949283901944,177.34574180987732,175.92870571451027,147.34071211068394,158.09427825091024,159.84702986920934,156.92770219532778,62.027914990247154,69.07243260368298,65.07609645397707,64.22559235931459,64.43322181235209,104.395671678095,91.76159572317157,113.11177043908708,111.85796869571203,109.58983799594131,54.30124660167636,66.46623081051985,54.570602205632426,70.73422737263711,57.356691341988714,49.92991897885105,45.66902500632182,55.22125706498886,56.91577228147418,48.52297237085204,24.893660204448203,27.07162905887706,31.46827907896189,29.089955800026612,23.848065595933363
395.16547437926255,343.6443349025902,327.2395044658865,269.73542292079344,240.0210442263425,256.04126760820424,243.2855941477681,256.6805476286229,245.1196937216592,259.285988111072,226.54655176726487,224.50204899515225,472.4779025775599,439.0538357365557,425.784313574605,463.26648045046664,451.00192936240376,494.95202192793107,224.7875438629256,375.1079900011528,515.3756672036859,498.92403017151025,480.12546622465294,450.06741332920694,446.5573766294514,572.4464565589167,561.8255519537433,544.0756644728303,499.08444550436366,523.2175381100917,442.64877253827194,451.492073344525,452.42064235988323,449.9624076207898,450.6173939955452,384.95250548649597,421.42238569913997,408.78702446792806,414.47435676834954,402.4594222501988,401.4239867888033,408.17346297060936,422.7826872151263,411.5960840822718,416.571642452813,434.1494887359976,416.56443714525244,409.1319217915503,411.4323942573684,382.3831272083755,379.5807363664901,357.44992593265755,339.6901175634464,201.63172636373827,183.59487783839822,157.02103934333832,146.1971331327557,134.92388280411024,159.1352630069979,155.76581179010935,159.47611530224128,161.50907376103527,157.73108894238464,149.59190025675505,153.59980701976647,73.33942798356584,61.94583718098716,55.70706118570726,64.73145773406162,72.74897367590249,91.08437788944543,108.32740381238433,107.79203974121705,107.98810173319097,112.31034234121626,68.44661881772159,65.03350653606338,61.24338606005783,55.58121114427878,60.496707473054485,57.12324881813512,53.257522492249265,50.39824574864288,48.345504403453305,44.04136035581246,24.230409918724387,30.691876667270375,29.112931051266045,25.513337527971494,24.818591018531862
456.3412400441569,383.40700066073146,354.2464353796898,280.41421938201586,256.04126760820424,283.2389022081966,290.98656414276815,303.50853284797125,272.7449431203903,281.55925787502906,259.40577353028743,228.1837311981842,495.4903524365113,471.02319580731296,477.0914886199166,507.27441224867925,494.7219541778051,560.1387506199455,259.2197006318065,377.92382013874845,453.6656653531783,532.4857704541104,529.6671211227033,474.4466284283853,524.1922578314252,615.4697267675695,633.6411413534728,577.485592425703,553.8052440945622,542.6897838091814,512.3341254835517,480.7426009267974,468.7201842772296,476.2972575216912,513.9017830764914,466.2489454640362,454.7277570006765,435.5996962586855,479.9863308023441,485.4294045324236,453.2208333075921,444.18850277149454,453.4415729407312,453.49061884310817,483.52287082050077,429.09043839015936,449.8690471794539,443.9178782445271,443.76849469989395,445.2207366726662,524.7396115022824,422.1536870633313,388.6027054415025,205.78460374503743,196.21946812441783,173.69368172035811,162.09392296285716,163.50387380035372,187.0155457098108,166.32293785253586,176.99052558333543,181.08110722003966,180.54277963082933,180.58648938447135,167.8715618646701,75.909469241809,74.62445532169647,75.64827184695012,68.87477828069652,70.04973009201117,101.48300837983652,95.83654098263148,110.6190003402027,116.47939179078435,107.36939839840664,64.55192947595802,63.54606155421077,79.92823403030617,56.626546084390924,61.11441328822086,57.59892903272123,46.8304837721488,55.731879971449224,46.154640238267405,45.79831029779359,30.039964267370102,35.57491231960296,40.77538226419906,32.827840533555595,24.931184719062678
352.3358745230704,299.4983703157042,318.2896415806749,263.5916109350934,243.2855941477681,290.98656414276815,286.6311275278707,305.97156394761464,270.394787265305,286.4705999646314,261.9124682744688,248.16812397031433,497.67476696699157,497.5169383740142,471.78969750663816,510.3051876076903,518.3875000793205,549.3949278433441,246.27183110684547,381.15305938965537,417.6412930169977,411.5216539324292,495.5776616623938,478.9019961578257,461.7573326882221,632.0083503336343,577.7769768526446,592.5239715632009,556.8634585297488,514.0816742814998,456.27720761870364,471.27311373486475,483.84486683004394,481.4417206445253,486.7249878388794,476.30302085057343,427.4667358026344,457.8648691463666,435.9671531482555,428.26876557157567,448.70822028023395,439.888539679939,461.23320502299606,428.81335601821945,466.6349273829428,463.57673327566306,441.0571017361801,459.52512062919254,460.6152626121957,469.04833228958194,515.5834018030419,495.5073112101423,381.7838444949067,203.5681571705294,200.48396883350492,171.20087563735797,157.9031576434203,142.9556277912816,163.10472978973553,156.79480430714125,151.7751045536407,152.27682420185937,148.4907482051359,148.11254351779007,155.29042738968977,63.429112676808174,62.617578155709886,63.134745869341785,65.1472129831602,61.65734561911242,90.01305171719474,93.54945980908545,97.96588375115522,91.2022092122457,108.71811448251265,55.09581169938314,56.33842960464989,64.06787415197873,52.7621502001149,57.379203919600286,44.734248576574174,40.842341250765955,48.44183669987767,54.25435143684527,43.533911914338226,31.07283858447098,27.843113494000924,28.571210979764757,26.23347759084755,19.711606881502416
315.95878483920546,308.0947821815711,297.67212662421684,300.1747883426639,256.6805476286229,303.50853284797125,305.97156394761464,285.85266734101316,307.4845587140194,301.75919414502664,273.4033359159768,257.3721006667038,549.987884501671,477.91827987260234,482.5782871118812,516.6125910088788,496.7050989191479,555.7948516647441,255.31490800987572,386.8168536432309,401.70879184760184,391.367999028491,402.1051164026447,466.9668368835424,478.1648673207684,614.7754483955056,567.2631479008311,580.3314267944153,548.9146553433998,558.9715679331225,493.812398322426,520.9879474911651,494.6095918653714,458.645731628369,534.7997806901809,463.79721729022117,421.6189265688772,426.75844290688303,450.83811184242643,463.5701681379538,460.0480292699689,432.4355047892574,453.44683641402804,435.84579597361744,443.9350557527863,451.48226418021864,458.795018764408,469.09130648320416,467.66083800341426,462.3101624798246,540.5574184567356,518.3683307855415,517.1655302650023,238.64467598602317,187.50854594364347,166.93006805431986,181.08887864251926,172.57520394317893,159.06906114482132,167.02171056997702,162.49842620933651,149.87800574911608,142.95647327166404,147.85781891848515,146.4208205986858,66.97323043608426,57.568757157426205,69.47455104063124,66.07284656144458,69.38730855255213,99.83427129858664,101.4124997708133,106.7826586492204,99.54371078891275,98.08423713448472,56.41046996251316,56.670684093937155,62.72933175333665,59.51423788733686,62.498610303728206,51.29518872303609,48.77225186627524,47.817124922155834,50.26237948574882,51.21058974486004,26.998720548779986,28.047502467295573,24.99359563815623,26.30370342881408,23.694803414190446
322.6182005970851,311.9193118723965,319.6204227878246,274.2880989300967,245.1196937216592,272.7449431203903,270.394787265305,307.4845587140194,276.72775167086803,292.22719563397413,269.1714273480277,250.52198600092788,510.451178645262,489.9995728126938,493.73842701217666,509.89798452187745,527.4295880644842,560.4475811080954,244.05049700810488,370.38740772728295,437.87087396250297,399.1725338343918,354.7451624111176,384.46026609006486,432.6626698680366,600.7476906713981,594.5079509012057,582.613399597006,530.535862515405,533.617855033997,497.98265058703765,460.42694423339174,433.23341191619556,477.71010583674996,516.2777499643341,447.4328792423056,431.55145974175775,421.01783653827,440.35732379183594,441.7899828216008,423.77909350838837,436.2075213189236,460.3962278309217,443.00779327916086,439.32468836880923,450.836647532096,433.64198238890054,450.40732876760734,434.5161853163459,472.2969850045454,537.9404546495664,559.8960620616938,495.574440718339,252.26816221039206,202.65192064278955,172.75671490879222,162.08261620857644,153.66491572416385,147.76864878734665,167.63661242846015,160.71678749384222,132.57516806343006,133.6482519504048,146.88470548361224,163.8066387528983,58.72204443710543,57.458548329162696,65.6563834484833,60.91773146687098,60.25346273975943,99.23073760932733,104.86983921375159,105.35857843301021,102.79651589352736,116.34166544508378,66.22943333456816,58.272629464391514,66.5158750423637,60.82080874851937,60.923332109477315,41.66598910519477,50.677552956880575,47.94224891098482,46.347033423795075,52.28403788518225,28.59008273836554,29.111387994312548,28.870263555509656,25.438893935599985,27.440376746761334
309.8474666101092,268.2014519855505,286.39342303689807,261.7184145727352,259.285988111072,281.55925787502906,286.4705999646314,301.75919414502664,292.22719563397413,296.5527937391788,271.3466748890148,255.3313959185209,489.0734445047809,499.9892743476963,478.6661308795565,527.9097503908552,514.2109476818458,532.4202346199334,264.3378877666824,376.6390616827305,403.69857608490935,390.89905952291497,388.261355479409,357.6725629854842,384.9500008986861,561.265380156375,581.7597955343725,546.5482423065414,549.8219812481029,523.6519805544915,498.2095424687407,488.61885136984154,436.33605889262185,441.14593708180143,485.92263622289556,425.53438806727627,416.6025517238749,427.00684994261775,452.6778460071047,437.2667378559281,435.8061490729848,421.0939753615981,433.851655389773,421.72886485272124,453.080864696314,467.02812305797187,453.48354035621344,468.2362053153143,477.45562135371694,455.9159713124487,525.9407348367373,531.7865861376395,528.3945633825196,257.03462852706684,202.11113861867784,174.84727658570753,160.95907506774137,152.9644001181798,146.98703946046192,146.12749880264033,167.0866455077544,142.3777611716384,140.5730309777377,125.96349870336826,154.52075074608874,65.9340853350568,59.44233371713913,60.528610164309235,63.01031690997126,70.88212827176994,115.07376965380037,110.97421223211734,109.74961373891169,119.50802445781339,115.82754199125708,63.562974899569554,67.51576268769833,70.28360016761621,59.413565643969285,57.464555882244596,47.57153654165434,50.451316417238,50.96383352177706,47.82694502899004,51.650492095950796,25.284241725660383,32.41534421572726,30.580514982549147,28.05848536145463,23.779050933490716
280.23582973296277,280.7182506955836,286.07179622996654,240.52861173654358,226.54655176726487,259.40577353028743,261.9124682744688,273.4033359159768,269.1714273480277,271.3466748890148,274.92074068064153,238.59182495508423,471.0664164587336,513.5510006915131,440.1776256750081,491.36165166602757,492.2843615771889,541.1909830191216,253.2032178889155,374.4710026818999,405.2116704071667,363.5199156492819,368.85536497913745,333.08719551178217,334.94380825669697,444.24615603176665,509.88987439975267,517.0423296493424,512.859785314597,479.0419925040732,458.86166877938047,433.7075245067663,409.756119679952,429.32828762856917,494.8074248549076,410.8265665304428,416.47333949281455,427.4715736053681,402.37572915700946,431.5541196942404,404.02252863851555,403.0104953401933,440.6594541071817,413.3741975680377,438.6154099199535,427.6645664161121,410.7565227580726,439.3618026317491,409.21931080576144,446.22929350026,482.74350478627207,502.25111081251333,490.2906699909149,239.82226913999986,211.63404635201545,177.6775844893922,159.00447587522774,144.7791191937672,151.06901074944017,134.5015972338054,165.17500569807737,148.97383269012857,141.00533411648865,129.33140712986403,125.15679135309472,60.500959938761326,53.16309385527531,68.5104191308915,57.337031752226935,63.441315410968635,104.96114785372743,108.68764573105472,99.45099656996985,110.06626259092309,111.43288185737991,63.200226466242555,61.22168204962789,71.8493612703935,65.21264792820908,62.72184321947524,61.81733495081919,57.2780366090698,54.154980660057625,52.58990736859097,51.20210886723651,29.25933336376732,34.33060811842998,25.397292585709142,40.02677263584997,24.85772467622591
290.8160267541405,254.63149103082233,240.96629494367195,223.56386092368285,224.50204899515225,228.1837311981842,248.16812397031433,257.3721006667038,250.52198600092788,255.3313959185209,238.59182495508423,235.48610722888864,482.3606424119167,448.751614461275,441.6112804749773,490.0972468928785,491.4626716329079,513.5110854345673,264.32757041034546,346.2345218932023,388.59939836260975,364.2101079311703,340.5317800721782,333.4425112800481,334.8427681671985,413.70399840380753,431.7381656998547,474.9295265965539,476.733117616237,457.34896233665626,447.1898674048697,437.28579664460057,442.53789829423283,448.1951026060154,462.75458102258733,414.6002789989419,433.0150848552138,388.76598721685826,415.08500797983316,377.49707908694563,413.0908330150229,419.3833450891119,397.5458035365984,403.30136532857085,402.4547229838533,417.32808693971714,401.4335316636687,398.92259268949323,401.97263799853175,428.0570738448393,485.67427487827956,481.77132519109136,485.01652649594166,228.70358799116457,194.96164081261634,176.78246138912525,170.54334924187984,148.87349610335087,152.63833717883696,145.00466148143929,139.97378304875397,129.05903104347703,146.31560363453235,127.9111790848747,134.8426964267864,61.563678540230896,58.0635933855483,54.69462906535449,58.95891876666008,62.672754054180714,91.47403784866691,110.07446928772303,112.9720377307618,121.31005395166336,114.46366818113991,60.63240218752775,77.24634746736757,73.12966708845721,57.808680439548326,71.93063010584173,55.46361226956883,55.19411820945766,57.53842246092954,51.858787045349274,49.12042050001763,32.30407553328412,38.59520202555703,32.392584093947704,32.63449426869801,33.98327820373976
513.124785858522,511.3529790934886,492.75204825247044,472.2638851354504,472.4779025775599,495.4903524365113,497.67476696699157,549.987884501671,510.451178645262,489.0734445047809,471.0664164587336,482.3606424119167,617.0529245837504,613.5040223187134,570.8706406632616,622.0796323193513,643.3644350483172,688.6599490298596,325.9555352092256,496.54462576316405,501.65044080030145,453.5520807959325,481.00313179832665,440.24077838831977,448.9111895069023,574.5305533836514,530.438195350628,546.2524763647876,686.53800072162,653.6425042341145,642.4893800373017,623.4561861871977,574.5769891207174,583.3650696557229,651.273440126049,560.9671637320962,563.3736644932656,574.9832943283149,541.6958201599753,569.3768289204793,572.0913633996918,538.5052460104174,578.7739251042537,604.863103385292,597.7459985249936,596.1629792837202,610.200689383247,631.1470697516562,597.89020492742,640.8067977517773,684.8563415231331,735.6887367848424,674.7382798470587,323.45209782496113,261.4831103636677,264.7808922220406,254.4166798455871,283.31750810346006,195.16675988518566,201.40820477768673,182.9387285311148,174.24802638014776,166.80228832289555,173.39453200785658,165.78580268304063,74.15449904761329,73.74227956620788,73.82039728361117,76.62464745670691,66.5965563370018,130.04384853300544,123.63148614707087,154.19191859884845,172.62110296160859,172.61278193774092,79.08977050752554,91.12046664665917,94.38320310113836,96.54620271184614,85.72458432204434,77.77840399197406,67.60516226707801,72.89838408602233,67.59275605027699,68.23431283574938,46.824093821087885,42.73343232953517,37.93740240261489,44.61377410507017,35.639190923458905
503.78467476840177,507.3653325626319,489.2747752146898,481.00566853055466,439.0538357365557,471.02319580731296,497.5169383740142,477.91827987260234,489.9995728126938,499.9892743476963,513.5510006915131,448.751614461275,613.5040223187134,603.9622736698133,571.8656361949388,590.6721024324772,644.3608736561356,680.1965038506313,317.7567897626825,464.97230863045036,537.796688232806,479.52508467607083,481.90565964644094,434.24727248593,422.38383529066584,544.1084944607517,488.1321294458959,501.2343779664742,508.30066855725073,615.8164227216735,588.7625404068481,593.0096433499062,591.873935760274,547.8140334297653,664.1741771479648,547.990776605363,590.5062125934355,553.4162499215876,576.2549908117455,603.1534478825813,580.3221299844877,557.5617213673165,563.6023833820454,587.2298662354027,589.90723462453,599.7952474894172,605.5533923536896,617.7120360704652,591.7826975432873,622.4132921753661,697.2439946883607,716.6645934597866,623.4644547448463,327.9159937023347,275.24556068946833,272.1652056467803,255.70333762006783,275.66201229971364,246.2673602294301,209.1176114794551,200.34740397136656,165.2849290345141,165.7104891660481,179.8332498751233,181.26924954772386,72.04944044768834,65.01249237518923,73.42792006175263,84.16515602224536,88.17721960991561,128.03455278497933,143.1651255720102,148.03158970081085,168.78811884869987,181.3099116892892,97.00329112610801,109.73463029927053,94.79646785997419,100.91624954784356,91.48315459183382,81.54555337900189,79.60256336398429,78.44917864207477,88.90636408207732,82.42265155118221,47.01028580259761,54.56800031179161,44.907332689904855,50.21102572568584,42.242760553880984
469.42165493242817,495.01498673867826,417.1392925498448,435.9492318504318,425.784313574605,477.0914886199166,471.78969750663816,482.5782871118812,493.73842701217666,478.6661308795565,440.1776256750081,441.6112804749773,570.8706406632616,571.8656361949388,635.3336568508221,596.0818070398582,632.3503823354523,685.3574401621856,323.9437311235842,488.98240932051925,515.3058320384466,458.1743003147334,473.4060967222167,422.62324549772575,381.41297317929855,533.5909044291396,499.06865227572996,516.2371103982324,474.3804653742342,505.71402492158666,571.0614660102111,585.091498548703,565.9019193606146,557.7135413674681,604.2572233351524,543.6571460080087,559.3806621684665,547.2227786500038,551.550697449084,540.4756914561377,544.9209374223121,526.8206056266367,561.4772746279983,559.245281378465,579.691492320226,578.3096715280128,562.4143957220474,569.5751551305779,612.224486959428,601.3968747773181,686.1100825929233,709.4955119309255,672.0602484285155,322.6213447220929,287.7233549146076,255.83889425771045,259.452785960284,262.1452372756649,267.2625261282867,265.63303887935723,205.3458176994779,165.59735998180977,168.39159397976348,178.88902178725078,177.9113661771181,73.91759798830603,79.15325596942819,82.49878638398971,81.52777689441847,87.33836825240124,131.38676371980017,122.82697017317453,143.62354416215453,169.82341486332763,185.41922549063617,104.65269682330629,119.80106526855349,112.54672374611539,105.58431303861022,117.52189236734299,99.17364280178954,91.31995699121906,80.62390335440115,90.33421215655926,95.88384014722055,61.93263195479535,56.67430552104873,49.565282694563116,53.06789097134679,53.74135512448227
521.5247633388952,465.60209448771815,512.7726903138143,477.8840163198105,463.26648045046664,507.27441224867925,510.3051876076903,516.6125910088788,509.89798452187745,527.9097503908552,491.36165166602757,490.0972468928785,622.0796323193513,590.6721024324772,596.0818070398582,760.2838179243042,708.7253856602046,797.1919211066371,434.3836812458516,605.6853479785711,649.3729666852755,564.1473128662158,540.2454588568464,518.1077435427834,502.223965035995,627.7328397663828,589.277729208058,554.5881511445791,551.2059568530923,522.9756822676492,522.7709018212704,593.0148903437242,595.7978021948314,623.6570964784553,686.67263502369,606.6941408411142,608.6455901079996,574.1558865765497,639.0003381194092,621.0827515661559,603.1729047643871,662.923976419593,659.9517730276107,663.6384643573656,663.607933255547,671.5983269496897,712.311375301822,678.0085355392707,720.3441389643592,708.2114340416316,776.8262246442981,800.7480696950427,794.3287646304109,340.5480311162048,284.6893548664382,288.56741663105834,271.28111788414014,269.5369957547,266.97291235433494,296.883854779401,296.6517165444808,172.99123437187,157.1886765615743,154.57996561547802,179.73512967033957,69.51120456965948,83.75313127859643,71.30178424793392,77.4017105999971,77.85023165655267,137.3838012642421,147.07915894749576,150.78346956960303,159.55585330800798,168.77037537595305,132.74800998938338,125.36546336840493,132.6229498399609,117.0198296486822,137.30761551929976,111.94871712211851,97.9441375338361,103.58330811440496,101.25773469738223,104.96926907452522,68.32136288993706,70.20827823274632,54.14830623796929,66.05303515817913,59.45016942471424
529.5117439658234,507.88041201432475,505.55625368171746,461.09898435442153,451.00192936240376,494.7219541778051,518.3875000793205,496.7050989191479,527.4295880644842,514.2109476818458,492.2843615771889,491.4626716329079,643.3644350483172,644.3608736561356,632.3503823354523,708.7253856602046,794.0126706484721,877.1458338982284,445.95887812853954,667.5731876031497,710.3480922936263,605.3461501189745,557.1310749922759,515.7732930464316,495.23872222805795,638.565588499465,620.6757497201365,588.2115594694517,584.0110420646254,539.1709683331528,507.9270311949018,544.1460844554646,594.4474094218651,632.1271400913869,688.8948969120677,642.7517041191317,650.399308456969,652.2755409887724,633.2478887810817,643.4138649827054,641.7402287341074,657.6729491648483,684.4710596918662,682.5835750039043,656.8428086599562,689.8032536747273,726.3924543875273,723.8727994131532,724.8886811982285,790.9257653520996,823.8333046069956,818.8615668371606,823.4314367631207,353.3163773927621,299.70403125152563,293.78523481311396,305.2398300863969,302.59197061352154,293.18753636462907,299.49756228243893,318.9457012211964,202.1622327096313,191.3302759521426,185.86006815952095,164.68367863251103,83.3173944356451,90.29584281513245,82.57140644788353,79.37981281112971,89.45617652472937,140.32058822211962,146.35296049629852,157.74312946836105,175.3017133599331,186.8257248791807,128.0701226134186,130.62240130366456,124.69731118032713,147.4808979884565,145.80856399171876,108.75130316674733,117.30885892108768,128.94274087049058,107.52244600121621,117.53242173406356,55.220597865683146,68.5416657163016,65.20428518091546,64.59590992165268,53.56761238852533
645.977350243141,620.2787861260699,630.8990083238798,547.122086297125,494.95202192793107,560.1387506199455,549.3949278433441,555.7948516647441,560.4475811080954,532.4202346199334,541.1909830191216,513.5110854345673,688.6599490298596,680.1965038506313,685.3574401621856,797.1919211066371,877.1458338982284,914.8012472395221,501.52071923891424,728.9521956667294,757.9618545443134,681.0161197919803,638.7500810147419,585.4993439705988,549.0415105846544,746.1253432410607,690.7658385299741,662.7736650742872,629.7554869072844,636.4952840590918,591.4551581399912,573.5699074785681,538.6457942415678,664.3009773099685,775.058691544694,706.3399918238516,702.4961065082393,714.275558678931,697.8371005837133,738.1048487608064,734.0621795841428,743.8720802156233,753.7906816680265,747.1763112279871,743.2140699618083,795.4824318058055,831.7481051089917,807.9199215978762,853.9054490861248,824.6156535422671,936.1424312035764,954.8223970349359,957.4051461784045,437.4201180351449,336.1511303741866,330.9564637450176,309.67599190948243,332.16728334138605,307.0150256328002,345.48412012966185,403.3935109051797,240.90445882490025,195.3481544858322,216.15715516545495,218.4865434423923,94.07984112395935,88.2305693464737,94.03811899827579,83.91717335161138,95.6055534559465,160.97499616336387,205.25036264673383,171.29604877570137,202.17145367486208,215.85023943749303,137.41154405328794,164.49972977898224,159.77708891060024,161.91212648515642,160.63936246819515,134.48177092230793,128.01539319245734,126.04064145786536,136.63904426507509,138.24879404142797,76.14327676092415,95.84861122684266,75.19686187554149,71.39176824010809,80.97077150711033
458.29254205493027,406.15706794036663,406.90726631787686,243.08222255101725,224.7875438629256,259.2197006318065,246.27183110684547,255.31490800987572,244.05049700810488,264.3378877666824,253.2032178889155,264.32757041034546,325.9555352092256,317.7567897626825,323.9437311235842,434.3836812458516,445.95887812853954,501.52071923891424,1613.189674563671,1280.346735207714,976.7848221669167,820.6833057363546,745.8522072282416,673.1218566467134,693.3949866130398,796.0214758200922,776.0248642245215,725.3037908424051,715.6012294664326,717.4459441559227,624.5840185408108,608.1969191469111,570.4822205214355,750.622603302043,1928.4396641968337,1433.271290642284,1032.183831522828,933.0262176066675,844.6927651410751,800.3084219486242,791.5039758940316,734.8869903114321,714.954015414964,706.6949009630235,719.1702233342616,754.9189347829738,701.4344092784266,649.2187958977522,644.8612561650014,670.1056292010978,702.1915296031898,704.9480320125539,711.1689166281302,474.69379162360167,461.20549439983307,468.27358342926925,473.7364170662572,469.28129713244016,469.5292727442472,440.05598084269764,532.7582760882628,466.8722281935055,442.2411601853005,436.11444460503833,442.51478121675007,215.49450101706063,216.41438318713142,236.762289815416,218.67679559121066,239.8814455900903,353.2363355051197,319.7250041289474,322.3367550201101,338.5941013226377,302.6765790081963,181.2119431206044,193.71687662355083,211.61237249203592,219.0837389289794,199.6247116367526,184.10661039631725,156.39796774508906,154.6515740257057,181.334611875014,173.79465909377117,93.95671293396472,90.99626191471279,118.67052795211832,113.20242463200955,104.46389671229299
692.0960855200897,585.2290127879485,566.246455281505,422.7343544851998,375.1079900011528,377.92382013874845,381.15305938965537,386.8168536432309,370.38740772728295,376.6390616827305,374.4710026818999,346.2345218932023,496.54462576316405,464.97230863045036,488.98240932051925,605.6853479785711,667.5731876031497,728.9521956667294,1280.346735207714,1945.2159181636757,1812.7674128380693,1324.6265071303847,1217.7038748941816,1100.4112099888487,1002.2034233662616,1263.9975923226625,1147.6136042361213,1149.9906943247288,1114.7334818082493,1038.2950031019263,992.9010282238469,922.0165034876316,938.5175094504731,927.3763170675225,1245.2138311828637,2242.835727109672,1716.8808076153996,1501.3308620989,1381.6843793143098,1326.5108913831123,1310.1804883546697,1240.0884269883222,1230.7553418618052,1098.154272033938,1143.701745493416,1152.9700922295024,1141.3775670074454,1107.632311926671,1055.167494482799,1053.7660146773646,1132.7822043241638,1139.9312704767867,1070.4948764010378,802.7895357155434,757.246028033015,752.5291554235072,764.5904666107426,764.5721833811358,706.2354765492207,748.6770331641701,740.183638984493,678.1216941882026,709.4500427283078,694.606780879572,706.3403220542942,353.5125023099112,319.9550970449635,341.0311160201281,326.45877472046556,328.41659096186834,478.86026624301627,509.62178212652833,480.1795610206657,521.6588096584644,493.3272404770162,303.3861409114118,275.53765563568913,280.4449613402255,275.27033789949564,312.7149530713425,243.34506425214144,229.87577752339973,245.03364367097447,228.20748225008933,225.22748857551377,169.0956035650317,165.5812951066724,141.8814162435766,145.68339074437102,147.87456431986473
935.2226813944358,843.7053233348247,716.3649371489752,595.3050418924287,515.3756672036859,453.6656653531783,417.6412930169977,401.70879184760184,437.87087396250297,403.69857608490935,405.2116704071667,388.59939836260975,501.65044080030145,537.796688232806,515.3058320384466,649.3729666852755,710.3480922936263,757.9618545443134,976.7848221669167,1812.7674128380693,2028.0665792560428,1777.5638204171037,1353.6656813390098,1259.7932289706173,1169.6802860229627,1379.3792365141635,1273.5500946097302,1282.212222404662,1239.1959781694295,1242.9183400456468,1118.2188879385994,1063.9916907974443,1077.7937106553613,1048.123218072485,1215.386228886162,1143.0623189177127,1871.7645422267713,1694.9863025815007,1610.9372664269872,1490.2244204720926,1526.799318467158,1424.770831631511,1370.183462263838,1271.7333965089397,1256.5890653693239,1343.2824027457928,1271.3417675097703,1198.7075458639424,1207.5533090264666,1161.6085106992828,1277.969197363945,1259.375817814264,1223.8094280397609,917.9526471678504,912.497451043525,903.4444318045298,856.3539079056488,860.4757647249273,881.9291577451957,868.1364139813866,913.7761537051854,777.6759126920393,801.6764111062926,771.8851194701219,795.3630459591539,420.1227958192677,354.44828256419396,370.5382567772171,361.26512326161094,368.07788822167095,521.8419891665009,555.0063408748349,545.7907548012712,586.2722923377758,593.2964540278377,333.643983639521,340.89955537764615,337.04901385676834,301.3095755966449,326.28787740528537,258.514620494205,275.99087457896417,255.92998121752302,257.63995468511257,259.8989351244187,167.28309581143586,175.90274544641144,158.81560353453028,155.74590250234897,160.915868644973
781.863513878742,717.4205355160902,649.3604391829842,541.3644534098689,498.92403017151025,532.4857704541104,411.5216539324292,391.367999028491,399.1725338343918,390.89905952291497,363.5199156492819,364.2101079311703,453.5520807959325,479.52508467607083,458.1743003147334,564.1473128662158,605.3461501189745,681.0161197919803,820.6833057363546,1324.6265071303847,1777.5638204171037,1583.3921815048882,1512.5486883336007,1204.3621305255401,1133.8730262689753,1316.7946699321328,1278.506663002886,1184.941754622534,1127.7763917317088,1129.4640011606814,1073.3903854364926,1062.393356153247,985.0816023898449,976.6689149294212,1035.9020792746364,929.3494441734035,1009.5771151511783,1566.1465918582453,1535.6567930248075,1426.6479582376287,1403.043628493008,1348.5707329952247,1258.7216360787775,1228.9289944117702,1222.6299310352913,1188.0935300594626,1190.4323620565633,1130.3271230325665,1087.6804719904667,1097.2220893666406,1213.7697063374044,1214.2476545089226,1150.9044030431367,900.1077795248369,856.6250804366157,846.0198982234031,793.5836950888465,786.3248755232855,794.1899951061174,823.807489166648,810.6013893666154,775.7290442005853,788.7234534704389,762.4858301097016,735.3282491142072,337.51943981267493,380.459790683086,359.3493552565959,334.44013673631474,347.33684706032125,529.134426050274,551.5124733363376,531.5795216158868,574.7587155642924,535.1683958358907,299.83450609428667,328.9439634704626,301.3569495813498,313.27522615244135,305.1738816592195,230.13517864492192,276.2788983883133,256.2541623756774,263.9877502545205,250.76660422963687,162.9610408110469,164.61158533566743,158.6036134411298,169.07395322571645,136.05422839875362
779.2420367527042,729.1503764637068,645.4085886440616,510.03114584967756,480.12546622465294,529.6671211227033,495.5776616623938,402.1051164026447,354.7451624111176,388.261355479409,368.85536497913745,340.5317800721782,481.00313179832665,481.90565964644094,473.4060967222167,540.2454588568464,557.1310749922759,638.7500810147419,745.8522072282416,1217.7038748941816,1353.6656813390098,1512.5486883336007,1481.6620793087184,1385.3034574889007,1130.7687030860973,1254.877821058589,1207.1958825265651,1189.3779041260227,1112.1533257440715,1075.117469909964,1007.4549470053432,1034.554115639214,967.125824330748,949.1653964925528,983.9573923092777,880.0538495948724,887.8089518350145,912.6016336684988,1467.184886601656,1414.15874507552,1359.0003147167174,1283.5782990291596,1285.3398622733628,1215.8138802153603,1169.2138219262658,1143.506328958983,1166.347064220747,1107.3444619620745,1073.8141634717751,1119.1580773098617,1153.5050749519642,1127.176874335355,1112.3164068167464,879.5711998753214,853.557606798434,841.3038685039292,785.6389065873636,816.2739318742143,802.9374671160667,777.0205044851788,829.7098761735521,752.199605304125,748.7209393690548,745.297184922789,723.2820127994415,369.28914328572796,384.39370843005935,361.03870879757045,337.9834346076091,336.47700445239605,508.2508520255377,499.6400482413022,516.1732959209937,500.34190185877503,525.4047397970414,315.26759031738334,288.4142661961674,289.80653130061074,303.6898520305981,303.57246588413034,231.6468619284589,249.86352312918677,257.3478612938012,251.64220832922726,234.2527502805311,161.37898924773893,152.24222351521158,147.247075814748,139.06303590483185,136.0080257556367
769.0819661361485,699.7168212968271,672.4681305305013,490.94429755287183,450.06741332920694,474.4466284283853,478.9019961578257,466.9668368835424,384.46026609006486,357.6725629854842,333.08719551178217,333.4425112800481,440.24077838831977,434.24727248593,422.62324549772575,518.1077435427834,515.7732930464316,585.4993439705988,673.1218566467134,1100.4112099888487,1259.7932289706173,1204.3621305255401,1385.3034574889007,1244.184367257734,1281.5743734787693,1219.213993928869,1152.0961353744383,1093.3499515338647,1058.4131907205806,1058.5179430072758,990.9804438139663,967.0298248748572,954.0962570890272,948.7139032282989,965.8258762891769,885.5718556274643,864.5046492744601,860.3423187670771,960.191573240751,1314.7892207043994,1313.0535985834713,1272.7173456784585,1227.4729259163691,1153.6617631240265,1119.783031917641,1154.5181598003383,1084.2433487087253,1081.6109361861854,1098.7964266553001,1019.1889734121497,1155.8521649502627,1140.8931808362056,1100.1324645747036,866.3262317378421,866.4905505550361,816.6903194797211,819.898871279406,794.6750083588367,728.4969875190861,762.61566230516,842.4895925360667,758.9213148318809,721.3833707596177,712.9895260393149,735.1222467461256,380.9779312822893,359.890017379714,386.0076441033191,364.5997117263215,334.63460435378147,494.4120055377769,517.4422877646791,533.8979172774681,491.775745174126,495.60486410142056,308.1819113641376,305.93915872546233,300.4140249584334,282.99064802994434,322.95366910615087,240.1035188081366,217.78941158083575,256.99831670786904,241.18876939272755,239.67892742995645,147.5451442030084,143.5681511816288,146.95615604730116,137.63705833386265,151.4184552054788
