7076,6460,5740,5202,4232,3743,2905,2239,1616,1129,889,686,536,399,297,153,163,136,5999,5439,7307,9077,8470,11158,10676,15597,13316,12740,10861,9094,7322,6494,4610,4165,3085,2354,2335,2345,2202,1379,1167,1087,1186,1287,1461,1797,1925,2156,2501,2683,2990,3126,3290,3219,3279,2231,2248,2087,1925,1750,1539,1337,1199,1065,913,415,358,346,298,293,348,348,337,304,326,190,184,185,171,164,155,144,132,142,131,76,79,93,94,85
6460,6194,5305,5190,4116,3586,2976,2281,1839,1320,1051,797,672,531,416,235,181,171,1978,5263,7245,9440,8181,6867,10352,10960,13380,11062,11024,9549,8703,6876,5982,4492,4232,2681,2515,2273,2248,2253,1259,1057,1099,1217,1257,1585,1776,2028,2142,2421,2700,2861,3047,3135,3030,2174,2069,2174,1978,1833,1576,1420,1275,1178,1056,451,410,377,341,282,370,356,421,350,298,185,162,166,171,166,125,132,142,140,142,68,73,82,86,72
5740,5305,5228,5002,4158,3370,2915,2397,1866,1550,1195,1021,802,620,501,300,251,210,2177,2200,7243,9400,8282,6707,6381,10659,9212,10948,9704,9844,8805,7917,6661,6051,4700,3823,2596,2450,2304,2302,2204,1144,1187,1188,1170,1445,1500,1711,2016,2175,2399,2565,2736,2784,2855,2055,1936,1991,2030,1865,1673,1542,1336,1313,1154,449,429,422,367,308,434,417,374,347,326,216,168,178,167,164,115,157,137,141,151,83,79,81,86,85
5202,5190,5002,5074,3995,3709,2991,2330,2040,1623,1434,1144,983,821,628,408,348,290,2545,2144,2697,9451,8563,6972,6281,6778,8880,7655,9651,8836,9066,8425,7698,6453,6536,4122,3867,2683,2449,2440,2212,2114,1247,1139,1091,1280,1412,1565,1760,1913,2098,2305,2424,2449,2551,1937,1910,1987,1950,1861,1728,1661,1460,1400,1204,498,517,465,400,378,491,407,397,385,331,192,168,186,156,175,148,109,129,121,128,75,80,70,93,74
4232,4116,4158,3995,3850,3470,3133,2538,2228,1835,1570,1348,1134,941,837,500,427,340,3269,2697,2152,2543,8234,6908,6222,6444,5643,7294,6809,8436,7840,8376,8168,7574,7000,6157,4211,3917,2572,2468,2316,2156,2164,1209,1145,1225,1199,1318,1476,1636,1815,1917,2131,2273,2240,1695,1743,1774,1754,1866,1756,1579,1518,1497,1367,582,577,421,452,357,528,450,427,351,326,174,175,180,158,149,123,137,122,126,126,73,84,85,74,78
3743,3586,3370,3709,3470,4094,3397,2924,2443,2201,1951,1696,1501,1262,1033,702,603,529,4489,3006,2240,2174,2508,7103,6747,6803,5903,5205,7000,6634,8447,7957,8686,8553,8957,7051,6779,4668,4307,2921,2504,2420,2438,2363,1246,1252,1181,1198,1341,1467,1745,1809,1943,1998,2235,1720,1785,1845,1799,1876,1836,1845,1780,1729,1582,692,607,568,468,476,602,532,470,438,385,219,187,196,155,166,164,142,125,130,138,73,73,88,69,70
2905,2976,2915,2991,3133,3397,3388,2995,2693,2357,2143,1934,1652,1514,1249,840,856,731,5190,3895,2306,1848,1983,2154,6413,6703,5587,4879,4385,5937,5735,7611,7531,8349,9122,8198,7011,6641,4597,4289,2670,2381,2445,2615,2515,1447,1221,1185,1243,1286,1319,1609,1684,1772,1884,1442,1494,1637,1760,1781,1764,1711,1738,1767,1552,775,636,588,556,451,657,545,506,463,405,234,203,182,171,171,125,132,112,137,108,82,94,63,93,69
2239,2281,2397,2330,2538,2924,2995,2958,2721,2530,2276,2138,1873,1744,1542,1109,997,995,5697,4413,2956,1860,1630,1755,1962,6214,5549,4737,4119,3833,5431,5480,7197,7111,8769,8304,8125,6945,6641,4536,3937,2531,2437,2590,2726,3333,1377,1195,1033,1099,1237,1352,1342,1574,1640,1300,1288,1413,1500,1662,1578,1739,1713,1730,1712,807,685,634,590,519,741,601,580,470,466,254,201,187,166,156,121,138,135,111,120,74,78,61,85,67
1616,1839,1866,2040,2228,2443,2693,2721,2746,2585,2523,2247,2033,1969,1831,1265,1259,1174,5960,4799,3333,2424,1706,1474,1646,2160,5044,4556,4031,3603,3581,4882,5077,6827,7769,8019,8189,8066,6969,6774,4371,3822,2552,2597,2705,3329,2293,1288,1276,1075,1120,1152,1248,1288,1358,1118,1230,1197,1308,1483,1406,1469,1617,1678,1629,775,744,694,612,562,740,682,601,536,476,233,194,214,168,167,138,126,110,111,128,71,87,68,90,60
1129,1320,1550,1623,1835,2201,2357,2530,2585,2634,2668,2520,2319,2190,2082,1479,1481,1351,5954,4908,3805,2686,1948,1495,1389,1809,1953,4083,3858,3450,3351,3318,4696,4821,7351,6958,8039,8175,7944,6741,6484,4140,3972,2738,2753,3391,2308,2487,1310,1206,1163,1109,1147,1150,1199,1013,1054,1098,1191,1267,1268,1359,1475,1626,1604,773,702,711,621,594,791,742,625,557,541,271,228,226,197,193,109,123,103,122,107,62,65,61,70,67
889,1051,1195,1434,1570,1951,2143,2276,2523,2668,2752,2734,2545,2468,2391,1831,1814,1847,5668,5320,4289,3075,2276,1967,1418,1728,1659,1808,3721,3498,3298,3237,3290,4653,5353,6817,7166,8216,8442,8297,6658,5902,4308,4273,2939,3579,2642,2714,2916,1401,1387,1076,1128,1124,1118,930,1005,988,1171,1133,1196,1305,1387,1507,1585,806,756,758,716,655,899,770,695,589,571,303,261,241,206,187,110,114,134,122,111,83,80,57,68,71
686,797,1021,1144,1348,1696,1934,2138,2247,2520,2734,3028,2832,2863,2784,2053,2230,2293,5360,4806,4583,3358,2622,2101,1790,1712,1552,1596,1697,3367,3328,3197,3178,3203,4899,4653,6892,7056,8269,8451,7947,6485,6111,4668,4490,3754,2632,2686,3157,3576,1619,1417,1215,1088,1117,864,981,1024,1049,1061,1143,1206,1302,1371,1440,690,710,739,675,681,875,803,753,661,622,310,314,267,250,188,155,129,128,148,136,86,69,62,83,71
536,672,802,983,1134,1501,1651,1873,2033,2319,2545,2832,3249,3266,3317,2612,2808,3125,4707,4894,4867,3843,3023,2517,2057,2042,1592,1636,1519,1684,3164,3100,2996,2979,3399,4422,4734,6898,7195,8257,8127,7362,6391,6658,4886,6437,2954,2899,3187,3844,4546,1820,1551,1247,1132,937,915,993,1000,1036,1092,1055,1206,1349,1409,706,705,708,746,686,933,846,767,754,647,349,293,295,263,259,190,162,146,146,108,80,81,70,67,69
399,531,620,821,941,1262,1514,1744,1969,2190,2468,2863,3266,4036,4031,3351,3575,3977,4334,4242,4990,4010,3406,2908,2459,2414,2029,1660,1521,1442,1649,3029,3098,2892,3189,2845,4563,4594,6810,7237,8142,7457,7646,7129,7511,6750,4207,3061,3382,4033,5129,5706,2066,1763,1291,999,937,1022,979,962,1025,1045,1059,1175,1265,646,673,683,737,638,936,942,761,726,704,396,367,307,283,265,188,197,168,136,143,73,71,82,88,73
297,416,501,628,837,1033,1249,1542,1831,2082,2391,2784,3317,4030,5100,4119,4680,5478,3693,4267,4885,4425,3698,3380,3003,3083,2401,1967,1645,1558,1623,1706,2913,2988,3168,2748,2971,4366,4766,6828,6848,7292,7753,8454,7897,10023,4820,4699,3736,4392,5416,6345,7106,2456,2036,1286,1034,1034,1097,1044,1060,1007,1055,1104,1229,586,574,631,674,614,919,920,897,804,709,397,370,352,329,308,233,222,181,163,145,68,81,86,81,76
153,235,300,408,500,702,840,1109,1265,1479,1831,2053,2612,3351,4118,4824,5540,6715,4008,4381,5513,4751,4573,3967,3568,3686,3090,2457,1910,1636,1580,1459,1614,2615,2972,2534,2624,2834,4198,4547,6373,6294,7572,8114,8937,10388,6442,5140,5596,4546,5387,6664,7603,8471,2782,2387,1238,1124,1052,989,907,958,848,885,844,446,475,499,480,469,722,713,696,647,654,345,330,295,246,236,204,199,159,156,146,74,74,73,75,77
163,181,251,348,427,603,856,997,1259,1481,1814,2230,2808,3575,4680,5540,8394,9713,4313,4559,5811,5396,5045,4749,4432,4760,4085,3531,2639,2223,1937,1836,1725,1901,3062,2865,2855,2848,3097,4666,4745,6394,6911,8640,9836,13014,7445,7781,6704,7692,6267,7404,8619,10223,12604,3606,1801,1475,1293,1287,1149,1019,1031,1047,1013,495,532,488,556,493,742,684,757,726,722,402,394,351,368,285,274,235,195,174,185,130,85,103,72,107
136,171,210,290,340,529,731,995,1174,1351,1847,2293,3125,3977,5478,6715,9713,19208,4175,4997,6275,6101,6099,5775,5808,6724,5791,5124,4119,3560,3164,2420,2319,2101,2177,3099,3127,3197,3152,3402,4964,5081,7471,8251,10606,14938,9492,9166,10768,9494,11316,8882,10103,11764,15784,22310,4147,2316,2122,1820,1672,1442,1440,1441,1387,723,610,605,643,592,881,826,831,871,846,501,497,460,463,464,343,322,290,296,269,153,132,125,97,102
5999,1978,2177,2545,3269,4489,5190,5697,5960,5954,5668,5360,4707,4334,3693,4008,4313,4175,31862,15820,9182,5384,4025,3598,2999,3428,3268,3349,3208,2880,3016,3263,3566,5427,19951,23039,38844,21079,12458,9105,6882,8105,6973,7934,6822,8070,5814,4731,3961,3472,2731,2419,1705,1534,1494,1286,1066,869,910,934,916,965,1046,1137,1144,638,629,536,480,481,609,538,469,449,414,226,173,187,167,172,124,115,115,107,126,71,65,66,74,72
5439,5263,2200,2144,2697,3007,3895,4413,4799,4908,5320,4806,4894,4242,4267,4381,4559,4997,15820,21502,12355,7114,5152,4030,3647,4034,3614,3559,3394,3349,3017,2997,3375,3464,6319,27968,9438,26820,17276,12258,8886,6930,8790,7583,8643,9453,7616,6773,5800,4785,4503,3270,3008,2230,2034,1766,1521,1457,1115,1090,1129,1031,1135,1153,1206,744,710,612,604,522,698,668,654,632,552,351,302,270,269,229,186,196,188,169,195,118,111,113,143,101
7307,7245,7243,2697,2152,2240,2306,2956,3333,3805,4289,4583,4867,4990,4885,5514,5811,6275,9182,12355,18672,14611,8058,6561,5312,5814,4992,4557,4233,4231,4126,3575,3479,3736,3784,3650,8074,7145,24013,18033,13546,9978,8407,10555,9465,14062,10502,10132,9173,8266,7298,6600,4963,4655,3518,2747,2460,2326,2325,1703,1491,1515,1455,1492,1516,822,883,814,783,793,1022,1032,942,924,873,460,505,438,428,385,294,343,318,307,314,208,201,206,189,185
9077,9439,9400,9451,2544,2174,1848,1860,2424,2686,3075,3358,3843,4010,4425,4751,5396,6101,5384,7114,14611,15518,13292,6878,6362,5922,5274,4814,4213,4210,4185,4169,3453,3465,3621,2929,3200,5132,5353,18210,14211,10515,8731,7451,9577,10418,10675,9747,9806,9007,9007,7457,7002,5309,4887,3141,2717,2662,2589,2518,1689,1637,1538,1512,1549,779,814,791,774,781,1065,969,1014,950,941,500,501,513,479,437,359,340,332,332,321,183,171,212,213,230
8470,8181,8282,8564,8234,2508,1983,1630,1706,1948,2276,2622,3023,3406,3698,4573,5046,6099,4025,5152,8058,13292,13594,12583,6351,6856,5378,5114,4547,4291,4156,4068,4144,3568,3579,2803,2902,3192,4061,4532,14096,11190,8965,7513,6589,10613,8271,9735,9196,9624,9669,8828,7463,7170,5178,4392,3022,2915,2706,2663,2364,1768,1590,1745,1627,748,803,815,772,797,1034,1059,1075,1033,1007,572,579,527,518,496,384,392,309,351,379,228,235,238,259,234
11158,6867,6707,6972,6908,7103,2154,1755,1474,1495,1967,2101,2517,2908,3380,3967,4749,5775,3598,4030,6561,6879,12583,12786,11993,7191,6486,5231,4927,4507,4333,4250,4286,4151,3553,2885,2876,2801,3086,3677,4032,11509,9799,7780,6575,7302,7997,7489,9528,8997,10378,9581,9186,7863,7312,4822,4180,3262,2977,2865,2726,2653,1957,1941,1653,871,832,755,763,819,1114,1097,1111,1099,1026,564,568,592,534,514,412,426,418,367,442,252,260,251,277,252
10676,10352,6381,6281,6222,6747,6413,1962,1646,1389,1418,1790,2057,2459,3003,3568,4432,5808,2999,3647,5312,6362,6351,11993,12254,14246,6871,6357,5077,5024,4654,4479,4477,4213,4427,2862,2974,2996,3027,3150,3260,3447,9306,8030,6869,7316,5749,7424,7378,9207,9396,10134,9911,9493,8159,6746,4555,4345,3306,3098,3019,2877,2778,2085,1934,962,924,875,844,828,1129,1159,1197,1096,1082,656,643,642,624,571,474,462,412,462,426,298,291,273,285,255
15596,10960,10659,6778,6445,6803,6703,6214,2160,1809,1728,1712,2042,2414,3083,3686,4760,6724,3428,4034,5814,5922,6856,7191,14246,18606,17075,7993,7654,5990,6056,5637,5463,5410,5417,4558,3484,3574,3611,3653,3576,3272,3767,9412,8267,8689,6797,6526,8451,8407,11514,11022,12030,12023,11451,8719,7315,5657,5271,4137,3788,3547,3708,3399,2493,1264,1228,1071,1053,991,1415,1474,1355,1357,1384,750,718,752,674,760,548,566,557,552,559,318,353,335,376,352
13316,13380,9213,8880,5643,5903,5587,5549,5043,1953,1659,1552,1592,2029,2401,3090,4085,5791,3268,3614,4992,5274,5378,6485,6871,17076,16964,16225,7644,7198,5938,5684,5260,5336,5313,4540,4537,3528,3492,3571,3234,3180,3118,3402,7655,8606,6715,6031,6028,7771,8424,10636,10655,11737,11429,9723,7531,7089,5465,5115,3886,3672,3671,3697,3391,1330,1236,1136,1076,1053,1467,1351,1398,1404,1309,776,695,693,736,708,574,583,559,568,503,397,345,375,355,314
12740,11062,10949,7655,7295,5205,4878,4737,4556,4083,1808,1596,1636,1660,1967,2457,3531,5124,3349,3559,4557,4814,5114,5231,6357,7993,16225,15686,15692,7405,6850,5948,5618,5279,5386,4400,4456,4415,3445,3545,3272,3007,3155,2984,3284,7997,6417,5918,5622,5561,7785,7734,10214,10157,11482,9849,8356,7502,7022,5375,5078,3852,3688,3792,3619,1877,1301,1281,1102,1053,1480,1354,1329,1394,1369,761,715,741,698,697,550,558,543,546,571,348,304,333,345,369
10861,11024,9705,9651,6809,7000,4385,4119,4031,3858,3721,1697,1519,1521,1645,1910,2639,4119,3208,3394,4233,4213,4547,4927,5077,7654,7644,15692,15426,15282,7005,6803,5538,5521,5385,4540,4378,4489,4392,3327,3212,2977,2961,3015,2762,3388,5780,5660,5401,5207,5730,7446,7553,9912,10171,9651,8563,8138,7170,7055,5182,4965,3811,3673,3706,1975,1823,1309,1191,1066,1435,1506,1437,1382,1381,775,720,685,695,708,565,521,536,539,543,359,374,328,329,341
9094,9549,9843,8836,8436,6634,5937,3833,3603,3450,3498,3367,1684,1442,1558,1636,2223,3560,2880,3349,4231,4210,4291,4507,5024,5990,7198,7405,15282,15134,14757,6732,6626,5568,5672,4424,4446,4317,4323,4330,3110,2807,2944,2934,3083,2904,3132,5290,5310,5223,5291,5452,7302,7485,9908,8737,8580,8184,8283,7205,6912,5249,4934,3925,3760,1900,1914,1870,1230,1157,1572,1523,1452,1490,1341,756,717,781,702,712,579,540,537,539,533,392,325,334,358,343
7323,8703,8805,9066,7840,8447,5735,5431,3581,3351,3297,3328,3164,1649,1623,1580,1937,3164,3016,3017,4126,4185,4156,4333,4654,6057,5938,6850,7005,14755,15026,14822,6923,6755,5822,4878,4508,4499,4450,4277,4137,2884,2874,2953,2973,3395,2735,2976,5000,5100,5323,5314,5326,7171,7443,8317,7648,8356,8558,8480,7130,6932,5536,5248,4002,2059,1979,1846,1877,1237,1640,1583,1532,1492,1385,756,789,775,706,710,582,549,531,526,527,375,399,384,367,354
6495,6876,7917,8425,8376,7957,7610,5480,4882,3318,3237,3197,3100,3029,1706,1459,1836,2420,3263,2998,3575,4169,4068,4250,4480,5637,5684,5948,6803,6732,14822,14656,14670,6789,7220,4868,4905,4400,4537,4492,4177,3820,3024,2869,2925,3320,3258,2716,3040,4850,5228,5152,5115,5227,7074,6258,7272,7396,8435,8586,8144,7262,7014,5437,5264,2128,2092,1931,1893,1827,1819,1694,1568,1436,1493,768,761,766,741,717,562,579,574,547,528,338,335,344,401,352
4610,5982,6661,7698,8168,8686,7531,7197,5077,4696,3290,3178,2996,3098,2913,1614,1725,2319,3566,3375,3479,3453,4144,4286,4477,5463,5260,5618,5538,6626,6923,14670,14688,14454,7383,6166,4914,4914,4515,4437,4137,3893,3731,2909,2912,3386,3033,3102,2795,3062,5091,5197,5180,5098,5356,5962,5424,7265,7210,8541,8224,8308,7351,7318,5664,2884,2207,2082,1988,1910,2724,1819,1616,1625,1456,801,772,737,737,704,565,548,519,546,595,388,362,366,382,394
4165,4492,6051,6453,7574,8553,8349,7111,6827,4821,4653,3203,2979,2893,2988,2615,1901,2101,5427,3464,3734,3465,3568,4151,4213,5411,5336,5279,5521,5568,6754,6789,14454,14558,16118,6336,6235,5002,4855,4520,4125,3919,3790,3846,2901,3231,3100,3078,3320,2899,3226,4931,5045,4968,5185,4268,5272,5489,7442,7669,8174,8427,8353,7719,7342,2995,2843,2113,1956,1919,2758,2737,1844,1656,1530,810,798,748,741,760,536,560,526,504,538,357,365,369,358,375
3085,4231,4701,6536,7000,8957,9122,8769,7770,7351,5353,4900,3399,3189,3168,2972,3062,2177,19951,6319,3784,3621,3579,3553,4427,5417,5313,5386,5385,5672,5822,7220,7383,16118,17668,16361,6607,6540,5178,5029,4369,3970,4009,4057,4025,3277,3102,3140,3382,3243,2977,3336,4913,5048,5193,4250,4126,5425,5684,7581,7557,8696,8850,8990,7846,4029,3114,2885,2151,2003,2945,2876,2631,1778,1625,841,774,822,792,793,591,599,565,593,575,366,330,375,382,344
2354,2681,3823,4123,6157,7051,8198,8304,8019,6958,6817,4653,4422,2845,2748,2534,2865,3099,23039,27967,3650,2929,2803,2885,2861,4558,4540,4400,4540,4423,4878,4868,6166,6336,16361,14854,14792,5667,5664,4213,3958,3452,3416,3428,3372,3986,2676,2547,2669,2717,2876,2367,2492,3888,4008,3299,3339,3338,4375,4640,5974,6396,7233,7466,7351,3462,3358,2439,2269,1783,2427,2274,2262,2105,1411,704,664,627,628,598,411,424,458,402,400,289,291,290,297,283
2335,2515,2596,3867,4211,6779,7011,8125,8189,8039,7166,6892,4734,4563,2971,2624,2855,3127,38844,9438,8074,3200,2902,2876,2974,3484,4537,4456,4378,4446,4508,4905,4914,6234,6607,14792,14992,15226,5737,5580,4045,3812,3372,3478,3328,3841,3380,2635,2564,2679,2888,2936,2407,2541,3854,3279,3203,3100,3294,4577,4580,6293,6501,7668,7652,3999,3512,3378,2580,2450,2534,2400,2289,2218,2095,764,689,664,638,601,459,463,435,439,427,288,256,284,291,276
2344,2273,2450,2683,3917,4668,6640,6945,8067,8175,8216,7056,6898,4594,4366,2834,2848,3197,21080,26820,7145,5132,3192,2801,2997,3574,3528,4415,4489,4317,4499,4400,4914,5002,6540,5668,15227,15504,15225,5753,5188,3825,3712,3442,3340,4003,3467,3600,2625,2695,2843,2897,2963,2370,2603,3158,3252,3219,3098,3441,4432,4787,6492,6761,7724,4248,4087,3641,3578,2605,3480,2452,2423,2409,2246,1159,764,714,643,563,468,447,455,475,440,288,290,268,273,294
2202,2248,2304,2449,2572,4307,4596,6641,6970,7944,8442,8269,7195,6810,4766,4198,3097,3152,12458,17276,24013,5353,4061,3086,3027,3611,3492,3445,4393,4323,4450,4537,4515,4855,5178,5665,5737,15225,15330,15214,5376,5069,3854,3776,3338,4019,3609,3520,3598,2751,2807,2715,2926,3007,2394,2061,3049,3180,3265,3371,3348,4604,4963,6646,6879,4277,4300,4191,3717,3617,3773,3611,2472,2447,2320,1287,1222,733,739,598,508,480,487,473,469,289,256,288,277,270
1379,2253,2302,2440,2469,2921,4289,4536,6774,6741,8297,8451,8257,7237,6828,4547,4666,3402,9105,12258,18033,18209,4532,3677,3150,3653,3571,3545,3326,4330,4277,4492,4437,4520,5029,4213,5580,5753,15213,15344,14576,5005,5160,3771,3799,4122,3636,3633,3498,3660,2832,2763,2830,2876,2974,1920,1984,3221,3146,3413,3187,3487,4737,5071,6937,3801,4411,4342,4358,3823,5291,3869,3607,2591,2380,1328,1228,1208,780,703,533,501,479,478,438,285,277,271,292,269
1167,1259,2204,2212,2316,2504,2670,3937,4371,6483,6658,7947,8127,8143,6848,6374,4745,4964,6882,8885,13546,14211,14096,4032,3260,3576,3234,3272,3212,3110,4137,4177,4137,4125,4369,3958,4045,5188,5376,14576,14134,13046,4774,4822,3586,4238,3561,3534,3392,3382,3692,2555,2584,2660,2832,2281,1708,1888,2904,3100,2955,3102,3247,4504,4902,3443,3592,4191,4141,4251,5342,5193,3600,3369,2461,1257,1227,1215,1194,683,536,472,463,435,445,239,278,268,244,271
1087,1057,1144,2114,2156,2420,2381,2531,3822,4141,5902,6486,7362,7457,7292,6294,6394,5081,8105,6930,9978,10515,11190,11509,3447,3272,3180,3007,2977,2807,2884,3820,3893,3919,3970,3452,3812,3825,5069,5005,13044,12096,11966,4590,4451,3932,3509,3228,3197,3133,3378,3264,2384,2457,2544,2129,2040,1669,1791,2378,2358,2465,2461,2759,3498,2064,2697,2767,3136,3139,4473,4058,3901,2820,2723,1086,1042,1012,1012,909,532,480,437,428,421,265,247,259,273,253
1186,1099,1187,1247,2164,2438,2445,2437,2552,3972,4308,6111,6391,7646,7753,7572,6911,7470,6972,8790,8407,8731,8965,9799,9306,3767,3118,3155,2961,2944,2874,3024,3730,3790,4009,3416,3372,3712,3854,5160,4774,11966,12114,12375,4422,5201,3501,3453,3176,3216,3405,3321,3234,2415,2390,2087,2042,2132,1635,1756,2218,2456,2434,2525,2603,1871,1888,2630,2725,3055,4641,4487,3895,3709,2719,1446,1029,1000,957,1010,737,527,502,417,479,272,276,253,242,260
1287,1217,1188,1139,1209,2363,2615,2590,2597,2738,4273,4668,6658,7129,8454,8114,8640,8251,7934,7583,10556,7452,7513,7779,8030,9412,3402,2983,3015,2934,2953,2869,2909,3846,4057,3428,3478,3442,3776,3771,4822,4590,12375,12131,12115,5327,4659,3560,3548,3213,3355,3221,3303,3410,2489,2114,2070,2118,2132,1663,1644,2376,2466,2482,2555,1420,1944,1944,2646,2726,4618,4653,4558,3877,3563,1479,1379,1054,983,990,831,709,503,480,472,285,261,260,254,259
1461,1257,1171,1091,1145,1245,2514,2726,2705,2753,2939,4490,4886,7511,7897,8937,9836,10606,6822,8643,9465,9577,6589,6575,6869,8267,7655,3284,2762,3083,2973,2925,2912,2901,4025,3372,3328,3340,3338,3799,3586,4451,4422,12115,11974,14507,4716,4579,3500,3471,3364,3381,3359,3386,3370,2106,2026,2010,2094,2123,1556,1625,2330,2451,2543,1376,1404,1823,1916,2590,4067,4605,4473,4421,3813,1999,1491,1411,1064,991,753,723,726,503,467,320,269,251,270,254
1797,1585,1445,1280,1225,1252,1447,3333,3329,3391,3579,3754,6437,6750,10022,10388,13015,14938,8070,9453,14061,10418,10613,7302,7316,8688,8606,7997,3388,2904,3395,3320,3386,3231,3277,3986,3841,4003,4019,4122,4239,3932,5201,5327,14507,18242,15331,5656,5575,4155,4439,3898,3866,3931,3926,3503,2319,2365,2362,2414,2408,1789,1899,2762,2834,1622,1609,1639,2267,2315,4829,4932,5373,5378,5291,2576,2406,1722,1740,1214,942,1007,899,836,608,350,312,315,315,276
1925,1776,1500,1412,1199,1181,1222,1377,2293,2308,2642,2632,2954,4207,4821,6442,7445,9492,5814,7616,10501,10675,8271,7995,5749,6797,6715,6417,5780,3132,2735,3258,3034,3100,3102,2676,3380,3467,3609,3635,3561,3509,3501,4659,4716,15331,12581,12070,4882,4757,3759,3739,3437,3468,3441,3065,2797,2061,1999,2197,2166,2201,1711,1903,2743,1530,1588,1574,1657,2219,3268,4558,4680,5118,5016,2861,2297,2248,1678,1501,945,908,890,855,807,367,347,298,311,316
2156,2028,1711,1565,1318,1198,1185,1195,1288,2487,2714,2686,2899,3061,4699,5140,7781,9166,4731,6773,10132,9747,9735,7489,7424,6526,6031,5918,5660,5290,2976,2716,3102,3078,3140,2546,2635,3600,3521,3633,3535,3228,3453,3560,4579,5656,12070,12108,12195,4877,4944,3690,3660,3480,3443,3093,2764,2775,2111,2181,2037,2151,2223,1840,1820,1504,1503,1478,1522,1599,3162,3276,4331,4466,4975,2844,2742,2331,2215,1747,1235,881,878,883,838,528,375,337,352,299
2501,2142,2016,1760,1476,1341,1243,1033,1276,1310,2916,3157,3187,3382,3736,5596,6704,10768,3961,5800,9173,9807,9196,9528,7378,8451,6028,5622,5401,5310,5000,3040,2795,3320,3381,2668,2564,2625,3598,3498,3392,3197,3176,3548,3500,5575,4882,12195,12466,12337,4964,4784,3756,3672,3528,2963,2812,2842,2887,2159,2028,2034,2099,2191,1762,992,1438,1537,1556,1532,2368,3178,3297,4367,4498,2765,2690,2700,2259,2271,1276,1296,982,909,855,522,568,374,344,320
2683,2421,2175,1913,1636,1467,1286,1099,1075,1206,1401,3576,3844,4033,4392,4546,7692,9493,3472,4785,8266,9006,9624,8997,9207,8407,7771,5561,5207,5223,5100,4851,3062,2899,3243,2717,2680,2695,2751,3660,3382,3133,3216,3213,3471,4155,4757,4877,12337,12286,13081,4784,4883,3790,3728,3087,2774,2846,2812,2861,2006,2112,2014,2245,2262,1010,969,1563,1485,1543,2339,2356,3208,3401,4422,2426,2761,2780,2662,2360,1886,1329,1292,965,900,555,540,549,384,351
2990,2699,2398,2098,1815,1744,1319,1237,1120,1163,1387,1619,4546,5130,5417,5387,6268,11315,2731,4503,7298,9007,9669,10378,9396,11513,8424,7785,5730,5291,5323,5228,5091,3226,2977,2876,2888,2843,2807,2832,3692,3378,3405,3355,3364,4439,3759,4944,4964,13080,13953,13415,5301,5377,3933,3632,2967,3130,3100,3070,2896,2226,2268,2335,2347,1323,986,990,1498,1519,2360,2375,2450,3402,3330,2631,2494,2907,2857,2819,2071,1923,1377,1421,1008,655,643,567,533,339
3126,2861,2565,2305,1917,1809,1609,1352,1152,1109,1076,1417,1820,5706,6345,6664,7404,8882,2419,3270,6600,7457,8829,9581,10135,11022,10636,7734,7446,5452,5314,5152,5197,4931,3336,2366,2936,2897,2715,2763,2555,3264,3321,3221,3381,3898,3739,3690,4784,4784,13415,13084,13169,5153,5088,3462,3213,3025,2991,2983,2823,2902,2224,2259,2230,1278,1319,931,1025,1395,2177,2158,2153,2274,2913,1616,2083,2225,2442,2418,1939,1657,1670,1234,1257,571,629,518,582,581
3290,3047,2736,2424,2131,1943,1684,1342,1248,1147,1128,1215,1551,2066,7106,7602,8619,10103,1705,3008,4963,7001,7463,9186,9911,12030,10655,10214,7552,7301,5326,5115,5180,5045,4913,2492,2407,2963,2926,2830,2584,2384,3234,3303,3359,3866,3437,3660,3756,4883,5301,13168,13386,13183,5302,4692,3315,3301,2985,2954,2843,2883,2868,2236,2187,1211,1245,1269,982,966,1999,2113,2102,2161,2192,1586,1584,2079,2158,2468,1944,1881,1704,1629,1268,758,628,562,542,520
3219,3135,2784,2449,2273,1998,1772,1574,1288,1151,1124,1088,1247,1763,2456,8471,10223,11764,1534,2230,4655,5309,7170,7863,9493,12023,11737,10157,9912,7485,7171,5227,5098,4968,5048,3888,2541,2370,3007,2876,2660,2457,2415,3410,3386,3931,3468,3480,3672,3790,5377,5153,13184,13498,13579,4635,4044,3301,3225,3009,2908,2906,2971,2942,2232,1212,1262,1252,1289,957,1489,2031,2088,2188,2112,1216,1558,1704,2057,2155,2027,1967,1940,1754,1708,781,802,617,614,613
3279,3030,2855,2551,2240,2235,1884,1640,1358,1199,1118,1117,1132,1291,2036,2782,12604,15784,1495,2034,3518,4887,5178,7312,8159,11451,11429,11482,10172,9909,7443,7074,5356,5185,5193,4008,3854,2603,2393,2974,2832,2544,2390,2489,3370,3926,3441,3443,3528,3728,3933,5088,5302,13578,14051,12739,4163,4216,3191,3261,2950,2901,2889,2875,2977,1175,1178,1209,1219,1285,1335,1438,1989,2059,2080,1140,1157,1573,1564,2089,1749,1945,1923,1935,1735,1131,829,744,641,612
2231,2174,2055,1937,1695,1720,1442,1300,1118,1013,930,864,937,999,1286,2387,3606,22310,1286,1766,2747,3141,4392,4822,6747,8719,9723,9849,9651,8737,8317,6258,5963,4268,4250,3299,3279,3158,2061,1920,2281,2129,2087,2114,2106,3503,3065,3093,2963,3087,3632,3462,4692,4635,12739,12382,10576,3882,3972,3066,2867,2654,2557,2660,2570,1593,1040,1116,1110,1086,1581,1144,1262,1808,1865,1027,1094,1106,1445,1404,1603,1614,1863,1870,1896,1111,1006,764,804,524
2248,2069,1936,1910,1743,1784,1494,1288,1230,1054,1005,981,915,937,1034,1238,1801,4146,1066,1521,2460,2717,3022,4180,4555,7315,7532,8356,8563,8579,7648,7272,5424,5272,4126,3340,3203,3252,3049,1984,1708,2041,2042,2071,2026,2319,2797,2764,2811,2774,2967,3213,3315,4044,4163,10576,8946,8775,3426,3453,2549,2512,2319,2295,2435,1381,1417,970,1024,984,1471,1454,1081,1191,1797,1059,1022,1087,1055,1378,1171,1559,1721,1985,1845,1160,1059,998,774,716
2087,2174,1991,1986,1774,1845,1637,1413,1197,1098,988,1024,993,1022,1034,1124,1475,2316,869,1457,2326,2662,2915,3262,4345,5657,7089,7502,8139,8184,8356,7396,7265,5489,5425,3338,3100,3219,3180,3221,1888,1669,2132,2118,2010,2365,2061,2775,2842,2845,3130,3025,3301,3301,4216,3883,8775,8834,8849,3388,3341,2599,2612,2428,2421,1387,1359,1418,980,996,1471,1413,1473,1128,1115,915,1010,1037,1001,1087,1169,1174,1600,1618,1803,1235,1208,1076,1122,829
1926,1978,2030,1950,1754,1799,1760,1500,1308,1191,1171,1049,1000,979,1097,1052,1293,2122,910,1115,2325,2589,2706,2977,3306,5271,5465,7021,7170,8283,8558,8435,7210,7442,5684,4375,3294,3098,3265,3146,2904,1791,1635,2132,2094,2362,1999,2111,2887,2812,3101,2991,2985,3225,3191,3972,3426,8849,8998,8932,3276,3347,2612,2559,2384,1338,1386,1283,1374,972,1311,1403,1477,1460,1107,637,973,1003,961,1069,841,1110,1199,1597,1640,1295,1225,1273,1159,1057
1750,1833,1865,1861,1866,1875,1781,1662,1483,1267,1133,1061,1036,962,1044,989,1287,1820,934,1090,1703,2518,2663,2865,3098,4137,5115,5375,7055,7205,8480,8586,8540,7669,7581,4640,4577,3441,3371,3413,3100,2378,1756,1664,2122,2414,2197,2181,2159,2861,3070,2983,2954,3009,3261,3066,3453,3388,8931,9081,8718,3345,3355,2647,2596,1333,1372,1393,1392,1375,1338,1414,1476,1459,1543,602,665,955,962,958,884,842,1075,1226,1552,1131,1282,1247,1235,1082
1539,1576,1673,1728,1756,1836,1764,1578,1406,1268,1196,1143,1092,1025,1060,907,1149,1672,917,1129,1491,1689,2364,2726,3019,3788,3885,5078,5182,6912,7130,8144,8225,8174,7556,5974,4580,4432,3348,3187,2955,2358,2218,1644,1556,2408,2166,2038,2028,2006,2896,2823,2843,2908,2950,2867,2549,3341,3275,8718,8486,8557,3188,3304,2518,1481,1343,1283,1376,1295,1811,1346,1320,1359,1450,788,606,616,929,968,778,775,781,1107,1149,1020,1076,1194,1275,1141
1336,1420,1542,1661,1579,1845,1711,1739,1469,1359,1305,1206,1055,1045,1007,958,1019,1442,965,1031,1515,1637,1768,2653,2877,3547,3672,3852,4965,5249,6932,7263,8308,8427,8696,6396,6293,4787,4604,3487,3102,2465,2456,2376,1625,1789,2201,2151,2034,2112,2226,2902,2883,2906,2901,2654,2513,2599,3347,3346,8556,8798,8775,3196,3267,1446,1523,1364,1334,1355,1862,1913,1301,1291,1330,823,835,583,581,938,761,726,717,766,1143,735,977,1053,1274,1245
1199,1275,1336,1460,1518,1780,1738,1713,1617,1475,1387,1302,1206,1059,1055,848,1031,1440,1046,1135,1455,1538,1590,1957,2778,3708,3671,3688,3811,4934,5536,7014,7351,8354,8850,7233,6501,6492,4963,4737,3247,2461,2434,2466,2330,1899,1711,2223,2099,2014,2268,2224,2868,2971,2889,2557,2319,2612,2612,3355,3188,8775,8740,8923,3258,1872,1447,1470,1275,1257,1891,1839,1852,1355,1324,806,795,810,582,624,765,720,743,747,778,724,766,1056,1173,1188
1065,1178,1313,1400,1497,1729,1767,1730,1678,1626,1507,1371,1349,1175,1104,885,1047,1441,1137,1153,1492,1512,1745,1941,2085,3399,3697,3792,3673,3925,5248,5437,7319,7719,8991,7466,7668,6761,6646,5071,4505,2759,2525,2482,2451,2762,1903,1840,2191,2245,2335,2259,2236,2942,2875,2660,2295,2428,2559,2647,3304,3196,8923,9256,9507,1903,2010,1503,1408,1456,1829,1891,1821,1939,1377,803,789,830,875,561,491,736,769,884,827,566,718,780,1115,1056
913,1056,1154,1204,1367,1582,1552,1712,1629,1604,1585,1440,1409,1264,1229,844,1013,1387,1144,1206,1516,1549,1627,1653,1934,2493,3391,3619,3706,3760,4002,5264,5664,7342,7846,7351,7652,7724,6878,6937,4902,3498,2603,2555,2543,2834,2743,1820,1762,2262,2347,2231,2187,2232,2977,2570,2435,2421,2384,2596,2519,3267,3259,9508,9236,5676,2106,1923,1445,1450,1922,1915,1888,1923,1954,736,783,817,838,832,428,447,803,795,816,500,517,702,872,1148
415,451,449,498,582,692,775,807,775,773,806,690,706,646,586,446,495,723,638,744,822,779,749,871,962,1264,1330,1877,1975,1900,2059,2128,2884,2994,4029,3462,3999,4248,4277,3801,3442,2064,1871,1419,1376,1622,1530,1504,992,1010,1323,1278,1211,1212,1175,1593,1381,1387,1338,1333,1481,1446,1872,1903,5676,3598,3663,1183,1288,861,1195,1108,1109,1107,1187,726,433,445,463,468,409,239,280,479,457,289,336,279,480,449
358,410,429,517,577,607,636,685,744,702,756,710,705,673,574,475,532,610,629,710,883,814,803,832,924,1228,1236,1301,1823,1914,1978,2092,2207,2844,3114,3358,3512,4087,4300,4412,3592,2697,1888,1944,1404,1609,1588,1503,1438,969,986,1319,1245,1262,1178,1040,1417,1359,1386,1372,1343,1523,1447,2010,2106,3663,3660,3836,1240,1227,1284,1217,1131,1126,1156,626,751,463,443,455,400,392,244,237,354,264,236,217,303,356
346,377,422,465,421,568,588,634,694,711,758,739,708,683,631,499,488,605,536,612,814,791,815,755,875,1071,1136,1281,1309,1870,1846,1931,2082,2113,2885,2439,3378,3641,4191,4342,4191,2767,2630,1944,1824,1639,1574,1478,1537,1563,990,931,1269,1252,1209,1116,970,1418,1283,1393,1283,1364,1470,1503,1923,1183,3836,3586,3750,1219,1762,1232,1257,1156,1118,641,693,723,453,479,395,378,434,212,244,237,228,242,283,243
298,341,367,400,452,468,556,590,612,621,716,675,746,737,674,480,556,643,480,604,783,774,772,763,844,1053,1076,1102,1191,1230,1877,1893,1989,1956,2151,2269,2580,3578,3716,4358,4141,3137,2725,2646,1916,2267,1657,1522,1556,1485,1498,1025,982,1289,1219,1110,1024,980,1374,1392,1376,1334,1275,1408,1445,1288,1240,3750,3798,3650,1777,1703,1227,1230,1210,676,695,707,692,461,345,404,409,364,226,159,261,245,247,250
293,282,308,378,357,476,451,519,562,594,655,681,686,638,614,469,493,592,481,522,793,781,797,819,828,991,1053,1053,1066,1157,1237,1827,1910,1919,2003,1783,2450,2605,3617,3823,4250,3139,3055,2726,2590,2315,2219,1599,1532,1543,1519,1395,966,957,1285,1086,984,996,972,1375,1295,1355,1257,1456,1450,861,1227,1219,3650,3778,5254,1711,1751,1208,1299,649,691,731,767,673,357,366,406,386,403,152,142,253,241,233
348,370,434,491,528,602,657,741,740,791,899,875,933,936,919,722,742,881,609,698,1022,1065,1034,1114,1129,1415,1467,1480,1435,1572,1640,1819,2724,2758,2945,2427,2534,3480,3773,5291,5342,4473,4641,4618,4067,4829,3268,3162,2368,2339,2360,2177,1999,1489,1335,1581,1471,1471,1311,1338,1811,1862,1891,1829,1922,1195,1285,1762,1777,5254,7456,7577,2386,2534,1727,996,928,953,960,1060,860,515,556,585,592,389,222,205,375,330
348,356,417,407,450,532,545,601,682,742,770,803,846,942,920,713,684,826,538,668,1032,969,1058,1097,1159,1474,1351,1354,1506,1523,1583,1694,1819,2737,2876,2274,2400,2452,3611,3869,5193,4058,4487,4653,4605,4932,4557,3276,3178,2356,2375,2158,2113,2031,1438,1144,1454,1413,1403,1414,1346,1912,1839,1891,1914,1108,1217,1232,1703,1711,7577,7318,7141,2419,2452,1053,1072,961,972,1033,806,851,543,589,593,344,390,186,223,368
337,421,374,397,427,470,506,580,601,625,695,753,767,761,897,697,757,831,469,654,942,1015,1075,1111,1197,1355,1398,1329,1437,1452,1531,1568,1616,1844,2631,2262,2289,2423,2472,3607,3600,3901,3895,4558,4473,5373,4681,4331,3297,3208,2450,2153,2102,2088,1989,1262,1081,1473,1477,1476,1320,1301,1852,1821,1888,1109,1131,1257,1227,1751,2386,7141,7258,7258,2567,1451,1055,1071,993,986,834,823,860,530,608,357,411,399,178,215
304,350,347,385,351,438,463,470,536,557,589,661,754,726,804,647,726,871,449,632,924,949,1033,1099,1096,1357,1404,1394,1382,1490,1492,1436,1625,1656,1778,2105,2218,2409,2447,2591,3369,2820,3709,3877,4421,5378,5118,4466,4367,3401,3403,2274,2161,2187,2059,1808,1191,1128,1460,1459,1359,1291,1355,1939,1923,1107,1126,1156,1230,1208,2534,2419,7257,7368,7544,1513,1615,1112,1087,1017,795,850,884,893,606,334,394,382,433,200
326,298,326,331,326,385,405,466,476,541,571,622,647,704,709,654,722,846,414,552,873,941,1007,1026,1082,1384,1309,1369,1381,1341,1385,1493,1456,1530,1625,1411,2095,2246,2320,2380,2461,2723,2719,3563,3813,5291,5016,4974,4498,4422,3330,2913,2191,2112,2080,1865,1797,1115,1107,1543,1450,1330,1324,1377,1954,1187,1156,1118,1210,1299,1727,2452,2567,7544,8266,4786,1565,1555,1135,1158,878,844,868,884,973,369,408,416,464,453
190,185,216,192,174,219,234,254,233,271,303,310,349,396,397,345,402,501,226,351,460,500,572,564,656,750,776,761,775,756,756,768,801,810,841,704,764,1159,1287,1328,1257,1086,1446,1479,1999,2576,2861,2844,2765,2426,2631,1616,1586,1216,1140,1027,1059,915,637,602,788,823,806,803,736,726,626,641,676,649,996,1053,1451,1513,4786,2836,2938,921,925,707,549,521,533,535,505,377,216,233,247,259
184,162,168,168,175,187,203,201,194,228,261,314,293,367,370,330,394,497,173,302,505,501,579,568,643,718,695,715,720,717,789,761,772,798,774,664,689,764,1222,1228,1227,1042,1029,1379,1491,2407,2297,2743,2690,2761,2494,2083,1584,1558,1157,1094,1022,1011,973,665,606,835,795,789,783,433,751,693,695,691,928,1072,1055,1615,1565,2938,3094,3094,957,978,556,621,523,539,539,371,411,248,246,286
185,166,178,186,180,196,182,187,214,226,241,267,295,307,352,295,351,461,187,270,438,513,527,592,642,752,693,741,686,781,775,766,737,748,822,627,664,714,734,1208,1215,1012,1000,1054,1411,1722,2248,2331,2700,2780,2907,2225,2079,1704,1573,1106,1087,1037,1003,955,616,583,810,830,817,445,463,723,707,731,953,961,1070,1112,1555,921,3094,3087,3094,931,808,591,634,573,535,389,429,416,258,277
171,171,167,156,158,155,171,166,168,197,206,250,263,284,329,246,368,463,167,269,428,479,518,534,624,674,736,698,695,702,706,741,737,741,792,628,638,643,739,780,1194,1012,957,983,1064,1739,1678,2215,2259,2662,2857,2442,2158,2057,1564,1445,1055,1001,961,962,929,581,582,875,838,463,443,453,692,767,960,972,993,1087,1135,925,957,3094,3272,3236,841,809,625,626,565,403,361,402,481,284
164,166,164,175,149,166,171,156,167,193,187,188,259,265,308,236,285,464,172,229,385,437,496,514,571,760,708,697,708,712,710,717,704,760,793,598,601,563,598,703,683,909,1010,990,991,1215,1501,1747,2271,2360,2819,2418,2468,2155,2089,1404,1378,1087,1069,958,968,938,624,561,832,468,455,479,461,673,1061,1033,986,1017,1158,707,978,931,3236,3326,2909,878,892,596,675,431,429,436,456,523
155,125,115,148,123,164,125,121,138,109,110,155,190,188,233,204,274,343,124,186,294,359,384,412,474,548,574,550,565,579,582,562,565,536,591,411,459,468,508,533,536,532,737,831,753,942,945,1235,1276,1886,2071,1939,1944,2027,1749,1603,1171,1169,841,884,778,761,765,491,428,409,400,395,345,357,860,806,834,795,878,549,556,808,841,2909,2297,2455,734,786,500,352,335,349,383,433
144,132,157,109,137,142,132,138,126,123,114,129,162,197,222,199,235,322,115,196,343,340,392,426,462,566,583,558,521,540,549,579,548,560,599,424,463,447,480,501,472,480,527,709,723,1007,908,881,1296,1329,1923,1657,1881,1967,1945,1614,1559,1174,1110,842,775,726,720,736,447,239,392,378,404,366,515,851,823,850,844,521,621,591,809,878,2455,2426,2533,792,771,354,411,365,376,438
132,142,137,129,122,125,112,135,110,103,134,128,146,168,181,159,195,290,115,188,318,332,309,418,412,557,559,543,536,537,531,574,519,526,565,458,435,455,487,479,463,437,502,503,726,899,890,878,982,1292,1377,1670,1704,1940,1923,1863,1720,1600,1199,1075,781,717,743,769,803,280,244,434,409,406,556,543,860,884,868,533,523,634,625,892,734,2533,2583,2597,824,565,387,414,381,409
142,140,141,121,126,130,137,111,111,122,122,148,146,136,163,156,174,296,107,169,307,332,351,367,462,552,568,546,539,539,526,546,546,504,593,402,439,475,473,478,435,428,417,480,503,836,855,883,909,965,1421,1234,1629,1754,1935,1870,1985,1618,1597,1226,1107,766,747,884,795,479,237,212,364,386,585,589,530,893,884,535,539,573,626,596,786,792,2597,2690,2839,565,608,434,432,420
131,142,151,128,126,138,108,120,128,107,111,136,108,143,145,146,185,269,126,195,314,321,378,442,426,559,503,571,543,533,527,528,595,538,575,400,427,440,469,438,445,421,479,472,467,608,807,838,855,900,1008,1257,1268,1708,1735,1896,1845,1803,1640,1552,1148,1143,778,827,816,457,354,244,226,403,592,593,608,606,973,505,539,535,565,675,500,771,824,2839,2968,1975,626,661,465,527
76,68,83,75,73,73,82,74,71,62,83,86,80,73,68,74,130,153,71,118,208,183,228,252,298,318,397,348,359,392,375,338,388,357,366,289,288,288,289,285,240,265,272,285,320,350,367,528,522,555,655,571,758,781,1131,1111,1160,1235,1295,1131,1020,735,724,566,500,289,264,237,159,152,389,344,357,334,369,377,371,389,403,431,352,354,565,565,1975,1548,1554,432,465,357
79,73,79,80,84,73,94,78,87,65,80,69,81,71,81,74,85,132,65,111,201,171,235,260,291,353,345,304,374,325,399,335,362,365,330,291,256,290,256,277,278,247,276,261,269,312,347,375,568,540,643,629,628,802,829,1006,1059,1208,1225,1281,1076,977,766,718,517,336,236,228,261,142,222,390,411,394,408,216,411,429,361,429,335,411,387,608,626,1554,1668,1575,485,594
93,82,81,70,85,88,63,61,68,61,57,62,70,82,86,73,103,125,66,113,206,212,238,251,273,335,375,333,328,334,384,344,366,369,375,290,284,268,288,271,268,259,253,260,251,315,298,337,374,549,567,518,562,617,744,764,998,1076,1273,1247,1194,1053,1056,780,702,279,217,242,245,253,205,186,399,382,416,233,248,416,402,436,349,365,414,434,661,432,1575,1706,1792,541
94,86,86,93,74,69,93,85,90,70,68,83,67,88,81,75,72,97,74,143,189,213,259,277,285,376,355,345,329,358,367,401,382,358,382,297,291,273,277,292,244,273,242,254,270,315,311,352,344,384,533,582,542,614,641,804,774,1122,1159,1235,1275,1274,1173,1115,872,480,303,283,247,241,375,223,178,433,464,247,246,258,481,456,383,376,381,432,465,465,485,1792,1882,2139
85,72,85,74,78,70,69,67,60,67,71,71,69,73,76,77,107,102,72,101,185,230,234,252,255,352,314,368,341,343,354,352,394,375,344,282,276,294,270,269,271,253,260,259,254,276,316,299,320,351,339,581,520,613,612,524,716,829,1057,1082,1141,1245,1188,1056,1148,449,356,243,250,233,330,368,215,200,453,259,286,277,284,523,433,438,409,420,527,357,594,541,2139,2179
