7908,6940,6373,5820,4877,3877,2857,2177,1603,1142,888,653,463,357,325,224,177,193,4214,4989,7379,9668,9835,13861,13852,16129,13415,12696,11005,9297,7510,6859,4701,4493,3367,2820,2608,2590,2459,1465,1273,1346,1307,1565,1681,1717,1927,2079,2385,2585,2976,3151,3213,3344,3250,2465,2449,2175,2059,1949,1788,1469,1380,1265,1039,359,331,318,270,240,349,360,311,306,292,167,162,178,153,157,144,119,133,140,147,99,78,85,69,72
6940,6728,5962,5674,4540,3526,3086,2318,1767,1354,1104,815,569,496,429,258,255,242,1737,4910,7792,10131,9457,8820,13466,11217,13063,11403,10977,9865,8836,6994,6419,4701,4687,3060,2860,2720,2667,2689,1422,1386,1279,1381,1546,1585,1763,1983,2088,2400,2687,2839,2935,3025,3061,2306,2406,2292,2077,2074,1733,1590,1372,1309,1146,428,403,360,312,261,380,360,322,319,333,184,167,136,137,164,148,117,128,143,115,85,68,82,102,87
6373,5962,5736,5510,4477,3543,2906,2424,1931,1621,1228,990,778,642,578,405,303,281,1854,2427,7781,10625,9748,8468,8382,10612,9174,10915,9805,9919,9305,8223,6861,6325,4964,4326,2990,2810,2716,2831,2605,1454,1354,1370,1406,1449,1609,1763,1978,2166,2477,2609,2666,2683,2731,2214,2225,2124,2151,2023,1843,1630,1521,1413,1222,479,385,421,345,335,453,411,343,346,305,195,168,137,176,137,130,127,127,155,123,77,68,97,76,87
5820,5674,5510,5672,4501,3655,2966,2517,2133,1775,1422,1202,900,775,735,481,465,394,2530,2242,3163,10458,10010,8726,8188,6762,8844,7826,9655,8893,9423,8806,8158,6754,7042,4773,4562,2944,2955,2787,2646,2557,1495,1427,1323,1212,1469,1600,1713,1995,2277,2337,2458,2469,2510,2088,1988,2139,2061,2171,1928,1775,1577,1568,1368,508,440,435,348,339,463,424,382,326,370,198,163,188,161,147,125,125,112,117,116,83,85,100,89,85
4877,4540,4477,4501,4634,3629,3212,2608,2316,1978,1672,1395,1046,895,899,622,555,501,3212,3073,2619,2999,9742,8794,8135,6643,5698,7581,6927,8573,8378,8670,8543,7949,7535,7024,4972,4683,3142,2917,2747,2572,2597,1453,1314,1189,1208,1331,1493,1635,1891,2085,2073,2219,2251,1852,1875,1943,1988,2078,1935,1875,1796,1700,1489,528,500,482,421,357,440,425,415,385,324,167,171,157,169,145,125,115,115,90,115,74,71,75,79,74
3877,3526,3544,3655,3629,3732,3200,2762,2385,2056,1810,1533,1272,1093,1014,731,763,667,4108,3214,2606,2368,2754,8123,8015,6288,5234,4828,6362,6033,7919,7499,8250,8194,8611,7219,7139,4918,4491,3051,2644,2546,2584,2652,1360,1186,1031,1123,1161,1295,1614,1629,1804,1883,2006,1686,1722,1732,1851,1931,1855,1881,1763,1786,1617,621,535,501,415,357,497,470,387,380,344,174,157,151,147,145,146,107,104,115,115,71,66,61,54,50
2857,3086,2906,2966,3212,3200,3398,2877,2605,2367,2082,1763,1478,1356,1359,944,852,852,4564,4266,2916,2070,2120,2564,7357,6211,5263,4565,4078,5484,5548,7236,7004,8047,8735,8450,7478,7069,4941,4638,2949,2573,2557,2592,2693,1344,1082,1042,1067,1170,1286,1387,1549,1577,1655,1388,1526,1564,1600,1843,1814,1847,1823,1771,1734,609,559,536,484,452,537,517,444,400,342,198,164,179,152,141,122,115,93,104,95,61,84,67,60,65
2177,2318,2424,2517,2608,2762,2877,3042,2675,2583,2277,1945,1668,1496,1496,1200,1139,1112,5232,4676,3796,2301,1887,1984,2443,5652,5095,4412,4059,3707,5037,5007,6724,7031,8736,8599,8373,7472,7063,4899,4415,2751,2678,2712,2728,2978,1279,1041,1014,1029,1160,1253,1299,1343,1474,1282,1281,1396,1548,1639,1637,1751,1673,1825,1755,686,587,586,555,501,626,586,505,425,386,196,188,166,132,144,108,129,100,107,98,73,49,55,51,73
1603,1767,1931,2133,2316,2385,2605,2675,2818,2594,2410,2158,1947,1706,1763,1392,1351,1260,5101,5121,4089,2707,1775,1692,1858,2008,4588,4189,3678,3447,3378,4803,4890,6685,7608,8474,8693,8679,7380,7099,4552,4146,2864,2751,2828,2969,2006,1169,1062,984,1050,1024,1075,1154,1201,1075,1144,1295,1361,1410,1527,1590,1689,1775,1780,730,625,575,578,506,683,601,507,451,413,199,207,205,147,147,122,108,84,111,109,57,76,46,63,60
1142,1354,1621,1775,1978,2056,2367,2583,2594,2784,2577,2365,2012,1937,2014,1652,1626,1590,5299,5019,4735,3028,2241,1724,1581,1741,1841,3889,3639,3362,3194,3132,4424,4704,7001,7035,8586,8786,8680,7481,6672,4285,4136,2857,2877,3065,2147,2201,1165,1117,1058,1033,1029,1057,1117,979,1024,1159,1219,1319,1375,1463,1473,1678,1719,661,667,634,545,576,654,627,553,515,462,227,207,189,181,160,115,109,109,121,90,54,69,61,42,64
888,1104,1228,1422,1672,1810,2082,2277,2410,2577,2742,2393,2280,2042,2216,1871,1976,1918,4781,5280,4908,3444,2480,2053,1613,1550,1567,1737,3238,3210,3113,3059,2987,4279,5018,6684,7232,8366,8423,8485,6990,6210,4407,4422,3028,3060,2156,2277,2503,1216,1229,965,956,941,974,900,1014,1041,1099,1110,1207,1274,1359,1524,1576,644,664,603,566,574,750,754,601,567,481,248,245,195,158,138,101,116,101,106,88,62,71,57,47,72
653,815,990,1202,1395,1533,1763,1945,2158,2365,2393,2512,2405,2341,2455,2121,2150,2332,4112,4228,5082,3607,2746,2116,1805,1471,1383,1379,1450,2857,2819,2714,2798,2903,4446,4555,6690,6881,8217,8347,7681,6112,5950,4361,4384,3024,2116,2248,2451,2884,1280,1093,958,943,926,806,827,920,921,1022,1069,1120,1241,1427,1432,602,554,614,599,571,713,710,614,563,490,253,227,244,173,137,109,88,119,73,103,53,74,48,72,66
463,569,778,900,1046,1272,1478,1668,1947,2012,2280,2405,2430,2502,2867,2487,2696,2886,3234,4166,4962,3896,3056,2378,2009,1712,1428,1256,1305,1394,2540,2630,2615,2563,2954,3882,4309,6221,6480,7900,7566,6887,6006,6221,4571,4736,2288,2198,2496,3152,3577,1432,1247,989,840,826,784,863,882,936,926,1019,1043,1277,1302,532,526,546,567,534,752,748,644,560,533,258,251,246,206,176,127,139,110,87,95,64,54,66,54,64
357,496,642,775,895,1093,1356,1496,1706,1937,2042,2341,2501,2910,3273,3080,3229,3499,2937,3256,4989,3931,3275,2742,2319,1993,1591,1347,1301,1354,1416,2463,2561,2585,2701,2707,4155,4440,6454,6762,7364,6847,6849,6349,6718,4989,3197,2341,2473,3055,3808,4365,1630,1298,1035,847,829,855,846,914,917,985,978,1127,1152,484,472,566,581,570,699,731,687,630,545,277,260,259,251,194,152,123,123,108,109,91,56,56,52,42
325,429,578,735,899,1014,1359,1496,1763,2014,2216,2455,2867,3273,4504,4026,4635,5074,2808,3592,5494,4725,4014,3539,3048,2623,2145,1741,1455,1383,1471,1610,2695,2875,2967,2780,2953,4587,4876,7141,7007,7560,8209,8623,8031,8354,3882,4011,3132,3528,4410,5295,5643,1917,1676,1138,994,992,1056,1007,942,1013,1089,1104,1179,513,528,561,562,554,738,812,738,715,669,352,334,275,284,246,180,180,117,153,115,60,69,67,52,72
224,258,405,481,622,731,944,1200,1392,1652,1871,2121,2487,3080,4026,5132,5813,6967,3260,4187,6500,5740,5208,4568,4249,3737,2884,2371,1949,1608,1652,1513,1721,2727,3078,2929,3047,3173,4912,5205,7462,7345,8689,9394,10108,9705,5979,4689,5294,4208,5021,6188,6870,7744,2565,2352,1326,1194,1095,1128,1023,1025,1003,994,1023,462,461,458,459,471,642,707,688,657,628,341,284,258,289,223,162,169,184,157,115,86,78,67,63,61
177,255,303,465,555,763,852,1139,1351,1626,1976,2150,2696,3229,4635,5813,8228,9830,3219,4391,6835,6215,5671,5213,4935,4685,3885,3223,2502,2174,1938,1751,1791,1889,3187,3101,3203,3162,3448,5484,5494,7540,7976,9986,11056,12229,6938,7084,6061,7172,5816,6744,7639,9001,11033,3558,1778,1566,1383,1246,1237,1171,1145,1106,1040,471,439,519,538,546,698,682,786,676,726,392,344,372,339,333,219,209,208,159,150,86,85,67,60,66
193,242,281,394,501,667,852,1112,1260,1590,1918,2332,2886,3499,5074,6967,9830,19235,3226,4763,7252,6820,6769,6495,6532,6219,5651,4788,3867,3420,3125,2488,2412,2152,2296,3548,3670,3665,3557,3907,5854,5746,8612,9391,12020,13916,8790,8657,9843,8688,10683,8091,9100,10568,13913,22525,4359,2404,2097,1904,1743,1599,1575,1612,1455,713,580,579,645,608,879,770,818,892,802,494,492,445,417,419,316,273,277,237,216,133,114,101,85,98
4214,1737,1854,2530,3212,4108,4564,5232,5101,5299,4781,4112,3234,2937,2808,3260,3219,3226,27002,14009,8724,4279,3027,2744,2464,2444,2545,2579,2492,2290,2452,2678,2969,4710,19547,21605,38206,19027,10079,7017,5091,6056,5221,5861,5059,5005,3709,3028,2432,2186,1643,1566,1121,914,946,888,779,617,650,715,698,861,871,916,936,484,436,407,348,304,380,349,325,310,274,126,114,109,99,93,76,69,74,59,66,39,38,52,50,55
4989,4910,2427,2242,3073,3214,4266,4676,5121,5019,5280,4228,4165,3256,3592,4186,4391,4763,14010,23831,12414,7397,5193,4024,3839,3643,3238,3264,3298,3138,2919,2964,3466,3543,6813,33293,11148,30104,17232,11442,8242,6558,8249,6999,8250,7548,6052,5254,4625,3735,3689,2580,2430,1816,1705,1527,1361,1356,1079,1048,1070,1091,1106,1210,1209,592,569,577,542,450,590,537,567,510,468,264,247,232,177,175,141,131,152,135,120,107,93,81,78,76
7379,7791,7781,3164,2619,2606,2916,3797,4089,4735,4908,5082,4962,4989,5494,6500,6835,7251,8724,12414,23414,17130,9929,8120,6750,6187,5246,4921,4826,4691,4721,4253,4156,4433,4582,4739,12365,9572,30010,22239,15978,11946,10251,12973,11301,13983,10439,10038,9351,8289,7330,6608,4949,4624,3504,3081,2821,2749,2627,2009,1793,1752,1714,1806,1800,826,863,822,778,807,1043,1039,989,954,947,501,492,402,425,392,318,289,304,329,276,174,169,190,191,188
9668,10131,10625,10458,2999,2368,2070,2301,2707,3028,3444,3607,3896,3931,4725,5740,6215,6819,4279,7397,17130,18612,15991,8652,7890,6409,5838,5119,4707,4681,4657,4746,3887,3990,4276,3591,4077,7141,6746,21971,16859,12835,10617,8829,11558,10522,10808,9688,10033,9331,9103,7658,7198,5328,4924,3721,3259,3085,3013,2819,1994,1847,1939,1780,1786,845,791,820,781,837,1110,1052,1057,1030,1015,539,523,534,472,475,334,338,308,357,337,225,226,222,218,235
9835,9458,9749,10010,9742,2754,2120,1887,1775,2241,2480,2746,3055,3275,4014,5208,5671,6769,3027,5193,9929,15991,16998,15578,8249,7481,6102,5559,5000,4731,4797,4700,4711,3961,4081,3395,3534,3933,5214,5709,16752,13613,11146,9058,7970,10729,8260,10039,9370,9896,10148,9223,7957,7378,5711,5241,3690,3349,3271,3217,2991,2118,2023,2003,1974,878,803,836,806,784,1118,1072,1082,1096,1009,582,582,575,499,511,446,425,405,394,398,257,248,237,216,225
13861,8820,8468,8726,8794,8123,2564,1984,1692,1724,2053,2116,2378,2742,3539,4568,5214,6495,2744,4024,8120,8652,15578,16684,16530,7932,7294,5923,5529,5043,5095,4857,4995,4918,4213,3448,3689,3615,3835,4552,4903,13567,11730,9535,8241,7301,8364,7851,9720,9311,10633,10244,9763,8412,8112,5941,5112,3956,3692,3548,3354,3277,2389,2232,2117,906,853,904,808,827,1131,1227,1086,1082,1101,608,564,583,579,551,465,449,427,442,417,263,272,293,251,287
13852,13466,8382,8187,8135,8015,7357,2443,1858,1581,1613,1805,2009,2319,3048,4249,4935,6532,2464,3839,6750,7890,8249,16531,17468,16998,7729,7378,6094,5713,5373,5411,5254,5180,5353,3634,3605,3711,3730,3994,3959,4367,11724,9971,8595,7663,6272,7897,7573,9829,10096,10954,10835,10248,8835,8186,5708,5268,4243,3956,3700,3621,3550,2514,2495,1014,977,922,930,857,1216,1321,1201,1200,1172,637,643,631,658,591,484,477,445,467,437,309,288,291,295,267
16130,11217,10612,6762,6643,6288,6211,5653,2008,1741,1550,1471,1712,1994,2623,3737,4685,6219,2444,3643,6187,6409,7481,7932,16999,17396,16307,7634,7373,6020,5728,5444,5290,5133,5306,4822,3732,3799,3778,3808,3799,3614,4131,9945,8945,7791,6161,5564,7587,7412,10197,9896,10707,10588,10437,9051,7394,5548,5369,4211,3865,3754,3774,3647,2713,1124,1003,984,926,871,1316,1243,1275,1254,1158,638,629,636,617,656,482,514,536,461,489,324,291,295,309,286
13415,13063,9174,8844,5698,5234,5263,5095,4588,1841,1567,1383,1428,1591,2145,2884,3885,5651,2545,3238,5246,5838,6102,7294,7730,16307,16676,15740,7414,7030,5839,5705,5201,5290,5318,4666,4775,3742,3669,3641,3645,3395,3323,3573,8204,7573,5962,5302,5224,6922,7414,9411,9451,10365,10342,10061,7635,7340,5679,5307,3940,3866,3810,3787,3550,1134,1097,1022,1033,932,1364,1308,1220,1194,1178,673,651,688,643,603,541,479,522,502,508,309,302,306,315,306
12696,11403,10915,7826,7581,4828,4565,4412,4189,3889,1737,1379,1256,1347,1741,2371,3223,4788,2579,3264,4921,5119,5558,5923,7378,7634,15740,15620,15499,7071,6842,5598,5581,5276,5401,4681,4724,4726,3619,3603,3435,3230,3321,3184,3363,6980,5738,5223,4979,5081,6983,6958,9144,9319,10470,9858,8492,7485,7402,5646,5155,3945,3935,3776,3743,1733,1158,1037,1024,971,1404,1332,1261,1213,1200,654,642,644,631,620,469,470,510,450,502,347,292,334,341,275
11005,10977,9805,9654,6927,6362,4078,4059,3678,3639,3237,1450,1305,1301,1455,1949,2502,3867,2492,3298,4826,4707,5000,5529,6094,7373,7414,15499,15121,14711,6954,6785,5621,5341,5419,4665,4693,4674,4657,3596,3340,3210,3266,3353,2915,2989,5385,4984,4743,4652,5146,6565,6826,8942,8914,9971,8892,8520,7564,7467,5469,5041,4031,3931,3800,1785,1677,1093,1041,926,1386,1332,1221,1256,1194,675,616,649,636,626,515,497,490,491,525,301,366,338,287,340
9297,9865,9920,8893,8573,6033,5484,3707,3447,3362,3210,2857,1395,1354,1383,1608,2174,3420,2290,3138,4691,4681,4731,5043,5713,6020,7030,7071,14711,14664,14860,6771,6797,5590,5617,4785,4636,4716,4641,4643,3282,3096,3171,3154,3229,2638,2756,4856,4716,4576,4886,4817,6513,6601,8924,8866,8537,8579,8457,7618,6911,5405,5119,4063,3878,1708,1720,1619,1063,1056,1394,1326,1326,1193,1220,705,638,614,633,601,489,482,478,525,498,286,290,305,347,303
7510,8836,9305,9423,8378,7918,5548,5037,3378,3194,3113,2819,2540,1416,1471,1652,1938,3125,2452,2919,4721,4657,4797,5095,5373,5728,5838,6842,6954,14860,14922,14844,6857,6884,5824,5188,4918,4658,4570,4631,4351,3155,3191,3229,3206,3155,2547,2768,4637,4597,4822,4841,4874,6479,6697,8641,7870,8695,8753,8603,7429,7336,5600,5371,4239,1782,1733,1712,1711,1118,1540,1436,1366,1382,1267,726,715,645,650,626,535,451,483,494,497,344,293,327,355,332
6859,6994,8223,8806,8670,7499,7236,5007,4802,3132,3059,2714,2630,2463,1610,1513,1751,2488,2678,2964,4253,4746,4700,4856,5411,5444,5705,5598,6785,6771,14844,14589,14645,6737,7292,5292,5212,4901,4694,4803,4418,3977,3048,3175,3103,2983,2915,2529,2758,4397,4813,4690,4756,4814,6285,6245,7629,7872,8744,8589,8495,7615,7293,5617,5388,1936,1815,1775,1797,1708,1671,1554,1435,1292,1262,746,668,722,584,659,507,529,470,504,508,296,324,313,323,314
4701,6419,6861,8160,8542,8250,7004,6724,4891,4424,2988,2798,2615,2561,2695,1721,1791,2412,2969,3466,4156,3887,4711,4995,5254,5290,5201,5581,5621,6797,6857,14645,14421,14726,7402,6435,5155,5040,4984,4851,4432,4008,4095,3135,3185,3066,2891,2993,2475,2731,4516,4686,4659,4664,4784,6030,5745,7324,7831,8732,8533,8643,7590,7474,5659,2469,1805,1838,1731,1775,2457,1671,1464,1351,1273,727,729,666,674,620,499,518,499,497,494,316,369,310,332,326
4494,4701,6325,6754,7949,8194,8047,7031,6685,4704,4279,2903,2563,2585,2875,2727,1889,2152,4710,3543,4433,3990,3961,4918,5180,5133,5290,5276,5341,5590,6885,6737,14726,14446,15951,6519,6734,5326,5162,4809,4516,4106,4186,4085,3227,3055,2761,2835,2934,2478,2938,4483,4590,4538,4634,4557,5561,5921,7603,7998,8721,8772,8791,7905,7667,2696,2647,1899,1831,1866,2621,2392,1602,1479,1331,716,691,684,705,617,499,530,512,497,499,319,292,353,298,328
3367,4687,4964,7042,7535,8611,8735,8736,7607,7001,5017,4445,2954,2701,2967,3078,3187,2296,19547,6813,4582,4276,4081,4214,5353,5306,5318,5401,5419,5617,5825,7292,7402,15951,17508,17047,7001,6803,5506,5429,4573,4301,4263,4225,4258,3031,2926,2980,2941,3178,2709,2979,4407,4610,4694,4473,4334,5636,5982,7855,7995,8955,9255,9259,8019,3775,2614,2584,1937,1898,2556,2621,2527,1632,1387,731,784,735,656,669,525,497,440,497,526,322,348,283,320,308
2820,3060,4326,4774,7024,7219,8450,8600,8474,7035,6684,4555,3882,2707,2780,2929,3101,3548,21606,33294,4739,3591,3395,3448,3634,4822,4666,4681,4665,4785,5188,5292,6434,6521,17046,16320,16447,6351,6197,4771,4327,3890,3856,3818,3819,3757,2484,2493,2647,2607,2898,2335,2485,3793,3826,3647,3393,3622,4740,5103,6456,6776,7835,8073,7824,3303,3115,2298,2197,1540,2220,2264,2246,2088,1348,675,613,563,528,512,454,431,405,412,414,243,279,241,282,258
2608,2860,2990,4562,4973,7139,7478,8373,8693,8586,7232,6690,4309,4155,2954,3047,3203,3670,38207,11147,12363,4077,3534,3689,3605,3732,4775,4725,4693,4636,4917,5212,5155,6734,7001,16446,16480,16662,6425,6271,4459,4175,3839,3931,3823,3712,3355,2538,2710,2659,2874,2878,2310,2504,3882,3700,3441,3675,3703,5002,5089,6997,7094,8297,8164,3764,3288,3118,2330,2167,2448,2252,2113,2169,2031,768,695,630,572,526,408,420,396,399,420,255,299,291,247,245
2590,2720,2810,2944,4683,4918,7069,7472,8679,8785,8366,6881,6221,4440,4587,3173,3162,3665,19027,30103,9572,7141,3933,3615,3711,3799,3742,4726,4674,4717,4658,4901,5040,5326,6803,6351,16662,16888,16458,6341,5944,4133,4139,3919,4025,3676,3468,3395,2562,2530,2833,2905,2934,2440,2507,3570,3464,3459,3718,3868,4882,5245,7170,7573,8550,3849,3887,3446,3401,2408,3255,2429,2288,2301,2186,1238,762,676,584,585,487,462,437,397,426,294,256,246,272,277
2459,2667,2716,2956,3142,4491,4941,7063,7380,8680,8423,8217,6480,6454,4876,4912,3448,3557,10079,17232,30012,6746,5214,3835,3730,3779,3669,3619,4656,4641,4570,4694,4984,5162,5506,6197,6425,16458,16810,16816,6020,5640,4202,4272,3834,3882,3433,3521,3528,2676,2794,2790,2872,2855,2326,2209,3412,3597,3669,3708,3798,5268,5568,7395,7839,4095,4073,4006,3574,3558,3630,3360,2464,2275,2301,1189,1169,706,656,559,469,459,428,411,392,280,256,257,259,257
1465,2689,2831,2787,2917,3051,4638,4899,7099,7481,8485,8347,7900,6762,7141,5205,5484,3907,7017,11441,22239,21971,5709,4551,3994,3808,3641,3603,3595,4643,4631,4803,4851,4809,5429,4771,6271,6341,16816,17244,15939,5636,5586,4259,4275,3853,3530,3503,3530,3598,2818,2721,2809,2854,2962,2110,2187,3507,3618,3847,3575,3889,5160,5860,7628,3558,4062,4045,4143,3633,5255,3811,3528,2481,2338,1248,1305,1235,729,704,491,480,483,437,441,283,253,242,250,251
1273,1422,2605,2646,2747,2644,2949,4415,4553,6672,6990,7681,7566,7364,7007,7462,5494,5854,5091,8243,15979,16859,16751,4903,3959,3799,3645,3434,3340,3282,4351,4418,4432,4516,4573,4326,4459,5944,6020,15939,15288,14237,5329,5365,4116,4063,3276,3416,3364,3342,3507,2500,2613,2687,2707,2597,1937,2128,3317,3321,3414,3527,3688,5210,5327,3341,3480,3842,3935,4029,5086,5096,3560,3371,2332,1176,1231,1184,1072,676,498,506,458,397,437,267,292,258,252,247
1346,1386,1454,2557,2572,2546,2573,2751,4146,4285,6210,6112,6887,6847,7560,7345,7540,5746,6056,6558,11946,12836,13613,13567,4367,3614,3395,3230,3210,3097,3155,3977,4008,4107,4302,3890,4175,4133,5640,5636,14238,13758,13609,5107,5057,3684,3277,3122,3214,3166,3233,3188,2381,2363,2424,2298,2224,1764,1835,2748,2656,2753,2708,3031,3894,1935,2523,2610,2930,3072,4462,3956,3722,2878,2514,1097,1018,1049,988,929,482,450,406,422,409,252,209,235,243,224
1307,1279,1354,1495,2597,2584,2558,2678,2864,4136,4407,5950,6006,6849,8209,8689,7976,8612,5221,8250,10251,10617,11147,11730,11723,4131,3323,3321,3266,3171,3191,3048,4095,4186,4264,3856,3839,4138,4202,5585,5330,13608,13620,13653,5135,5016,3501,3366,3186,3203,3459,3293,3217,2345,2461,2274,2237,2387,1871,1945,2665,2662,2642,2823,2993,1789,1925,2474,2617,3009,4445,4473,3936,3826,2695,1486,1117,1031,984,981,748,494,455,424,411,255,227,252,197,223
1565,1381,1370,1427,1453,2652,2592,2712,2751,2857,4422,4361,6221,6349,8623,9394,9986,9391,5861,6999,12973,8829,9059,9535,9971,9945,3573,3184,3353,3154,3229,3175,3135,4085,4225,3818,3931,3919,4272,4259,5365,5108,13653,13922,13729,5168,4523,3424,3391,3129,3216,3244,3188,3404,2395,2281,2214,2279,2325,1733,1791,2686,2658,2759,2846,1359,1843,1914,2585,2612,4308,4640,4444,3975,3743,1498,1403,1055,951,931,772,717,535,451,436,270,268,248,219,244
1681,1546,1407,1323,1314,1360,2693,2728,2828,2877,3028,4384,4571,6718,8031,10108,11055,12020,5059,8250,11301,11558,7970,8241,8595,8945,8204,3363,2915,3229,3206,3102,3185,3227,4258,3819,3823,4024,3834,4275,4116,5057,5135,13729,13760,14037,4598,4414,3548,3460,3476,3354,3382,3268,3357,2265,2287,2275,2352,2323,1783,1924,2623,2856,2838,1362,1366,1835,1884,2649,3894,4516,4542,4429,3799,2042,1546,1445,1036,1003,773,780,785,467,457,290,231,276,273,238
1718,1585,1449,1212,1189,1186,1344,2979,2969,3066,3060,3024,4736,4989,8354,9706,12229,13916,5005,7548,13983,10522,10729,7301,7664,7791,7573,6980,2989,2638,3155,2983,3066,3055,3031,3757,3712,3676,3882,3852,4063,3684,5016,5168,14037,15054,12823,4758,4683,3727,3772,3419,3344,3285,3327,3329,2205,2216,2295,2263,2264,1699,1827,2634,2788,1358,1250,1374,1814,1950,3999,4176,4885,4709,4593,2248,2130,1550,1436,995,817,763,725,744,507,287,269,264,256,265
1928,1763,1609,1469,1208,1031,1082,1279,2006,2146,2157,2116,2288,3197,3882,5979,6938,8790,3709,6052,10439,10808,8260,8363,6272,6161,5962,5738,5385,2756,2547,2916,2891,2761,2926,2484,3355,3468,3434,3530,3276,3277,3501,4523,4599,12823,10636,10619,4077,4080,3309,3270,2970,3001,2998,2870,2761,2005,1995,2049,1986,2047,1695,1793,2459,1199,1216,1196,1355,1752,2748,3740,3884,4364,4387,2422,2132,1964,1431,1314,770,773,727,712,723,296,261,256,243,235
2079,1983,1763,1600,1331,1124,1042,1041,1169,2201,2277,2249,2198,2341,4011,4689,7084,8657,3028,5254,10038,9688,10039,7851,7897,5565,5302,5223,4984,4856,2768,2529,2993,2835,2980,2493,2538,3394,3521,3503,3416,3122,3366,3424,4414,4758,10620,10502,10566,4213,4295,3386,3266,2930,2864,2933,2674,2759,2009,2005,1994,1981,2100,1759,1785,1206,1182,1246,1311,1329,2641,2818,3812,3821,4321,2432,2337,2181,1955,1380,1177,838,795,793,718,441,295,292,290,254
2385,2088,1978,1713,1493,1161,1067,1015,1062,1165,2503,2451,2496,2473,3132,5294,6061,9843,2432,4625,9351,10033,9370,9719,7574,7586,5224,4979,4743,4716,4637,2758,2475,2934,2941,2647,2710,2562,3528,3530,3364,3214,3186,3391,3548,4683,4077,10566,10536,10708,4289,4243,3176,3246,2958,2899,2732,2593,2749,2078,1964,2024,2004,2253,1723,813,1223,1217,1159,1276,1980,2655,2870,3794,3760,2434,2439,2398,2045,1997,1205,1140,791,761,741,467,442,296,273,277
2585,2400,2166,1995,1635,1295,1170,1029,984,1117,1216,2884,3152,3055,3528,4208,7172,8687,2185,3735,8289,9331,9896,9311,9829,7412,6922,5081,4652,4576,4597,4397,2731,2478,3178,2607,2659,2530,2676,3598,3341,3166,3203,3129,3460,3727,4080,4213,10709,10652,11266,4188,4243,3289,3273,2946,2581,2755,2793,2726,1951,1959,2038,2021,2186,771,779,1199,1308,1273,1818,1936,2734,2842,3845,2201,2458,2452,2367,2098,1552,1183,1102,810,789,516,477,439,275,260
2976,2687,2477,2277,1891,1614,1286,1160,1050,1058,1229,1280,3577,3808,4409,5021,5816,10683,1643,3689,7330,9102,10148,10633,10096,10197,7414,6983,5146,4886,4822,4813,4516,2938,2709,2898,2874,2833,2795,2818,3507,3233,3459,3216,3476,3772,3309,4295,4289,11267,12108,11722,4597,4403,3540,3346,2916,2957,2907,2968,2864,2164,2145,2092,2242,1071,784,847,1297,1377,1908,1942,2098,2852,2929,2333,2358,2547,2617,2496,1709,1712,1214,1138,847,473,536,551,509,316
3151,2839,2609,2337,2085,1629,1387,1253,1024,1033,965,1093,1432,4365,5295,6188,6744,8091,1566,2580,6608,7658,9223,10243,10954,9896,9411,6958,6565,4817,4841,4691,4686,4483,2980,2335,2878,2905,2790,2721,2500,3188,3293,3244,3354,3419,3270,3386,4243,4188,11722,11580,11443,4378,4475,3371,3093,2915,2865,2942,2750,2848,1974,2132,2095,1040,1024,716,792,1150,1722,1811,1748,1907,2452,1513,2003,1940,2186,2229,1763,1510,1420,1082,1084,481,496,473,422,455
3213,2935,2667,2458,2073,1804,1549,1299,1075,1029,956,958,1247,1630,5643,6870,7639,9100,1121,2430,4949,7198,7957,9763,10835,10706,9451,9144,6826,6513,4874,4756,4659,4590,4407,2485,2310,2934,2872,2809,2613,2381,3217,3188,3381,3344,2970,3266,3176,4242,4597,11443,11364,11691,4481,4508,3175,3151,2956,2889,2809,2667,2825,2018,2098,1000,1045,1065,776,826,1646,1777,1854,1817,1827,1283,1361,1780,1867,2170,1714,1641,1470,1404,1079,677,507,525,494,460
3344,3025,2683,2469,2219,1883,1577,1343,1154,1057,941,943,989,1298,1917,7744,9001,10567,914,1816,4624,5329,7378,8412,10248,10588,10365,9319,8942,6601,6479,4814,4664,4537,4610,3793,2504,2441,2855,2853,2687,2363,2345,3403,3268,3285,3001,2930,3246,3289,4403,4378,11691,11860,11924,4524,4099,3055,3173,3012,2715,2738,2815,2813,2124,934,986,1071,1097,802,1168,1680,1734,1801,1739,996,1370,1349,1846,1862,1782,1752,1709,1515,1469,698,642,503,479,449
3251,3061,2731,2510,2251,2006,1655,1474,1201,1117,974,926,840,1035,1676,2565,11033,13913,946,1705,3504,4924,5711,8112,8835,10437,10342,10470,8914,8924,6697,6285,4784,4634,4694,3826,3882,2506,2326,2962,2707,2424,2462,2395,3357,3327,2998,2864,2958,3273,3540,4475,4482,11924,11612,12175,4103,3975,3094,3113,2746,2765,2695,2800,2831,970,963,1005,1077,1073,1066,1117,1710,1707,1685,970,1037,1423,1396,1839,1446,1686,1782,1763,1472,915,684,653,522,500
2464,2306,2214,2088,1852,1686,1388,1282,1075,979,900,806,826,847,1138,2352,3558,22525,888,1527,3081,3721,5241,5941,8185,9051,10061,9858,9971,8866,8641,6246,6030,4557,4473,3647,3700,3570,2209,2110,2597,2298,2275,2281,2265,3329,2870,2933,2899,2946,3346,3371,4508,4524,12173,13612,11486,4268,4224,3219,2923,2726,2779,2811,2818,1391,996,1001,1006,986,1491,1031,1203,1737,1728,1068,1038,1036,1440,1466,1707,1588,1876,1983,1861,1033,923,781,782,522
2449,2406,2225,1988,1875,1722,1526,1281,1144,1024,1014,827,784,829,994,1326,1778,4359,779,1361,2821,3259,3690,5112,5708,7394,7635,8492,8892,8538,7870,7629,5746,5561,4334,3393,3441,3464,3412,2187,1937,2224,2237,2214,2287,2205,2761,2674,2732,2581,2916,3093,3175,4099,4103,11486,9448,9396,3519,3709,2744,2663,2517,2516,2491,1224,1275,902,898,911,1360,1415,1002,1118,1651,962,995,972,1039,1384,1092,1546,1669,1879,1890,1173,999,1064,764,755
2175,2292,2124,2139,1943,1732,1564,1396,1295,1159,1041,920,863,855,992,1194,1566,2404,617,1356,2749,3085,3349,3956,5268,5548,7340,7485,8520,8579,8695,7872,7324,5921,5636,3622,3675,3459,3597,3507,2128,1764,2386,2279,2275,2216,2005,2759,2593,2755,2957,2915,3151,3055,3975,4268,9396,9384,9555,3742,3489,2593,2727,2574,2623,1288,1294,1304,890,918,1326,1360,1385,1017,1083,891,962,1027,980,1039,1136,1056,1506,1632,1845,1170,1192,977,1064,755
2059,2077,2151,2061,1988,1851,1600,1548,1361,1219,1099,921,882,845,1056,1095,1383,2097,650,1079,2627,3013,3271,3692,4242,5369,5679,7402,7562,8457,8753,8744,7831,7603,5982,4740,3703,3718,3668,3618,3318,1835,1871,2325,2352,2296,1995,2009,2749,2794,2907,2865,2956,3173,3094,4224,3519,9554,9496,9816,3564,3592,2696,2705,2566,1293,1314,1321,1316,896,1280,1369,1283,1379,1005,667,947,999,952,943,794,1087,1147,1521,1613,1176,1203,1140,1085,1058
1949,2074,2024,2171,2078,1931,1843,1639,1410,1319,1110,1022,936,914,1007,1128,1246,1904,715,1048,2009,2819,3217,3548,3956,4211,5308,5646,7467,7618,8603,8589,8732,7998,7855,5103,5001,3868,3708,3847,3321,2749,1945,1733,2323,2263,2049,2005,2078,2726,2969,2942,2889,3012,3112,3219,3709,3742,9816,9650,9428,3559,3436,2809,2760,1243,1252,1376,1310,1314,1285,1295,1321,1319,1417,544,573,951,997,973,773,816,1073,1208,1592,979,1182,1238,1211,1094
1787,1733,1843,1928,1935,1855,1814,1637,1527,1375,1207,1069,926,917,942,1023,1237,1743,698,1070,1793,1994,2991,3354,3700,3865,3940,5155,5469,6911,7429,8494,8533,8721,7994,6456,5089,4882,3798,3575,3414,2656,2665,1791,1783,2264,1986,1994,1963,1951,2865,2750,2809,2715,2746,2923,2744,3489,3564,9429,9164,9290,3572,3454,2782,1306,1286,1204,1321,1297,1773,1330,1227,1323,1263,761,549,567,881,913,756,711,755,1054,1088,970,994,1144,1202,1144
1469,1590,1630,1775,1875,1881,1847,1751,1590,1463,1274,1120,1019,985,1013,1025,1171,1599,861,1091,1751,1847,2118,3277,3621,3754,3866,3945,5040,5405,7336,7615,8643,8772,8955,6776,6997,5246,5267,3889,3526,2753,2662,2686,1924,1699,2047,1981,2024,1959,2164,2848,2667,2739,2765,2726,2663,2593,3592,3559,9290,9326,9408,3457,3488,1353,1387,1264,1310,1257,1789,1797,1214,1207,1273,699,784,507,510,870,682,699,694,759,1046,729,989,1019,1245,1256
1381,1371,1521,1577,1796,1763,1823,1673,1689,1473,1359,1241,1043,978,1089,1003,1145,1575,871,1106,1714,1939,2023,2389,3550,3774,3810,3935,4031,5118,5600,7293,7590,8792,9255,7835,7094,7170,5568,5160,3688,2708,2642,2658,2623,1827,1695,2100,2004,2038,2145,1974,2825,2815,2695,2779,2517,2727,2696,3435,3572,9409,9370,9570,3689,1834,1372,1418,1296,1243,1728,1833,1786,1263,1281,769,798,753,550,541,698,701,746,733,769,692,719,1023,1082,1260
1266,1309,1413,1568,1700,1786,1771,1825,1775,1678,1523,1427,1277,1127,1104,994,1106,1612,916,1210,1806,1780,2003,2232,2513,3647,3787,3776,3931,4063,5371,5617,7474,7905,9259,8073,8297,7573,7395,5859,5210,3031,2823,2759,2856,2634,1793,1759,2252,2021,2092,2132,2018,2813,2800,2811,2516,2574,2705,2809,3454,3457,9570,9710,10173,1820,1860,1389,1421,1243,1827,1769,1826,1834,1293,736,756,762,805,526,446,690,718,757,759,521,721,809,1101,1022
1039,1146,1222,1369,1489,1618,1734,1755,1779,1719,1575,1432,1302,1152,1179,1023,1040,1455,936,1209,1800,1786,1973,2117,2495,2713,3550,3743,3800,3878,4239,5388,5659,7667,8019,7824,8164,8549,7839,7627,5327,3895,2993,2846,2838,2788,2459,1785,1723,2186,2242,2095,2098,2124,2831,2818,2491,2623,2566,2760,2782,3487,3689,10173,10452,5645,1925,1869,1475,1393,1858,1832,1846,1769,1879,728,757,726,742,789,449,423,720,724,729,487,508,686,759,1097
359,428,479,508,528,621,609,686,730,661,644,602,532,484,513,462,471,713,484,592,826,845,878,906,1014,1124,1134,1733,1785,1708,1782,1935,2469,2696,3775,3302,3764,3849,4095,3558,3341,1935,1789,1359,1362,1358,1199,1206,813,770,1071,1040,1000,934,970,1391,1224,1288,1293,1243,1306,1353,1834,1820,5645,3200,3241,1059,1045,780,1002,1030,935,989,1020,596,377,368,388,413,328,209,204,395,367,251,248,278,394,409
331,403,385,440,500,534,559,587,625,667,664,554,526,472,528,461,439,580,436,569,863,791,803,853,977,1003,1097,1158,1677,1720,1733,1815,1805,2647,2614,3115,3288,3887,4073,4062,3480,2523,1925,1843,1366,1250,1216,1182,1222,779,784,1024,1045,986,963,996,1275,1294,1314,1252,1286,1387,1372,1860,1925,3241,3259,3270,1123,1108,1142,1086,985,985,1063,582,607,393,370,374,338,328,187,212,329,190,213,222,224,330
318,360,421,435,482,501,535,586,575,634,603,614,546,566,561,458,519,579,407,577,822,820,836,904,922,984,1022,1037,1093,1619,1712,1775,1837,1899,2584,2298,3119,3446,4006,4045,3842,2610,2474,1914,1835,1374,1196,1246,1217,1199,847,716,1065,1071,1005,1001,902,1304,1321,1376,1204,1264,1418,1389,1869,1059,3270,3322,3358,1066,1546,1070,1104,994,1034,591,645,613,365,369,356,359,372,185,207,180,185,197,178,211
270,312,345,348,421,415,484,555,578,545,566,599,567,581,562,459,538,645,348,542,778,781,806,808,930,926,1033,1024,1041,1063,1711,1797,1731,1831,1937,2197,2330,3401,3574,4143,3935,2930,2617,2585,1884,1814,1355,1311,1159,1308,1297,792,776,1097,1077,1006,898,890,1316,1310,1321,1310,1296,1421,1475,1045,1123,3358,3394,3412,1544,1584,1053,1014,989,590,613,623,642,382,320,371,319,363,164,114,190,213,197,195
240,261,335,339,357,357,452,501,506,576,574,571,534,570,554,471,546,608,304,450,807,837,784,827,857,871,932,971,926,1056,1118,1708,1775,1866,1898,1540,2167,2408,3558,3633,4029,3072,3009,2612,2649,1950,1752,1329,1276,1273,1377,1150,826,802,1073,986,910,918,896,1314,1297,1257,1243,1243,1393,780,1108,1066,3412,3210,4751,1534,1482,1034,1109,559,606,647,597,592,312,331,358,339,359,120,135,210,196,226
349,380,453,463,440,497,537,626,683,654,750,713,752,699,738,642,698,879,380,590,1043,1110,1118,1131,1216,1316,1364,1404,1386,1394,1540,1671,2457,2621,2556,2220,2448,3255,3631,5255,5086,4462,4445,4308,3894,3999,2748,2641,1980,1818,1908,1722,1646,1168,1066,1491,1360,1325,1280,1285,1773,1789,1728,1827,1858,1002,1142,1546,1544,4751,6774,6608,2104,2143,1648,960,893,848,866,812,777,509,471,467,518,347,154,192,305,301
360,360,411,424,425,470,517,586,601,627,754,710,748,731,812,707,682,770,349,537,1039,1052,1072,1227,1321,1243,1308,1332,1332,1326,1436,1554,1671,2392,2621,2264,2252,2429,3360,3811,5096,3956,4473,4640,4516,4176,3740,2818,2655,1936,1941,1811,1777,1680,1117,1031,1415,1361,1369,1295,1330,1797,1833,1769,1832,1030,1086,1070,1584,1534,6608,6370,6869,2208,2199,899,954,848,951,851,755,736,498,468,504,305,373,169,176,270
311,322,343,382,415,387,444,505,507,553,601,614,644,687,738,688,786,818,325,567,989,1057,1082,1086,1201,1275,1220,1261,1221,1326,1366,1435,1464,1602,2527,2246,2113,2288,2464,3528,3561,3722,3936,4444,4543,4885,3884,3812,2869,2734,2098,1748,1854,1734,1710,1203,1002,1385,1283,1321,1227,1214,1786,1826,1846,935,985,1104,1053,1482,2104,6869,6736,6891,2247,1252,997,949,844,863,719,760,824,537,505,335,340,352,163,155
306,319,346,326,385,380,400,425,451,515,567,563,560,630,715,657,676,892,310,510,954,1030,1096,1082,1200,1254,1194,1213,1256,1193,1382,1292,1351,1479,1632,2088,2169,2301,2275,2481,3371,2878,3826,3975,4429,4709,4364,3821,3794,2842,2852,1907,1817,1801,1707,1737,1118,1017,1379,1319,1323,1207,1263,1834,1769,989,985,994,1014,1034,2143,2208,6891,7070,6959,1305,1340,1007,960,921,732,756,807,804,481,356,348,360,370,139
292,333,305,370,324,344,342,386,413,462,481,490,533,545,669,628,726,802,274,468,947,1015,1009,1101,1172,1158,1178,1200,1194,1220,1267,1262,1272,1331,1387,1348,2031,2186,2300,2338,2332,2514,2695,3742,3799,4594,4387,4320,3760,3845,2929,2452,1827,1739,1685,1728,1651,1083,1005,1417,1263,1273,1281,1293,1879,1020,1063,1034,989,1109,1648,2199,2247,6960,7144,4193,1419,1414,977,1037,808,785,802,823,830,296,339,369,338,398
167,184,195,198,167,174,198,196,198,227,248,253,258,277,352,341,392,494,126,264,501,539,582,608,637,638,673,654,675,705,726,746,727,716,731,675,768,1238,1189,1248,1176,1097,1486,1499,2042,2248,2422,2432,2434,2201,2333,1513,1282,996,970,1068,962,891,667,544,761,699,769,736,728,596,582,591,590,559,960,899,1252,1305,4193,2490,2679,874,854,597,539,466,453,454,497,350,197,210,194,229
162,167,168,163,171,157,164,188,207,207,245,227,251,260,334,284,344,492,114,247,492,523,582,564,643,629,651,642,616,638,715,668,729,691,784,613,695,762,1169,1305,1231,1018,1117,1403,1546,2130,2132,2337,2439,2458,2358,2003,1361,1370,1037,1038,995,962,947,573,549,784,798,756,757,377,607,645,613,606,893,954,997,1340,1419,2679,2856,2903,843,871,535,545,516,475,529,337,370,199,212,233
178,136,137,188,157,151,179,166,205,189,195,244,246,259,275,258,372,445,109,232,403,534,575,583,631,636,688,644,649,614,645,722,666,684,735,563,630,676,706,1235,1184,1049,1031,1055,1445,1550,1964,2181,2398,2452,2547,1940,1780,1349,1423,1036,973,1027,999,951,567,507,753,762,726,368,393,613,623,647,849,848,949,1007,1414,874,2903,2830,2973,943,745,465,555,519,517,366,359,365,228,228
153,137,176,161,169,147,152,132,147,181,158,173,206,251,284,289,339,417,99,177,425,472,499,579,658,617,643,631,636,633,650,584,674,705,656,528,572,584,656,729,1072,988,984,951,1036,1436,1431,1955,2045,2367,2617,2186,1869,1846,1396,1440,1039,980,952,997,881,510,550,805,742,388,370,365,642,597,866,951,844,960,977,854,843,2973,2876,2976,735,814,598,545,541,327,339,391,396,253
157,164,137,147,145,145,141,144,147,160,138,137,176,194,246,223,333,419,93,175,392,475,511,551,591,656,603,620,626,601,626,659,620,617,669,512,526,586,559,704,676,929,981,931,1003,995,1314,1380,1997,2098,2496,2229,2170,1862,1839,1466,1384,1039,943,973,913,870,541,526,789,413,374,369,382,592,812,851,863,921,1037,597,871,943,2976,3070,2533,845,823,588,581,323,408,360,390,460
144,148,130,125,125,146,122,108,122,115,101,109,127,152,180,162,219,316,76,141,318,334,446,465,484,482,541,469,515,489,535,507,499,499,525,454,408,487,469,491,498,482,748,772,773,817,770,1177,1205,1552,1708,1763,1714,1782,1446,1707,1092,1136,794,773,756,682,698,446,449,328,338,356,320,312,777,755,719,732,808,539,535,745,735,2533,2242,2148,684,684,479,345,294,286,359,387
119,117,127,125,115,107,115,129,108,109,116,88,139,123,180,169,209,273,69,131,289,338,425,449,477,514,479,470,497,482,451,529,518,530,497,431,420,462,459,480,506,450,494,717,780,763,773,838,1140,1183,1712,1510,1641,1752,1686,1588,1546,1056,1087,816,711,699,701,690,423,209,328,359,371,331,509,736,760,756,785,466,545,465,814,845,2148,2322,2340,706,758,320,304,328,353,408
133,128,127,112,115,104,93,100,84,109,101,119,110,123,117,184,208,277,74,152,304,308,405,427,445,536,522,510,490,478,483,470,499,512,440,405,396,437,428,483,458,406,455,535,785,725,727,795,791,1102,1214,1420,1469,1709,1782,1876,1669,1506,1147,1073,755,694,746,718,720,204,187,372,319,358,471,498,824,807,802,453,516,555,598,823,684,2340,2506,2424,770,525,352,376,364,409
140,143,155,117,90,115,104,107,111,121,106,73,87,108,153,157,159,237,59,135,329,357,394,442,467,461,502,450,491,525,494,504,497,497,497,412,399,397,411,437,397,422,424,451,467,744,712,792,761,810,1138,1082,1404,1515,1763,1983,1879,1632,1521,1208,1054,759,733,757,725,395,212,185,363,339,467,468,537,804,823,454,475,519,545,588,684,706,2424,2578,2696,554,533,356,382,402
147,115,123,116,115,115,95,98,109,90,88,103,95,109,115,115,150,216,66,120,276,337,398,417,437,489,508,502,525,498,497,508,494,499,526,414,420,426,392,441,437,409,411,436,457,507,723,718,741,789,847,1084,1079,1469,1472,1861,1890,1845,1613,1592,1088,1046,769,759,729,367,329,207,164,359,518,504,505,481,830,497,529,517,541,581,479,758,770,2696,2766,1954,578,653,422,443
99,85,77,83,74,71,61,73,57,54,62,53,64,91,60,86,86,133,39,107,174,225,257,263,309,324,309,347,301,286,344,296,316,319,322,243,255,294,280,283,267,252,255,270,290,287,296,441,467,516,473,481,677,698,915,1033,1173,1170,1176,979,970,729,692,521,487,251,190,180,114,120,347,305,335,356,296,350,337,366,327,323,345,320,525,554,1954,1320,1366,415,421,317
78,68,68,85,71,66,84,49,76,69,71,74,54,56,69,78,85,114,38,93,169,226,248,272,288,291,302,292,366,290,293,324,369,292,348,279,299,256,256,253,292,209,227,268,231,269,261,295,442,477,536,496,508,641,684,923,999,1192,1203,1182,994,989,719,721,508,248,213,185,190,135,154,373,340,348,339,197,370,359,339,408,294,304,352,533,578,1366,1444,1499,446,527
85,82,97,100,75,61,67,55,46,61,57,48,66,56,67,67,67,101,52,81,190,222,237,293,291,295,306,334,338,305,327,313,310,353,284,241,291,246,257,242,258,235,252,248,276,264,256,292,296,439,551,473,525,503,653,781,1064,977,1140,1238,1144,1019,1023,809,686,278,222,197,213,210,192,169,352,360,369,210,199,365,391,360,286,328,376,356,653,415,1499,1562,1723,542
69,102,76,89,79,54,60,51,63,42,47,72,54,52,52,63,60,85,50,78,191,218,216,251,295,309,315,341,287,347,355,323,332,298,320,282,247,272,259,250,252,243,197,219,273,256,243,290,273,275,509,422,494,479,522,782,764,1064,1085,1211,1202,1245,1082,1101,759,394,224,178,197,196,305,176,163,370,338,194,212,228,396,390,359,353,364,382,422,421,446,1722,1768,1926
72,87,87,85,74,50,65,73,60,64,72,66,64,42,72,61,66,98,55,76,188,235,225,287,267,286,306,275,340,303,332,314,326,328,308,258,245,277,257,251,247,224,223,244,238,265,235,254,277,260,316,455,460,449,500,522,755,755,1058,1094,1144,1256,1260,1022,1097,409,330,211,195,226,301,270,155,139,398,229,233,228,253,460,387,408,409,402,443,317,527,542,1926,2216
