360,336,337,321,297,351,334,292,282,326,264,271,642,654,576,632,658,761,1183,1882,2115,1851,1818,1725,1703,2005,2012,2035,1805,1882,1844,1688,1689,1780,1856,1608,1645,1588,1642,1642,1620,1636,1643,1671,1679,1667,1536,1528,1417,1454,1516,1453,1510,1170,1205,1215,1167,1157,1180,1209,1082,948,988,925,958,537,542,504,538,492,818,820,767,809,763,446,496,446,456,411,385,359,340,368,358,219,223,223,233,215
336,380,345,325,333,310,310,326,298,329,274,285,610,661,617,666,733,703,1194,1861,2100,1825,1747,1711,1651,2081,1856,1924,1806,1730,1799,1732,1679,1713,1858,1675,1669,1648,1618,1585,1629,1660,1610,1555,1640,1681,1677,1406,1429,1372,1489,1477,1465,1190,1189,1126,1204,1212,1252,1132,1087,955,998,961,964,578,530,518,544,488,779,762,757,741,811,484,422,478,432,439,420,361,352,348,338,238,210,232,203,193
337,345,352,305,315,327,309,291,290,274,275,260,602,589,584,648,622,740,1050,1736,1972,1815,1712,1672,1609,1911,1903,1872,1830,1664,1745,1692,1622,1567,1779,1552,1562,1497,1591,1620,1619,1506,1534,1558,1590,1566,1608,1583,1455,1392,1467,1418,1478,1105,1113,1118,1156,1113,1143,1089,1045,935,998,921,940,509,523,484,558,512,825,735,740,767,803,411,425,428,441,469,342,351,344,333,341,197,230,203,231,196
321,325,305,294,261,328,301,292,252,271,261,246,629,555,608,684,615,711,855,1714,1915,1782,1718,1616,1566,1951,1820,1833,1768,1667,1616,1657,1627,1620,1770,1548,1501,1526,1543,1534,1536,1516,1562,1520,1569,1581,1578,1649,1516,1402,1418,1449,1386,1162,1163,1105,1127,1158,1173,1053,1040,931,941,970,935,499,524,463,501,525,787,761,754,736,808,420,402,448,444,420,361,332,349,343,334,191,217,229,212,179
297,333,315,261,300,261,269,283,228,272,230,211,558,552,558,626,601,695,799,1305,1733,1570,1552,1430,1390,1694,1691,1583,1636,1522,1580,1504,1475,1415,1571,1353,1381,1308,1378,1412,1334,1357,1399,1403,1391,1404,1437,1453,1490,1429,1335,1343,1285,991,963,1041,995,1024,1004,1015,948,839,838,778,821,460,440,440,404,438,663,658,635,698,634,370,383,397,374,376,266,310,297,314,298,195,210,197,188,197
351,310,327,328,261,326,330,306,265,280,303,291,606,629,617,672,662,675,865,1394,1587,1884,1651,1611,1543,1944,1841,1846,1822,1670,1703,1638,1690,1603,1699,1487,1606,1500,1582,1508,1560,1531,1546,1569,1587,1566,1635,1640,1630,1665,1691,1433,1457,1129,1055,1101,1101,1127,1110,1084,1007,951,911,966,960,484,470,550,501,491,753,751,700,785,797,411,447,449,437,408,334,343,340,359,322,202,180,194,214,205
334,310,309,301,269,330,350,290,313,295,290,277,610,635,621,668,670,744,966,1469,1632,1463,1730,1698,1478,1948,1894,1729,1844,1799,1719,1694,1741,1680,1765,1591,1606,1584,1599,1566,1548,1584,1526,1533,1543,1628,1718,1633,1667,1679,1732,1765,1450,1155,1099,1187,1133,1233,1211,1144,1058,869,933,929,950,495,496,508,536,523,799,813,757,744,740,414,446,436,455,433,353,360,331,360,333,219,219,268,219,206
292,326,291,292,283,306,290,360,328,304,262,264,581,619,631,624,688,678,816,1409,1549,1376,1417,1669,1500,1909,1898,1810,1746,1745,1628,1656,1518,1594,1768,1552,1530,1534,1518,1544,1584,1614,1531,1546,1521,1606,1696,1612,1561,1644,1716,1723,1697,1135,1126,1111,1083,1111,1132,1066,998,934,906,943,868,525,511,497,508,488,734,730,738,728,776,396,459,390,418,426,344,333,357,371,314,194,239,209,216,206
282,298,290,252,228,265,313,328,290,271,267,265,625,634,582,624,691,618,830,1407,1536,1420,1467,1331,1548,1907,1894,1827,1666,1612,1732,1698,1603,1633,1731,1539,1464,1410,1550,1572,1493,1524,1542,1577,1507,1531,1578,1530,1516,1627,1615,1725,1689,1117,1084,1085,1164,1076,1115,1129,948,910,880,915,897,503,503,512,487,466,727,708,736,740,709,394,415,421,436,396,328,340,332,361,319,230,215,217,223,184
326,329,274,271,272,280,295,304,271,296,275,265,596,640,606,647,625,719,839,1328,1517,1445,1349,1337,1343,1847,1856,1818,1722,1662,1622,1590,1569,1548,1683,1474,1512,1545,1511,1506,1536,1551,1548,1505,1566,1604,1599,1594,1545,1609,1713,1734,1768,1104,1143,1130,1152,1058,1125,1073,967,888,927,871,848,492,494,466,465,478,714,740,738,755,751,440,423,401,422,421,331,319,320,332,350,220,193,237,194,192
264,274,275,261,230,303,290,262,267,275,260,260,584,630,553,595,615,660,807,1273,1403,1371,1267,1201,1164,1511,1723,1647,1633,1522,1544,1469,1499,1470,1575,1427,1409,1361,1427,1413,1442,1430,1405,1403,1393,1403,1486,1491,1521,1516,1649,1560,1579,1068,1047,1043,1046,1031,999,1048,920,830,831,833,801,449,438,430,435,440,674,664,658,691,693,385,405,406,417,390,310,309,304,299,329,222,179,192,190,157
271,285,260,246,211,291,277,264,265,265,260,246,586,538,511,597,590,607,788,1321,1457,1303,1272,1233,1168,1500,1445,1647,1592,1498,1544,1462,1425,1470,1551,1348,1276,1364,1386,1384,1377,1395,1368,1390,1433,1524,1407,1444,1428,1509,1565,1583,1556,1085,995,1043,1056,1038,973,954,859,800,835,846,880,453,461,437,418,431,661,648,711,657,682,388,354,408,372,360,320,321,318,306,287,186,209,192,203,173
642,610,602,629,558,606,610,581,625,596,584,586,1466,1504,1420,1613,1687,1704,1982,3241,3676,3341,3243,3141,2955,3710,3635,3470,3672,3573,3562,3450,3434,3385,3550,3175,3143,3135,3089,3158,3143,3134,3254,3157,3101,3320,3335,3283,3326,3306,3473,3528,3351,2529,2456,2575,2487,2484,2497,2496,2217,1983,2125,2063,2088,1144,1084,1101,1113,1107,1741,1657,1729,1731,1785,968,966,940,920,930,796,776,786,758,710,486,462,511,494,441
654,661,589,555,552,629,635,619,634,640,630,538,1504,1590,1444,1580,1629,1822,2013,3178,3574,3204,3098,2991,2910,3646,3569,3576,3443,3421,3369,3360,3333,3480,3542,3229,3141,3173,3114,3099,3216,3140,3075,3174,3182,3269,3274,3254,3208,3345,3362,3310,3406,2500,2433,2579,2488,2490,2509,2501,2176,1940,2054,1974,2068,1098,1062,1112,1080,1078,1646,1602,1599,1633,1699,948,886,929,918,963,798,760,743,753,763,498,484,498,446,425
576,617,584,608,558,617,621,631,582,606,553,511,1420,1444,1366,1521,1571,1671,1923,3106,3463,3169,3062,2940,2928,3628,3441,3420,3409,3218,3401,3210,3351,3148,3516,3039,3002,3127,3050,3080,3075,3105,3057,3063,3055,3173,3261,3192,3229,3145,3408,3455,3352,2464,2433,2511,2446,2429,2422,2354,2223,2028,1996,1950,1924,1064,1097,1124,1055,1043,1612,1567,1590,1575,1508,942,949,950,898,871,783,678,756,771,757,519,458,470,470,441
632,666,648,684,626,672,668,624,624,647,595,597,1613,1580,1521,1622,1734,1895,2049,3636,3752,3477,3365,3245,3313,3978,3945,3804,3742,3761,3624,3678,3677,3694,3856,3433,3493,3454,3436,3452,3413,3366,3473,3535,3433,3547,3647,3504,3642,3635,3782,3847,3672,2731,2748,2920,2733,2751,2781,2713,2525,2201,2164,2145,2154,1129,1129,1087,1181,1248,1844,1831,1741,1828,1901,1077,1033,1093,1049,1068,857,799,801,843,853,514,538,486,539,538
658,733,622,615,601,662,670,688,691,625,615,590,1687,1629,1571,1734,1806,1931,2258,3534,4003,3619,3524,3481,3199,4131,3972,3932,3799,3724,3758,3620,3701,3644,4040,3549,3486,3570,3546,3551,3513,3456,3579,3548,3590,3792,3745,3693,3625,3639,3749,3831,3888,2781,2755,2933,2830,2804,2863,2830,2604,2294,2247,2291,2275,1236,1165,1230,1293,1211,1933,1888,1903,1894,1938,1074,1102,1091,1128,1057,947,840,867,867,860,525,532,518,550,479
761,703,740,711,695,675,744,678,618,719,660,607,1704,1822,1671,1895,1931,2146,2401,3912,4243,4038,3830,3749,3651,4375,4296,4118,4110,3902,4036,3975,3924,3947,4191,3791,3863,3762,3903,3804,3889,3760,3797,3876,3926,4044,4025,3873,3991,3984,4089,4067,4160,3015,3047,3113,3048,3034,2936,2975,2852,2537,2598,2561,2438,1389,1343,1322,1360,1366,2115,2022,1931,2044,2129,1136,1201,1215,1113,1194,912,947,896,939,918,580,597,601,578,524
1183,1194,1050,855,799,865,966,816,830,839,807,788,1982,2013,1923,2049,2258,2401,4094,5928,6266,5815,5697,5306,5173,5997,5916,5847,5775,5805,5570,5470,5624,5607,6771,5715,5365,5424,5211,5392,5291,5167,5122,5027,5135,5324,5328,5252,5178,5063,5426,5222,5275,4129,4203,4556,4264,4328,4379,4372,3878,3543,3701,3545,3475,2065,2007,1966,1980,2041,3031,3008,2999,3112,3174,1713,1746,1793,1774,1706,1411,1399,1387,1377,1399,934,897,903,878,756
1882,1861,1736,1714,1305,1394,1469,1409,1407,1328,1273,1321,3241,3178,3106,3636,3534,3912,5928,10020,11007,9934,9656,9000,8909,10203,10194,9822,9955,9661,9502,9167,9244,9298,10099,9476,9256,9024,8965,8724,8728,8672,8548,8696,8650,9003,9022,8848,8583,8725,8971,9166,8996,7173,7088,7553,7529,7529,7469,7451,6623,6140,6283,6184,6285,3429,3415,3372,3576,3453,5136,5217,5308,5264,5469,2952,3000,3068,2978,2885,2502,2440,2382,2365,2448,1534,1544,1495,1525,1376
2115,2100,1972,1915,1733,1587,1632,1549,1536,1517,1403,1457,3676,3574,3463,3752,4003,4243,6266,11007,12530,11525,10992,10349,10037,11549,11206,10999,10996,10887,10463,10279,10391,10495,10898,9541,10351,10196,9811,9776,9773,9848,9751,9707,9667,10110,10014,10033,9957,9580,10120,10233,10202,8006,8159,8577,8438,8389,8444,8320,7681,7020,7223,6959,6992,4025,3937,4003,3816,3921,5998,6107,5821,5926,6032,3343,3437,3428,3407,3275,2686,2642,2600,2649,2724,1705,1714,1694,1708,1541
1851,1825,1815,1782,1570,1884,1463,1376,1420,1445,1371,1303,3341,3204,3169,3477,3619,4038,5815,9934,11525,10808,10510,9716,9700,10811,10388,10340,10423,10027,9892,9755,9772,9468,10161,8874,9015,9574,9416,9212,9149,9257,9149,9260,9254,9276,9183,9361,9236,9230,9556,9566,9550,7657,7463,8002,7890,7847,7839,7758,7013,6543,6625,6389,6552,3804,3775,3740,3682,3689,5582,5616,5323,5773,5800,3121,3209,3205,3230,3085,2539,2481,2539,2522,2496,1538,1639,1639,1645,1467
1818,1747,1712,1718,1552,1651,1730,1417,1467,1349,1267,1272,3243,3098,3062,3365,3524,3830,5697,9656,10992,10510,10410,10020,9486,10677,10211,10259,10260,9988,9750,9506,9510,9650,10114,8957,8689,8678,9138,9041,8982,9176,8824,9059,8941,8946,9172,9011,9066,8963,9370,9260,9311,7552,7416,7995,7903,7691,7615,7676,7142,6407,6572,6288,6215,3777,3660,3710,3652,3631,5424,5505,5355,5463,5609,3072,3009,3082,3065,3076,2450,2517,2505,2561,2535,1621,1599,1705,1665,1406
1725,1711,1672,1616,1430,1611,1698,1669,1331,1337,1201,1233,3141,2991,2940,3245,3481,3749,5306,9000,10349,9716,10020,9366,9610,10084,9941,9860,9787,9501,9234,9247,9123,9278,9438,8373,8408,8283,8351,8955,8760,8683,8571,8576,8635,8853,8879,8746,8696,8646,8808,8917,8942,7254,7184,7444,7273,7483,7390,7211,6690,6181,6188,6345,6205,3600,3530,3545,3470,3528,5279,5219,5297,5278,5505,3025,2973,3005,3044,3025,2463,2491,2298,2341,2370,1514,1595,1598,1586,1342
1703,1651,1609,1566,1390,1543,1478,1500,1548,1343,1164,1168,2955,2910,2928,3313,3199,3651,5173,8909,10037,9700,9486,9610,9238,10288,9643,9666,9586,9327,8943,8947,8987,9110,9470,8229,8249,8210,8189,8205,8435,8466,8486,8317,8479,8628,8575,8517,8552,8435,8928,8663,8611,6995,6934,7368,7271,7250,7229,7317,6555,6189,6096,5943,6022,3441,3505,3536,3511,3363,5357,5290,5154,5136,5348,2859,2898,2933,2904,2951,2440,2343,2253,2321,2362,1563,1477,1495,1569,1403
2005,2081,1911,1951,1694,1944,1948,1909,1907,1847,1511,1500,3710,3646,3628,3978,4131,4375,5997,10203,11549,10811,10677,10084,10288,13142,12672,12011,12095,11445,11519,11179,11358,11225,11844,10267,10338,10090,10380,10344,10335,10461,10614,10572,10542,10659,10684,10746,10584,10631,10936,11223,11021,8712,8722,9353,9090,9130,8922,9029,8269,7461,7576,7480,7238,4191,4150,4243,4316,4264,6485,6253,6348,6396,6583,3606,3516,3557,3652,3501,2946,2898,2861,2864,2819,1883,1785,1852,1827,1658
2012,1856,1903,1820,1691,1841,1894,1898,1894,1856,1723,1445,3635,3569,3441,3945,3972,4296,5916,10194,11206,10388,10211,9941,9643,12672,12456,12183,11556,11400,11292,10845,10952,10909,11579,10054,9997,9810,9987,10221,9802,9855,10279,10095,10137,10450,10465,10299,10380,10207,10655,10515,10413,8536,8505,9114,8902,8818,8774,9009,8035,7440,7346,7365,7092,4138,4208,4151,4180,4273,6203,6309,6117,6255,6344,3393,3548,3532,3498,3450,2854,2727,2803,2786,2817,1743,1776,1768,1831,1670
2035,1924,1872,1833,1583,1846,1729,1810,1827,1818,1647,1647,3470,3576,3420,3804,3932,4118,5847,9822,10999,10340,10259,9860,9666,12011,12183,11822,11766,11274,10960,10798,10657,10907,11470,9822,9891,9878,9826,9765,9804,9674,9767,10020,10090,10336,10225,10282,10255,10037,10569,10584,10526,8547,8485,8814,8824,8733,8916,8837,7842,7440,7229,7303,7128,4133,4170,4005,4187,4133,6178,6239,6211,6143,6265,3415,3468,3567,3399,3389,2904,2829,2738,2704,2810,1782,1781,1804,1731,1627
1805,1806,1830,1768,1636,1822,1844,1746,1666,1722,1633,1592,3672,3443,3409,3742,3799,4110,5775,9955,10996,10423,10260,9787,9586,12095,11556,11766,12118,11902,11084,10913,10761,10990,11415,9900,9809,9793,9750,9916,9792,9739,9994,9856,9913,10338,10343,10391,10245,10194,10532,10746,10442,8386,8479,8742,8733,8706,8643,8827,7856,7367,7355,7235,7102,4117,4136,4138,4178,4106,6221,6148,5994,6282,6248,3518,3505,3578,3560,3417,2772,2752,2733,2719,2769,1811,1812,1750,1801,1665
1882,1730,1664,1667,1522,1670,1799,1745,1612,1662,1522,1498,3573,3421,3218,3761,3724,3902,5805,9661,10887,10027,9988,9501,9327,11445,11400,11274,11902,11462,11150,10506,10551,10475,11060,9663,9569,9469,9534,9653,9528,9474,9533,9507,9445,9849,10046,10154,9687,9681,10205,10226,10082,8021,8187,8650,8695,8516,8582,8461,7797,7236,7196,7142,6879,3999,4022,3974,4091,4081,5964,5938,5957,6068,6160,3274,3348,3388,3424,3307,2689,2722,2594,2665,2693,1713,1699,1757,1683,1536
1844,1799,1745,1616,1580,1703,1719,1628,1732,1622,1544,1544,3562,3369,3401,3624,3758,4036,5570,9502,10463,9892,9750,9234,8943,11519,11292,10960,11084,11150,11394,11140,10757,10533,11152,9608,9564,9619,9633,9572,9363,9401,9724,9464,9508,9621,9963,9931,9765,9600,10128,10039,9952,8129,8063,8603,8350,8364,8424,8439,7754,6982,7078,7017,6890,4065,4006,3992,4083,4114,5940,5980,5962,5956,5948,3297,3349,3282,3349,3226,2636,2668,2626,2650,2669,1703,1655,1720,1648,1535
1688,1732,1692,1657,1504,1638,1694,1656,1698,1590,1469,1462,3450,3360,3210,3678,3620,3975,5470,9167,10279,9755,9506,9247,8947,11179,10845,10798,10913,10506,11140,10582,10680,10347,10888,9519,9440,9397,9437,9474,9460,9184,9094,9249,9235,9631,9587,9522,9785,9604,10023,9804,9762,7984,8022,8504,8344,8400,8167,8403,7538,7002,6927,6931,6871,3979,4001,4021,3924,3964,5897,5987,5814,5905,6071,3337,3242,3343,3467,3309,2716,2566,2679,2626,2536,1714,1793,1706,1634,1582
1689,1679,1622,1627,1475,1690,1741,1518,1603,1569,1499,1425,3434,3333,3351,3677,3701,3924,5624,9244,10391,9772,9510,9123,8987,11358,10952,10657,10761,10551,10757,10680,11062,10818,11074,9653,9498,9685,9598,9619,9343,9127,9444,9455,9293,9701,9609,9548,9674,9523,10028,9929,9816,7960,7883,8528,8408,8419,8366,8383,7543,7128,6996,7063,6769,3858,4069,3992,3912,3984,6102,6039,6087,5965,6192,3295,3339,3271,3321,3340,2635,2678,2667,2626,2609,1678,1714,1730,1662,1533
1780,1713,1567,1620,1415,1603,1680,1594,1633,1548,1470,1470,3385,3480,3148,3694,3644,3947,5607,9298,10495,9468,9650,9278,9110,11225,10909,10907,10990,10475,10533,10347,10818,10710,11682,9629,9476,9204,9357,9565,9221,9127,9321,9234,9305,9433,9495,9411,9351,9466,9919,9869,9876,8180,8016,8371,8302,8060,8262,8215,7463,6870,7063,6936,6764,4013,4071,3906,4019,3901,5963,5954,5699,6013,5949,3266,3412,3436,3383,3324,2684,2566,2544,2608,2629,1651,1662,1665,1679,1544
1856,1858,1779,1770,1571,1699,1765,1768,1731,1683,1575,1551,3550,3542,3516,3856,4040,4191,6771,10099,10898,10161,10114,9438,9470,11844,11579,11470,11415,11060,11152,10888,11074,11682,12170,10465,10054,10002,9939,10192,9772,9868,9866,9792,9864,10239,10112,10129,9786,10045,10458,10587,10384,8437,8235,8956,8739,8673,8808,8584,7912,7195,7406,7428,7227,4299,4254,4137,4135,4128,6252,6233,6156,6194,6305,3408,3414,3554,3562,3469,2768,2704,2673,2740,2740,1706,1695,1753,1731,1693
1608,1675,1552,1548,1353,1487,1591,1552,1539,1474,1427,1348,3175,3229,3039,3433,3549,3791,5715,9476,9541,8874,8957,8373,8229,10267,10054,9822,9900,9663,9608,9519,9653,9629,10465,9470,9416,8864,8750,8752,8650,8728,8564,8592,8565,8918,8754,8741,8612,8542,9132,9096,8848,7230,7357,7750,7711,7778,7570,7441,6873,6403,6424,6485,6153,3703,3537,3645,3704,3665,5383,5444,5367,5606,5493,3051,3046,3006,2996,3077,2476,2436,2357,2404,2527,1525,1477,1593,1578,1451
1645,1669,1562,1501,1381,1606,1606,1530,1464,1512,1409,1276,3143,3141,3002,3493,3486,3863,5365,9256,10351,9015,8689,8408,8249,10338,9997,9891,9809,9569,9564,9440,9498,9476,10054,9416,9356,9266,8868,8690,8564,8548,8664,8516,8562,8814,8834,8375,8532,8660,8715,8787,9004,7409,7326,7685,7667,7501,7765,7568,6991,6438,6452,6470,6260,3652,3610,3551,3527,3569,5407,5450,5261,5547,5491,3013,3121,3152,3085,3070,2499,2479,2430,2398,2441,1460,1572,1611,1544,1404
1588,1648,1497,1526,1308,1500,1584,1534,1410,1545,1361,1364,3135,3173,3127,3454,3570,3762,5424,9024,10196,9574,8678,8283,8210,10090,9810,9878,9793,9469,9619,9397,9685,9204,10002,8864,9266,8992,9274,8925,8483,8601,8458,8591,8505,8733,8731,8751,8625,8524,9145,8993,8904,7243,7284,7820,7623,7538,7555,7631,6791,6327,6534,6352,6253,3670,3548,3713,3628,3558,5393,5313,5503,5356,5612,3019,2972,3119,2968,2917,2458,2472,2455,2410,2442,1527,1481,1538,1475,1353
1642,1618,1591,1543,1378,1582,1599,1518,1550,1511,1427,1386,3089,3114,3050,3436,3546,3903,5211,8965,9811,9416,9138,8351,8189,10380,9987,9826,9750,9534,9633,9437,9598,9357,9939,8750,8868,9274,9502,9206,8659,8708,8731,8575,8620,8829,8897,8874,8603,8642,8994,9002,9003,7206,7205,7806,7694,7636,7644,7473,6950,6276,6422,6241,6271,3678,3635,3692,3591,3733,5601,5333,5461,5501,5526,3009,3045,3084,3123,2943,2437,2460,2411,2468,2455,1531,1547,1531,1504,1383
1642,1585,1620,1534,1412,1508,1566,1544,1572,1506,1413,1384,3158,3099,3080,3452,3551,3804,5392,8724,9776,9212,9041,8955,8205,10344,10221,9765,9916,9653,9572,9474,9619,9565,10192,8752,8690,8925,9206,9534,9323,8748,8588,8722,8748,8995,8787,8837,9034,8736,9119,9158,8992,7160,7123,7777,7654,7691,7762,7605,6965,6374,6521,6346,6413,3704,3639,3698,3679,3608,5529,5614,5564,5580,5577,3090,3126,3122,3085,3021,2471,2466,2410,2459,2546,1527,1578,1590,1563,1447
1620,1629,1619,1536,1334,1560,1548,1584,1493,1536,1442,1377,3143,3216,3075,3413,3513,3889,5291,8728,9773,9149,8982,8760,8435,10335,9802,9804,9792,9528,9363,9460,9343,9221,9772,8650,8564,8483,8659,9323,9226,9028,8716,8666,8548,8768,8903,8882,8852,8799,9174,8882,8825,7166,7132,7646,7565,7517,7472,7631,6702,6250,6230,6233,6296,3655,3726,3596,3585,3659,5544,5365,5312,5444,5589,3010,3115,3022,3078,3070,2534,2386,2433,2465,2368,1600,1566,1578,1565,1421
1636,1660,1506,1516,1357,1531,1584,1614,1524,1551,1430,1395,3134,3140,3105,3366,3456,3760,5167,8672,9848,9257,9176,8683,8466,10461,9855,9674,9739,9474,9401,9184,9127,9127,9868,8728,8548,8601,8708,8748,9028,9100,9139,8647,8640,8814,8901,8711,8749,8623,8804,8973,8770,7054,7261,7556,7398,7451,7409,7526,6768,6267,6356,6339,6112,3630,3579,3636,3637,3712,5383,5405,5373,5548,5424,3126,2977,3114,3068,2992,2451,2409,2459,2488,2469,1526,1451,1556,1554,1430
1643,1610,1534,1562,1399,1546,1526,1531,1542,1548,1405,1368,3254,3075,3057,3473,3579,3797,5122,8548,9751,9149,8824,8571,8486,10614,10279,9767,9994,9533,9724,9094,9444,9321,9866,8564,8664,8458,8731,8588,8716,9139,9064,9434,8737,8998,8858,8735,8642,8531,8952,9110,8917,7208,7163,7631,7419,7435,7435,7511,6794,6392,6248,6342,6325,3622,3590,3747,3566,3627,5447,5506,5375,5586,5544,3061,3096,3124,3172,3110,2435,2411,2408,2389,2523,1584,1561,1569,1582,1495
1671,1555,1558,1520,1403,1569,1533,1546,1577,1505,1403,1390,3157,3174,3063,3535,3548,3876,5027,8696,9707,9260,9059,8576,8317,10572,10095,10020,9856,9507,9464,9249,9455,9234,9792,8592,8516,8591,8575,8722,8666,8647,9434,9034,9118,8779,9010,8962,8852,8569,9197,9027,9114,7121,7251,7515,7482,7488,7318,7596,6974,6329,6313,6273,6360,3625,3621,3662,3653,3668,5614,5465,5414,5466,5460,3073,3115,3091,3153,3048,2482,2507,2421,2371,2519,1677,1564,1539,1564,1407
1679,1640,1590,1569,1391,1587,1543,1521,1507,1566,1393,1433,3101,3182,3055,3433,3590,3926,5135,8650,9667,9254,8941,8635,8479,10542,10137,10090,9913,9445,9508,9235,9293,9305,9864,8565,8562,8505,8620,8748,8548,8640,8737,9118,9302,9237,9202,8973,8652,8673,8983,9095,8918,7210,7261,7483,7421,7594,7519,7446,6639,6358,6309,6363,6282,3654,3615,3658,3598,3507,5312,5454,5321,5434,5531,3048,3104,3097,3129,3016,2485,2534,2487,2359,2493,1534,1598,1638,1510,1491
1667,1681,1566,1581,1404,1566,1628,1606,1531,1604,1403,1524,3320,3269,3173,3547,3792,4044,5324,9003,10110,9276,8946,8853,8628,10659,10450,10336,10338,9849,9621,9631,9701,9433,10239,8918,8814,8733,8829,8995,8768,8814,8998,8779,9237,9866,9865,9142,9086,9210,9248,9336,9081,7557,7562,7905,7829,7574,7739,7832,7067,6486,6625,6600,6494,3844,3734,3755,3758,3765,5728,5608,5461,5772,5836,3201,3114,3209,3227,3121,2637,2577,2554,2463,2428,1550,1629,1593,1573,1479
1536,1677,1608,1578,1437,1635,1718,1696,1578,1599,1486,1407,3335,3274,3261,3647,3745,4025,5328,9022,10014,9183,9172,8879,8575,10684,10465,10225,10343,10046,9963,9587,9609,9495,10112,8754,8834,8731,8897,8787,8903,8901,8858,9010,9202,9865,9990,9901,9316,9079,9477,9290,9288,7568,7598,8253,7826,7697,7883,7726,7010,6581,6606,6655,6530,3780,3827,3716,3735,3757,5707,5622,5480,5564,5807,3127,3213,3294,3257,3047,2610,2570,2608,2597,2527,1597,1564,1599,1648,1543
1528,1406,1583,1649,1453,1640,1633,1612,1530,1594,1491,1444,3283,3254,3192,3504,3693,3873,5252,8848,10033,9361,9011,8746,8517,10746,10299,10282,10391,10154,9931,9522,9548,9411,10129,8741,8375,8751,8874,8837,8882,8711,8735,8962,8973,9142,9901,9888,9671,9263,9297,9469,9110,7773,7439,7969,7845,7754,7812,7787,7056,6539,6453,6392,6487,3789,3838,3675,3776,3705,5601,5673,5469,5821,5675,3104,3144,3134,3230,3016,2634,2404,2549,2514,2574,1553,1652,1756,1574,1502
1417,1429,1455,1516,1490,1630,1667,1561,1516,1545,1521,1428,3326,3208,3229,3642,3625,3991,5178,8583,9957,9236,9066,8696,8552,10584,10380,10255,10245,9687,9765,9785,9674,9351,9786,8612,8532,8625,8603,9034,8852,8749,8642,8852,8652,9086,9316,9671,9742,9689,9576,9389,9363,7477,7544,7951,7629,7768,7746,7615,7085,6449,6493,6616,6483,3733,3741,3726,3754,3630,5789,5575,5574,5637,5702,3094,3195,3133,3186,3165,2579,2448,2570,2481,2680,1598,1604,1605,1719,1473
1454,1372,1392,1402,1429,1665,1679,1644,1627,1609,1516,1509,3306,3345,3145,3635,3639,3984,5063,8725,9580,9230,8963,8646,8435,10631,10207,10037,10194,9681,9600,9604,9523,9466,10045,8542,8660,8524,8642,8736,8799,8623,8531,8569,8673,9210,9079,9263,9689,9398,10002,9236,9182,7392,7577,7929,7912,7670,7712,7582,7132,6416,6484,6563,6303,3677,3728,3694,3717,3733,5732,5680,5556,5663,5764,3111,3055,3238,3079,3073,2576,2465,2485,2475,2568,1570,1616,1606,1523,1486
1516,1489,1467,1418,1335,1691,1732,1716,1615,1713,1649,1565,3473,3362,3408,3782,3749,4089,5426,8971,10120,9556,9370,8808,8928,10936,10655,10569,10532,10205,10128,10023,10028,9919,10458,9132,8715,9145,8994,9119,9174,8804,8952,9197,8983,9248,9477,9297,9576,10002,10552,10716,9849,7873,7740,8333,8212,8083,8159,8049,7328,6589,6616,6698,6522,3879,3855,3796,3818,3791,5772,5739,5846,5895,5908,3152,3281,3310,3296,3197,2641,2637,2657,2552,2651,1705,1696,1670,1673,1591
1453,1477,1418,1449,1343,1433,1765,1723,1725,1734,1560,1583,3528,3310,3455,3847,3831,4067,5222,9166,10233,9566,9260,8917,8663,11223,10515,10584,10746,10226,10039,9804,9929,9869,10587,9096,8787,8993,9002,9158,8882,8973,9110,9027,9095,9336,9290,9469,9389,9236,10716,10540,10262,7814,7883,8155,8219,8213,8040,8085,7326,6663,6564,6555,6760,3701,3838,3817,3890,3742,5877,5841,5676,5825,5994,3193,3417,3312,3275,3235,2610,2510,2625,2540,2580,1653,1633,1716,1692,1574
1510,1465,1478,1386,1285,1457,1450,1697,1689,1768,1579,1556,3351,3406,3352,3672,3888,4160,5275,8996,10202,9550,9311,8942,8611,11021,10413,10526,10442,10082,9952,9762,9816,9876,10384,8848,9004,8904,9003,8992,8825,8770,8917,9114,8918,9081,9288,9110,9363,9182,9849,10262,10412,8359,7927,8183,8109,8112,7963,7941,7315,6697,6636,6655,6412,3804,3761,3658,3785,3712,5648,5675,5495,5833,5910,3169,3261,3208,3214,3199,2671,2511,2571,2553,2637,1649,1642,1630,1675,1567
1170,1190,1105,1162,991,1129,1155,1135,1117,1104,1068,1085,2529,2500,2464,2731,2781,3015,4129,7173,8006,7657,7552,7254,6995,8712,8536,8547,8386,8021,8129,7984,7960,8180,8437,7230,7409,7243,7206,7160,7166,7054,7208,7121,7210,7557,7568,7773,7477,7392,7873,7814,8359,6816,6621,6831,6590,6455,6690,6508,6087,5469,5537,5608,5399,3112,3149,3167,3146,3189,4660,4847,4767,4840,4882,2756,2742,2649,2782,2750,2145,2110,2184,2127,2163,1328,1363,1386,1399,1276
1205,1189,1113,1163,963,1055,1099,1126,1084,1143,1047,995,2456,2433,2433,2748,2755,3047,4203,7088,8159,7463,7416,7184,6934,8722,8505,8485,8479,8187,8063,8022,7883,8016,8235,7357,7326,7284,7205,7123,7132,7261,7163,7251,7261,7562,7598,7439,7544,7577,7740,7883,7927,6621,6868,7183,6572,6615,6551,6479,6009,5441,5463,5501,5386,3061,3150,3174,3083,3151,4645,4889,4605,4820,4918,2696,2638,2657,2738,2681,2157,2124,2120,2174,2108,1327,1403,1399,1405,1257
1215,1126,1118,1105,1041,1101,1187,1111,1085,1130,1043,1043,2575,2579,2511,2920,2933,3113,4556,7553,8577,8002,7995,7444,7368,9353,9114,8814,8742,8650,8603,8504,8528,8371,8956,7750,7685,7820,7806,7777,7646,7556,7631,7515,7483,7905,8253,7969,7951,7929,8333,8155,8183,6831,7183,7980,7593,7240,7092,7040,6377,5847,6019,6001,5967,3403,3510,3427,3515,3414,5045,5069,5203,5248,5296,2968,2857,2890,3027,2940,2350,2294,2400,2349,2399,1507,1433,1494,1533,1351
1167,1204,1156,1127,995,1101,1133,1083,1164,1152,1046,1056,2487,2488,2446,2733,2830,3048,4264,7529,8438,7890,7903,7273,7271,9090,8902,8824,8733,8695,8350,8344,8408,8302,8739,7711,7667,7623,7694,7654,7565,7398,7419,7482,7421,7829,7826,7845,7629,7912,8212,8219,8109,6590,6572,7593,7446,7567,7040,7210,6173,6000,6088,5927,5794,3447,3472,3301,3401,3367,5094,5114,5029,5202,5197,2787,2827,2867,2882,2878,2394,2302,2312,2282,2348,1453,1520,1502,1488,1375
1157,1212,1113,1158,1024,1127,1233,1111,1076,1058,1031,1038,2484,2490,2429,2751,2804,3034,4328,7529,8389,7847,7691,7483,7250,9130,8818,8733,8706,8516,8364,8400,8419,8060,8673,7778,7501,7538,7636,7691,7517,7451,7435,7488,7594,7574,7697,7754,7768,7670,8083,8213,8112,6455,6615,7240,7567,7534,7581,7075,6244,5843,5983,5842,5732,3468,3554,3385,3388,3375,5047,5092,4866,5123,5273,2983,2915,2928,2899,2742,2288,2325,2211,2264,2279,1460,1454,1437,1464,1370
1180,1252,1143,1173,1004,1110,1211,1132,1115,1125,999,973,2497,2509,2422,2781,2863,2936,4379,7469,8444,7839,7615,7390,7229,8922,8774,8916,8643,8582,8424,8167,8366,8262,8808,7570,7765,7555,7644,7762,7472,7409,7435,7318,7519,7739,7883,7812,7746,7712,8159,8040,7963,6690,6551,7092,7040,7581,7478,7723,6524,5841,5824,5903,5671,3424,3445,3365,3305,3341,5044,5067,4935,5090,5188,2828,2831,2827,2861,2780,2276,2371,2298,2239,2327,1491,1540,1493,1491,1363
1209,1132,1089,1053,1015,1084,1144,1066,1129,1073,1048,954,2496,2501,2354,2713,2830,2975,4372,7451,8320,7758,7676,7211,7317,9029,9009,8837,8827,8461,8439,8403,8383,8215,8584,7441,7568,7631,7473,7605,7631,7526,7511,7596,7446,7832,7726,7787,7615,7582,8049,8085,7941,6508,6479,7040,7210,7075,7723,7296,6846,5845,5840,5844,5855,3339,3362,3424,3334,3387,5075,4975,5019,5059,5035,2865,2980,2908,2952,2868,2367,2378,2318,2358,2298,1412,1451,1497,1446,1358
1082,1087,1045,1040,948,1007,1058,998,948,967,920,859,2217,2176,2223,2525,2604,2852,3878,6623,7681,7013,7142,6690,6555,8269,8035,7842,7856,7797,7754,7538,7543,7463,7912,6873,6991,6791,6950,6965,6702,6768,6794,6974,6639,7067,7010,7056,7085,7132,7328,7326,7315,6087,6009,6377,6173,6244,6524,6846,6154,5828,5516,5505,5353,3266,3054,3086,3235,3059,4550,4628,4528,4607,4711,2608,2587,2682,2671,2618,2177,2036,2119,2041,2138,1349,1367,1363,1342,1270
948,955,935,931,839,951,869,934,910,888,830,800,1983,1940,2028,2201,2294,2537,3543,6140,7020,6543,6407,6181,6189,7461,7440,7440,7367,7236,6982,7002,7128,6870,7195,6403,6438,6327,6276,6374,6250,6267,6392,6329,6358,6486,6581,6539,6449,6416,6589,6663,6697,5469,5441,5847,6000,5843,5841,5845,5828,5264,5452,5145,5142,3007,2906,2994,2972,2987,4330,4325,4263,4337,4468,2367,2430,2488,2412,2386,1982,1903,1939,1916,1958,1207,1232,1282,1274,1119
988,998,998,941,838,911,933,906,880,927,831,835,2125,2054,1996,2164,2247,2598,3701,6283,7223,6625,6572,6188,6096,7576,7346,7229,7355,7196,7078,6927,6996,7063,7406,6424,6452,6534,6422,6521,6230,6356,6248,6313,6309,6625,6606,6453,6493,6484,6616,6564,6636,5537,5463,6019,6088,5983,5824,5840,5516,5452,5522,5392,4925,2951,2889,2879,2915,2952,4350,4474,4253,4320,4493,2463,2434,2429,2511,2432,2106,1871,1846,1921,1923,1206,1245,1279,1239,1144
925,961,921,970,778,966,929,943,915,871,833,846,2063,1974,1950,2145,2291,2561,3545,6184,6959,6389,6288,6345,5943,7480,7365,7303,7235,7142,7017,6931,7063,6936,7428,6485,6470,6352,6241,6346,6233,6339,6342,6273,6363,6600,6655,6392,6616,6563,6698,6555,6655,5608,5501,6001,5927,5842,5903,5844,5505,5145,5392,5762,5488,3088,2902,2896,2930,2889,4341,4296,4292,4353,4429,2334,2399,2436,2353,2274,1954,1886,1924,1905,1924,1300,1228,1238,1287,1167
958,964,940,935,821,960,950,868,897,848,801,880,2088,2068,1924,2154,2275,2438,3475,6285,6992,6552,6215,6205,6022,7238,7092,7128,7102,6879,6890,6871,6769,6764,7227,6153,6260,6253,6271,6413,6296,6112,6325,6360,6282,6494,6530,6487,6483,6303,6522,6760,6412,5399,5386,5967,5794,5732,5671,5855,5353,5142,4925,5488,5288,3232,2895,2943,3016,2865,4199,4318,4156,4384,4306,2395,2342,2332,2373,2300,1811,1900,1872,1921,1868,1264,1226,1233,1308,1217
537,578,509,499,460,484,495,525,503,492,449,453,1144,1098,1064,1129,1236,1389,2065,3429,4025,3804,3777,3600,3441,4191,4138,4133,4117,3999,4065,3979,3858,4013,4299,3703,3652,3670,3678,3704,3655,3630,3622,3625,3654,3844,3780,3789,3733,3677,3879,3701,3804,3112,3061,3403,3447,3468,3424,3339,3266,3007,2951,3088,3232,1966,2013,1819,1885,1862,2605,2638,2619,2637,2662,1432,1414,1479,1413,1483,1193,1102,1119,1138,1063,745,715,720,746,699
542,530,523,524,440,470,496,511,503,494,438,461,1084,1062,1097,1129,1165,1343,2007,3415,3937,3775,3660,3530,3505,4150,4208,4170,4136,4022,4006,4001,4069,4071,4254,3537,3610,3548,3635,3639,3726,3579,3590,3621,3615,3734,3827,3838,3741,3728,3855,3838,3761,3149,3150,3510,3472,3554,3445,3362,3054,2906,2889,2902,2895,2013,1886,1953,1837,1723,2598,2662,2646,2617,2636,1438,1440,1476,1449,1388,1150,1174,1120,1148,1254,748,699,754,733,675
504,518,484,463,440,550,508,497,512,466,430,437,1101,1112,1124,1087,1230,1322,1966,3372,4003,3740,3710,3545,3536,4243,4151,4005,4138,3974,3992,4021,3992,3906,4137,3645,3551,3713,3692,3698,3596,3636,3747,3662,3658,3755,3716,3675,3726,3694,3796,3817,3658,3167,3174,3427,3301,3385,3365,3424,3086,2994,2879,2896,2943,1819,1953,1984,2009,1763,2578,2537,2442,2507,2625,1433,1385,1411,1496,1393,1203,1120,1109,1156,1131,734,714,690,767,675
538,544,558,501,404,501,536,508,487,465,435,418,1113,1080,1055,1181,1293,1360,1980,3576,3816,3682,3652,3470,3511,4316,4180,4187,4178,4091,4083,3924,3912,4019,4135,3704,3527,3628,3591,3679,3585,3637,3566,3653,3598,3758,3735,3776,3754,3717,3818,3890,3785,3146,3083,3515,3401,3388,3305,3334,3235,2972,2915,2930,3016,1885,1837,2009,2032,1973,2621,2618,2453,2677,2709,1543,1462,1425,1528,1468,1165,1120,1129,1186,1163,692,770,710,716,654
492,488,512,525,438,491,523,488,466,478,440,431,1107,1078,1043,1248,1211,1366,2041,3453,3921,3689,3631,3528,3363,4264,4273,4133,4106,4081,4114,3964,3984,3901,4128,3665,3569,3558,3733,3608,3659,3712,3627,3668,3507,3765,3757,3705,3630,3733,3791,3742,3712,3189,3151,3414,3367,3375,3341,3387,3059,2987,2952,2889,2865,1862,1723,1763,1973,1842,2925,2660,2645,2625,2613,1424,1338,1421,1432,1441,1193,1139,1175,1139,1130,725,718,789,738,719
818,779,825,787,663,753,799,734,727,714,674,661,1741,1646,1612,1844,1933,2115,3031,5136,5998,5582,5424,5279,5357,6485,6203,6178,6221,5964,5940,5897,6102,5963,6252,5383,5407,5393,5601,5529,5544,5383,5447,5614,5312,5728,5707,5601,5789,5732,5772,5877,5648,4660,4645,5045,5094,5047,5044,5075,4550,4330,4350,4341,4199,2605,2598,2578,2621,2925,4138,4428,3925,4059,4044,2163,2119,2124,2297,2101,1740,1683,1672,1664,1679,1058,1104,1117,1073,986
820,762,735,761,658,751,813,730,708,740,664,648,1657,1602,1567,1831,1888,2022,3008,5217,6107,5616,5505,5219,5290,6253,6309,6239,6148,5938,5980,5987,6039,5954,6233,5444,5450,5313,5333,5614,5365,5405,5506,5465,5454,5608,5622,5673,5575,5680,5739,5841,5675,4847,4889,5069,5114,5092,5067,4975,4628,4325,4474,4296,4318,2638,2662,2537,2618,2660,4428,4358,4214,3944,4025,2214,2171,2252,2201,2233,1733,1782,1735,1750,1685,1097,1124,1148,1118,1009
767,757,740,754,635,700,757,738,736,738,658,711,1729,1599,1590,1741,1903,1931,2999,5308,5821,5323,5355,5297,5154,6348,6117,6211,5994,5957,5962,5814,6087,5699,6156,5367,5261,5503,5461,5564,5312,5373,5375,5414,5321,5461,5480,5469,5574,5556,5846,5676,5495,4767,4605,5203,5029,4866,4935,5019,4528,4263,4253,4292,4156,2619,2646,2442,2453,2645,3925,4214,4228,4267,3979,2132,2082,2196,2186,2157,1750,1660,1661,1665,1728,1124,1094,1148,1091,1011
809,741,767,736,698,785,744,728,740,755,691,657,1731,1633,1575,1828,1894,2044,3112,5264,5926,5773,5463,5278,5136,6396,6255,6143,6282,6068,5956,5905,5965,6013,6194,5606,5547,5356,5501,5580,5444,5548,5586,5466,5434,5772,5564,5821,5637,5663,5895,5825,5833,4840,4820,5248,5202,5123,5090,5059,4607,4337,4320,4353,4384,2637,2617,2507,2677,2625,4059,3944,4267,4424,4341,2203,2249,2247,2277,2215,1755,1752,1707,1733,1795,1062,1082,1113,1108,1068
763,811,803,808,634,797,740,776,709,751,693,682,1785,1699,1508,1901,1938,2129,3174,5469,6032,5800,5609,5505,5348,6583,6344,6265,6248,6160,5948,6071,6192,5949,6305,5493,5491,5612,5526,5577,5589,5424,5544,5460,5531,5836,5807,5675,5702,5764,5908,5994,5910,4882,4918,5296,5197,5273,5188,5035,4711,4468,4493,4429,4306,2662,2636,2625,2709,2613,4044,4025,3979,4341,4644,2380,2234,2210,2293,2199,1780,1752,1777,1745,1798,1056,1229,1135,1144,1052
446,484,411,420,370,411,414,396,394,440,385,388,968,948,942,1077,1074,1136,1713,2952,3343,3121,3072,3025,2859,3606,3393,3415,3518,3274,3297,3337,3295,3266,3408,3051,3013,3019,3009,3090,3010,3126,3061,3073,3048,3201,3127,3104,3094,3111,3152,3193,3169,2756,2696,2968,2787,2983,2828,2865,2608,2367,2463,2334,2395,1432,1438,1433,1543,1424,2163,2214,2132,2203,2380,1386,1377,1247,1232,1202,979,970,984,946,993,677,580,621,633,591
496,422,425,402,383,447,446,459,415,423,405,354,966,886,949,1033,1102,1201,1746,3000,3437,3209,3009,2973,2898,3516,3548,3468,3505,3348,3349,3242,3339,3412,3414,3046,3121,2972,3045,3126,3115,2977,3096,3115,3104,3114,3213,3144,3195,3055,3281,3417,3261,2742,2638,2857,2827,2915,2831,2980,2587,2430,2434,2399,2342,1414,1440,1385,1462,1338,2119,2171,2082,2249,2234,1377,1370,1417,1209,1219,974,956,965,963,1002,628,638,624,612,578
446,478,428,448,397,449,436,390,421,401,406,408,940,929,950,1093,1091,1215,1793,3068,3428,3205,3082,3005,2933,3557,3532,3567,3578,3388,3282,3343,3271,3436,3554,3006,3152,3119,3084,3122,3022,3114,3124,3091,3097,3209,3294,3134,3133,3238,3310,3312,3208,2649,2657,2890,2867,2928,2827,2908,2682,2488,2429,2436,2332,1479,1476,1411,1425,1421,2124,2252,2196,2247,2210,1247,1417,1440,1429,1256,1044,944,1024,951,991,617,597,660,626,584
456,432,441,444,374,437,455,418,436,422,417,372,920,918,898,1049,1128,1113,1774,2978,3407,3230,3065,3044,2904,3652,3498,3399,3560,3424,3349,3467,3321,3383,3562,2996,3085,2968,3123,3085,3078,3068,3172,3153,3129,3227,3257,3230,3186,3079,3296,3275,3214,2782,2738,3027,2882,2899,2861,2952,2671,2412,2511,2353,2373,1413,1449,1496,1528,1432,2297,2201,2186,2277,2293,1232,1209,1429,1526,1410,1045,958,975,975,1026,666,599,646,662,571
411,439,469,420,376,408,433,426,396,421,390,360,930,963,871,1068,1057,1194,1706,2885,3275,3085,3076,3025,2951,3501,3450,3389,3417,3307,3226,3309,3340,3324,3469,3077,3070,2917,2943,3021,3070,2992,3110,3048,3016,3121,3047,3016,3165,3073,3197,3235,3199,2750,2681,2940,2878,2742,2780,2868,2618,2386,2432,2274,2300,1483,1388,1393,1468,1441,2101,2233,2157,2215,2199,1202,1219,1256,1410,1316,1223,985,974,960,913,618,623,649,625,651
385,420,342,361,266,334,353,344,328,331,310,320,796,798,783,857,947,912,1411,2502,2686,2539,2450,2463,2440,2946,2854,2904,2772,2689,2636,2716,2635,2684,2768,2476,2499,2458,2437,2471,2534,2451,2435,2482,2485,2637,2610,2634,2579,2576,2641,2610,2671,2145,2157,2350,2394,2288,2276,2367,2177,1982,2106,1954,1811,1193,1150,1203,1165,1193,1740,1733,1750,1755,1780,979,974,1044,1045,1223,942,927,815,843,840,516,541,503,571,499
359,361,351,332,310,343,360,333,340,319,309,321,776,760,678,799,840,947,1399,2440,2642,2481,2517,2491,2343,2898,2727,2829,2752,2722,2668,2566,2678,2566,2704,2436,2479,2472,2460,2466,2386,2409,2411,2507,2534,2577,2570,2404,2448,2465,2637,2510,2511,2110,2124,2294,2302,2325,2371,2378,2036,1903,1871,1886,1900,1102,1174,1120,1120,1139,1683,1782,1660,1752,1752,970,956,944,958,985,927,846,940,807,776,514,530,508,516,514
340,352,344,349,297,340,331,357,332,320,304,318,786,743,756,801,867,896,1387,2382,2600,2539,2505,2298,2253,2861,2803,2738,2733,2594,2626,2679,2667,2544,2673,2357,2430,2455,2411,2410,2433,2459,2408,2421,2487,2554,2608,2549,2570,2485,2657,2625,2571,2184,2120,2400,2312,2211,2298,2318,2119,1939,1846,1924,1872,1119,1120,1109,1129,1175,1672,1735,1661,1707,1777,984,965,1024,975,974,815,940,934,973,844,493,535,505,521,471
368,348,333,343,314,359,360,371,361,332,299,306,758,753,771,843,867,939,1377,2365,2649,2522,2561,2341,2321,2864,2786,2704,2719,2665,2650,2626,2626,2608,2740,2404,2398,2410,2468,2459,2465,2488,2389,2371,2359,2463,2597,2514,2481,2475,2552,2540,2553,2127,2174,2349,2282,2264,2239,2358,2041,1916,1921,1905,1921,1138,1148,1156,1186,1139,1664,1750,1665,1733,1745,946,963,951,975,960,843,807,973,978,951,521,520,533,513,521
358,338,341,334,298,322,333,314,319,350,329,287,710,763,757,853,860,918,1399,2448,2724,2496,2535,2370,2362,2819,2817,2810,2769,2693,2669,2536,2609,2629,2740,2527,2441,2442,2455,2546,2368,2469,2523,2519,2493,2428,2527,2574,2680,2568,2651,2580,2637,2163,2108,2399,2348,2279,2327,2298,2138,1958,1923,1924,1868,1063,1254,1131,1163,1130,1679,1685,1728,1795,1798,993,1002,991,1026,913,840,776,844,951,1068,653,525,555,538,515
219,238,197,191,195,202,219,194,230,220,222,186,486,498,519,514,525,580,934,1534,1705,1538,1621,1514,1563,1883,1743,1782,1811,1713,1703,1714,1678,1651,1706,1525,1460,1527,1531,1527,1600,1526,1584,1677,1534,1550,1597,1553,1598,1570,1705,1653,1649,1328,1327,1507,1453,1460,1491,1412,1349,1207,1206,1300,1264,745,748,734,692,725,1058,1097,1124,1062,1056,677,628,617,666,618,516,514,493,521,653,422,430,365,378,313
223,210,230,217,210,180,219,239,215,193,179,209,462,484,458,538,532,597,897,1544,1714,1639,1599,1595,1477,1785,1776,1781,1812,1699,1655,1793,1714,1662,1695,1477,1572,1481,1547,1578,1566,1451,1561,1564,1598,1629,1564,1652,1604,1616,1696,1633,1642,1363,1403,1433,1520,1454,1540,1451,1367,1232,1245,1228,1226,715,699,714,770,718,1104,1124,1094,1082,1229,580,638,597,599,623,541,530,535,520,525,430,408,418,331,333
223,232,203,229,197,194,268,209,217,237,192,192,511,498,470,486,518,601,903,1495,1694,1639,1705,1598,1495,1852,1768,1804,1750,1757,1720,1706,1730,1665,1753,1593,1611,1538,1531,1590,1578,1556,1569,1539,1638,1593,1599,1756,1605,1606,1670,1716,1630,1386,1399,1494,1502,1437,1493,1497,1363,1282,1279,1238,1233,720,754,690,710,789,1117,1148,1148,1113,1135,621,624,660,646,649,503,508,505,533,555,365,418,420,498,347
233,203,231,212,188,214,219,216,223,194,190,203,494,446,470,539,550,578,878,1525,1708,1645,1665,1586,1569,1827,1831,1731,1801,1683,1648,1634,1662,1679,1731,1578,1544,1475,1504,1563,1565,1554,1582,1564,1510,1573,1648,1574,1719,1523,1673,1692,1675,1399,1405,1533,1488,1464,1491,1446,1342,1274,1239,1287,1308,746,733,767,716,738,1073,1118,1091,1108,1144,633,612,626,662,625,571,516,521,513,538,378,331,498,492,467
215,193,196,179,197,205,206,206,184,192,157,173,441,425,441,538,479,524,756,1376,1541,1467,1406,1342,1403,1658,1670,1627,1665,1536,1535,1582,1533,1544,1693,1451,1404,1353,1383,1447,1421,1430,1495,1407,1491,1479,1543,1502,1473,1486,1591,1574,1567,1276,1257,1351,1375,1370,1363,1358,1270,1119,1144,1167,1217,699,675,675,654,719,986,1009,1011,1068,1052,591,578,584,571,651,499,514,471,521,515,313,333,347,467,450
