10050,7836,5048,3556,2906,3502,2573,2231,2011,1817,2099,1752,1543,1465,1306,1326,1191,1279,18795,12622,11903,10537,8824,7190,6741,6931,6523,6348,5470,5228,5121,5098,4871,4565,4555,4299,4372,4266,4313,4136,3928,3826,3881,3943,3830,3676,3714,3639,3684,3689,3804,3866,3681,3772,3722,2553,1556,1561,1390,1429,1196,1272,1218,1128,1109,605,561,547,555,530,758,742,893,1550,1573,992,1005,984,1011,1012,923,851,900,917,847,653,640,605,644,644
7837,5740,4892,3751,2969,3608,2569,2266,2141,1856,2187,1739,1596,1570,1479,1409,1208,1363,5217,11203,10367,9136,8158,6459,6281,6237,6110,5802,5172,5004,4760,4781,4657,4534,4450,4212,4145,4142,4110,4050,3959,3922,3859,3844,3767,3569,3700,3668,3600,3485,3642,3593,3727,3689,3729,2813,2664,1530,1408,1302,1226,1172,1140,1058,1027,532,535,527,523,470,624,691,880,1543,1441,985,984,953,979,972,823,791,838,826,816,639,626,672,615,559
5048,4892,4292,3676,3016,3706,2539,2357,2139,1946,2239,1848,1748,1573,1473,1429,1321,1369,2221,4133,9436,8329,7248,5986,5661,5930,5761,5435,4866,4658,4658,4568,4484,4179,4428,3951,4033,3998,4055,4018,3727,3721,3733,3767,3763,3482,3498,3406,3445,3468,3579,3483,3547,3515,3575,2966,3074,2943,1475,1386,1239,1207,1010,1065,954,542,535,536,484,497,637,728,861,1430,1398,993,929,997,934,907,818,834,818,789,810,579,590,638,576,577
3557,3751,3677,3414,3264,3693,2641,2375,2177,2046,2260,1843,1760,1688,1566,1497,1345,1450,1774,2145,4099,7638,6613,5381,5512,5643,5614,5289,4690,4670,4734,4626,4482,4331,4131,3994,3923,4046,4120,3913,3761,3699,3676,3562,3670,3497,3419,3444,3456,3479,3532,3480,3553,3440,3516,2925,3260,3688,3721,1542,1461,1178,1166,1085,1021,617,552,551,496,494,597,710,846,1436,1377,966,957,916,943,937,830,807,834,829,822,591,607,629,570,571
2906,2969,3016,3264,3108,3804,2738,2587,2369,2203,2456,2069,1997,1845,1743,1632,1471,1501,1669,1790,2309,3547,6312,4889,5000,5256,5395,5206,4566,4600,4556,4541,4458,4114,4209,3940,4032,3929,3913,3855,3753,3761,3623,3655,3760,3412,3328,3452,3432,3558,3527,3505,3508,3557,3551,3070,3374,3964,5083,6123,1825,1574,1503,1333,1184,701,692,580,585,503,693,656,878,1449,1365,899,981,939,908,951,816,812,750,763,782,635,627,583,584,549
3502,3609,3706,3693,3804,4378,3660,2816,2187,2062,2437,1902,1738,1640,1671,1503,1348,1485,1732,1827,2399,2969,6079,12341,8462,7581,6720,6001,5231,5000,4945,4824,4720,4336,4369,4140,4156,4083,4244,4113,3972,3839,3834,3796,3759,3434,3542,3611,3551,3478,3545,3625,3636,3527,3574,2807,2842,2841,2736,2661,2657,1409,1293,1244,1043,675,587,593,555,490,643,687,847,1457,1472,959,1002,958,948,945,790,771,793,761,774,627,611,602,604,572
2573,2569,2539,2641,2738,3660,3008,2779,2426,2166,2491,2044,1840,1744,1641,1515,1379,1500,1484,1570,1922,2063,2418,3944,7127,6504,5887,5281,4677,4545,4593,4439,4413,4247,4127,3923,3905,3980,3867,3911,3640,3715,3661,3672,3639,3516,3348,3452,3280,3361,3472,3571,3529,3495,3410,2818,2744,2697,2653,2770,3055,2828,1373,1210,1124,652,568,587,505,529,680,621,784,1355,1377,850,927,904,945,882,797,785,789,745,753,592,579,577,606,584
2232,2266,2356,2375,2587,2816,2779,2662,2586,2476,2578,2175,1973,1901,1793,1609,1522,1680,1535,1618,1845,1931,2029,2339,3300,6034,5414,4986,4363,4438,4507,4375,4240,4168,4107,3914,3885,3773,3834,3951,3590,3681,3635,3719,3552,3288,3413,3469,3383,3328,3585,3512,3402,3419,3373,2686,2733,2808,2664,2887,3203,3582,3582,1407,1262,822,691,659,618,577,676,624,828,1403,1415,926,916,939,932,893,814,805,753,754,763,566,587,588,563,532
2011,2141,2139,2177,2369,2187,2426,2586,2618,2930,2623,2281,2138,2078,1977,1703,1597,1724,1528,1558,1838,1869,1835,1960,2097,2747,4899,4556,4052,4307,4383,4275,4278,3924,4101,3837,3869,3864,3798,3776,3735,3754,3712,3644,3567,3346,3302,3286,3327,3278,3527,3458,3432,3374,3438,2802,2634,2745,2707,2972,3292,3871,4450,4682,1585,1053,886,752,725,636,708,730,888,1395,1398,965,1035,918,944,909,773,810,771,781,769,543,621,593,573,530
1817,1856,1946,2046,2203,2062,2166,2476,2930,3092,3157,2817,2624,2561,2430,1832,1768,1856,1640,1628,1881,1853,2002,1977,2062,1872,2646,4369,4009,4060,4222,4209,4237,4138,3985,3872,3931,3925,3902,3922,3721,3797,3789,3860,3729,3323,3442,3357,3338,3258,3545,3440,3560,3432,3486,2749,2793,2723,2776,2946,3365,4000,4986,6736,8062,1567,1468,1280,1026,908,920,867,1037,1569,1493,999,1059,972,1067,945,833,862,850,810,800,596,559,569,560,502
2099,2187,2239,2260,2456,2437,2491,2578,2623,3157,3182,2816,2385,2234,2026,1618,1531,1763,1570,1547,1814,1769,1866,1923,1954,1888,2445,4662,9568,6577,5562,4980,4594,4340,4229,3934,4022,3980,4012,3873,3660,3624,3711,3696,3669,3312,3335,3485,3407,3434,3426,3486,3408,3440,3452,2785,2703,2681,2659,2812,3108,3147,3204,3267,3435,2259,1006,859,757,724,787,773,871,1423,1358,990,950,972,893,934,819,790,779,806,746,565,559,552,561,517
1752,1739,1848,1843,2069,1902,2044,2175,2281,2817,2816,2516,2521,2418,2294,1731,1607,1728,1386,1403,1701,1742,1766,1744,1827,1587,1643,1923,3088,5637,4846,4368,4203,3915,3956,3834,3791,3776,3683,3758,3728,3583,3560,3487,3562,3302,3345,3358,3437,3212,3403,3342,3262,3403,3238,2668,2591,2598,2540,2678,3097,3129,3201,3194,3492,2695,2355,984,894,772,714,785,973,1513,1451,959,900,948,951,915,816,804,796,800,795,552,617,555,585,534
1543,1596,1748,1760,1997,1738,1840,1973,2138,2624,2385,2521,2496,2777,2620,1785,1715,1740,1356,1411,1611,1713,1728,1785,1715,1511,1563,1575,1702,2536,4379,4024,3866,3740,3737,3538,3634,3619,3674,3615,3532,3432,3492,3489,3469,3229,3163,3358,3132,3272,3339,3362,3299,3399,3141,2654,2648,2618,2576,2744,3085,3099,3133,3271,3522,2774,3051,3043,986,910,937,815,973,1486,1396,939,968,991,885,902,816,741,824,734,769,564,589,593,556,510
1465,1570,1573,1688,1845,1640,1744,1901,2078,2561,2234,2419,2777,2906,3607,1921,1841,1908,1427,1478,1690,1788,1732,1784,1777,1560,1540,1567,1560,1792,2327,3868,3659,3588,3707,3619,3586,3648,3652,3706,3594,3534,3565,3501,3512,3265,3221,3346,3266,3195,3416,3388,3355,3389,3422,2679,2730,2486,2537,2742,3070,3087,3248,3340,3559,2827,3308,3936,4019,1220,1113,1085,1095,1624,1469,1089,1029,977,1007,902,847,791,820,812,779,615,617,591,588,553
1306,1479,1473,1566,1743,1671,1641,1793,1977,2430,2026,2294,2620,3607,4198,2467,2443,2634,1522,1459,1773,1781,1817,1861,1827,1553,1572,1628,1478,1669,1795,2155,3480,3442,3581,3369,3502,3585,3749,3641,3484,3615,3601,3509,3455,3406,3259,3407,3446,3348,3517,3569,3420,3453,3416,2716,2723,2735,2626,2861,3268,3149,3181,3327,3571,2934,3336,4425,6096,7073,1626,1486,1572,1892,1766,1162,1150,1119,1060,1000,866,880,770,866,829,583,605,606,594,518
1326,1409,1429,1497,1632,1503,1515,1609,1703,1832,1618,1731,1785,1921,2467,1614,1946,2214,1362,1420,1607,1636,1650,1686,1613,1280,1278,1269,1326,1376,1463,1723,2780,5396,3812,3395,3474,3410,3465,3415,3328,3238,3323,3377,3227,3069,3153,3141,3072,3102,3262,3425,3311,3273,3191,2575,2474,2443,2435,2430,2321,2327,2359,2322,2191,1362,1301,1402,1366,1739,4224,870,991,1673,1464,1095,992,974,910,973,796,777,755,758,750,539,529,549,559,550
1190,1208,1321,1345,1471,1348,1379,1522,1597,1768,1531,1607,1715,1841,2444,1946,2238,3802,1419,1402,1702,1671,1779,1749,1691,1333,1348,1310,1401,1304,1393,1462,1598,2079,3485,3083,3192,3403,3346,3444,3254,3302,3365,3420,3267,3046,3137,3194,3132,3110,3303,3387,3327,3321,3344,2587,2601,2513,2423,2392,2315,2311,2357,2298,2268,1377,1420,1432,1478,2131,5854,6259,1431,1980,1887,1297,1147,994,1091,1131,930,863,786,806,813,655,603,621,568,544
1279,1363,1369,1450,1501,1485,1500,1680,1724,1856,1763,1728,1740,1908,2634,2214,3802,5500,1528,1588,1725,1831,1788,1864,1835,1465,1532,1505,1539,1464,1562,1579,1686,1679,2196,3186,3205,3354,3503,3495,3440,3358,3502,3550,3572,3282,3199,3317,3300,3389,3562,3568,3459,3546,3445,2594,2695,2563,2604,2602,2460,2559,2467,2405,2435,1436,1485,1585,1689,2587,6706,9864,12210,2856,2710,1963,1740,1572,1376,1301,1149,1047,976,920,901,690,669,609,630,608
18795,5217,2221,1774,1669,1732,1484,1535,1528,1640,1570,1386,1356,1427,1522,1362,1419,1528,11784,11350,9955,10165,8331,8393,7091,4299,4427,4496,3828,3741,3806,3701,3892,3498,3567,5557,5431,5550,5639,5414,5052,5229,5074,5174,5144,3315,3382,3301,3316,3380,3501,3558,3472,3521,3460,2396,2325,2375,2241,2362,2201,2237,2277,2144,2197,1051,1011,1150,1036,1044,1446,1397,1355,1377,1415,874,800,805,837,810,677,658,706,657,691,452,532,482,461,460
12622,11203,4133,2145,1790,1827,1570,1618,1558,1628,1546,1403,1411,1478,1459,1420,1402,1588,11350,11108,12568,9660,9944,8250,8232,4448,4453,4466,4422,3826,3796,3952,3911,3793,3604,5666,5590,5557,5716,5625,5411,5110,5163,5265,5382,3429,3481,3524,3465,3461,3594,3658,3674,3743,3650,2441,2433,2321,2409,2330,2195,2196,2168,2205,2242,1170,1099,1048,1053,1061,1399,1404,1437,1337,1483,879,844,842,827,839,702,695,712,698,715,491,500,512,485,464
11903,10367,9436,4099,2309,2399,1922,1845,1838,1881,1814,1701,1611,1690,1773,1607,1702,1725,9953,12568,14028,14166,11451,11549,9860,6547,5169,5196,5140,5252,4512,4529,4643,4573,4568,6859,6809,6737,6693,6764,6377,6283,6332,6151,6252,4187,4106,4136,4120,4032,4368,4443,4282,4296,4312,3039,2928,2937,2802,2887,2728,2838,2652,2571,2616,1332,1257,1293,1289,1243,1661,1699,1752,1720,1700,1097,1015,1027,1000,1049,861,834,834,841,815,565,600,614,570,547
10537,9134,8329,7638,3547,2969,2063,1932,1869,1853,1769,1742,1713,1788,1781,1636,1671,1831,10165,9660,14166,13896,14087,11438,11337,6656,6659,5243,5147,5182,5118,4574,4526,4653,4628,7274,6921,6687,6922,6883,6423,6435,6422,6471,6358,4097,4115,4383,4168,4152,4420,4378,4383,4439,4405,2887,2913,2856,2884,2971,2677,2781,2791,2766,2712,1368,1373,1334,1401,1313,1757,1752,1789,1690,1606,1078,1019,1093,1017,1076,833,881,824,802,828,564,550,600,640,550
8824,8159,7247,6613,6312,6079,2418,2029,1835,2002,1866,1766,1728,1732,1817,1649,1779,1788,8331,9944,11451,14087,14146,13822,11334,8338,6689,6629,5344,5220,5213,5336,4664,4581,4647,7179,7199,6936,7002,6923,6443,6491,6538,6297,6476,4201,4180,4275,4169,4215,4555,4437,4483,4466,4390,3078,3034,2971,2837,2874,2809,2705,2749,2714,2691,1360,1376,1349,1363,1290,1724,1755,1743,1759,1649,1013,1052,985,1034,1042,843,834,861,829,870,626,585,588,620,525
7190,6459,5986,5381,4889,12341,3944,2339,1960,1977,1923,1744,1785,1784,1861,1686,1749,1864,8394,8250,11549,11438,13821,14060,14030,8229,8481,6665,6603,5192,5410,5293,5460,4696,4649,7170,7230,7156,7018,6830,6452,6383,6627,6670,6438,4292,4245,4208,4238,4169,4554,4439,4579,4494,4435,3038,2993,2947,2860,2946,2884,2857,2833,2792,2738,1369,1458,1394,1307,1318,1769,1801,1817,1834,1843,1073,1053,1015,1061,1057,910,905,838,846,862,569,638,608,632,582
6741,6281,5661,5511,5000,8462,7127,3300,2097,2062,1954,1827,1715,1777,1827,1613,1691,1835,7091,8230,9860,11337,11333,14030,13736,11434,8328,8296,6681,6604,5472,5272,5274,5274,4752,7209,7337,7216,7328,6845,6471,6573,6446,6652,6649,4307,4186,4206,4245,4312,4513,4464,4521,4660,4558,3025,3018,3041,2999,3030,2999,2849,2872,2756,2703,1415,1370,1338,1359,1353,1860,1758,1811,1782,1823,1078,1105,1020,1040,1093,931,877,836,877,766,556,580,657,623,591
6931,6237,5930,5643,5256,7583,6503,6034,2747,1872,1888,1587,1511,1560,1553,1280,1333,1465,4299,4448,6547,6656,8338,8229,11434,12898,12896,10077,9834,8030,8108,6485,6416,6531,6612,4839,4882,4966,4917,4870,4270,4302,4337,4410,4112,5384,5185,5056,5140,5043,5377,5475,5486,5333,5243,3600,3715,3674,3628,3699,3390,3385,3481,3439,3403,1742,1615,1615,1634,1580,2222,2185,2158,2222,2165,1319,1331,1244,1271,1267,1074,1046,1071,1058,997,706,717,706,737,671
6523,6110,5761,5613,5395,6720,5887,5414,4899,2646,2445,1643,1563,1540,1572,1278,1348,1532,4427,4453,5169,6659,6689,8481,8328,12896,12885,13047,9818,9931,8136,8028,6495,6585,6709,5435,4775,4884,4889,4852,4586,4323,4300,4272,4444,5429,5306,5248,5224,5255,5301,5474,5395,5333,5546,3634,3718,3596,3621,3627,3573,3425,3479,3437,3437,1691,1623,1632,1616,1595,2166,2156,2240,2220,2049,1262,1333,1269,1308,1298,1024,1071,1060,995,970,750,716,723,722,707
6348,5802,5435,5289,5206,6001,5281,4986,4554,4369,4662,1923,1575,1567,1628,1269,1310,1505,4496,4466,5196,5243,6629,6665,8295,10077,13047,13154,12977,10041,9915,8099,8215,6701,6590,5632,5652,4987,4893,4863,4643,4674,4239,4408,4350,5309,5404,5494,5301,5151,5413,5650,5492,5500,5540,3707,3746,3731,3732,3692,3509,3466,3536,3414,3396,1705,1653,1615,1635,1621,2162,2118,2150,2275,2173,1335,1403,1253,1340,1250,1087,1084,1058,1056,1024,744,770,754,696,741
5470,5172,4865,4690,4566,5231,4677,4363,4052,4009,9568,3088,1702,1560,1478,1326,1401,1539,3828,4422,5140,5147,5344,6603,6681,9834,9818,12978,12810,13068,10005,9831,8260,8155,6578,5556,5676,5614,4882,4781,4632,4624,4586,4202,4287,5398,5401,5202,5403,5284,5478,5500,5582,5489,5445,3720,3750,3755,3680,3528,3545,3491,3479,3436,3318,1660,1642,1634,1602,1541,2143,2245,2171,2238,2071,1339,1274,1281,1273,1247,1067,1151,1100,1065,1071,685,746,708,701,674
5228,5004,4658,4670,4600,5000,4544,4438,4307,4060,6578,5638,2536,1792,1669,1376,1304,1464,3741,3826,5252,5182,5220,5192,6604,8030,9931,10041,13068,12836,13233,9875,9986,8262,8168,5692,5575,5858,5719,4839,4626,4603,4714,4672,4449,5475,5347,5385,5400,5320,5548,5548,5641,5548,5490,3950,3778,3638,3616,3740,3579,3569,3464,3442,3376,1677,1655,1648,1601,1558,2191,2212,2233,2155,2176,1273,1335,1325,1343,1293,1083,1047,1138,1061,1050,750,739,703,766,698
5121,4760,4658,4734,4556,4945,4593,4507,4383,4222,5562,4846,4379,2327,1795,1463,1393,1562,3806,3796,4512,5118,5213,5410,5472,8108,8136,9915,10005,13233,13444,13187,10255,10171,8239,7272,5829,5829,5847,5600,4654,4713,4682,4744,4645,5419,5554,5482,5421,5470,5698,5570,5587,5518,5476,3782,3889,3639,3805,3711,3626,3679,3656,3525,3563,1683,1706,1719,1726,1645,2255,2261,2211,2156,2246,1369,1283,1252,1305,1259,1167,1101,1067,1028,1069,725,723,726,720,716
5098,4781,4568,4626,4541,4824,4439,4375,4275,4209,4979,4368,4025,3868,2155,1723,1462,1579,3701,3952,4529,4574,5336,5293,5273,6485,8028,8099,9831,9875,13187,13440,12912,10250,10246,7196,7201,5836,5830,5813,5462,4785,4728,4741,4792,5686,5488,5518,5478,5555,5746,5747,5417,5554,5629,3797,3762,3777,3714,3815,3617,3455,3576,3639,3445,1820,1578,1676,1675,1685,2197,2280,2275,2298,2113,1448,1311,1313,1362,1293,1068,1077,1066,1067,1063,726,753,757,765,738
4871,4657,4484,4482,4458,4721,4413,4240,4278,4237,4594,4203,3866,3659,3480,2780,1598,1686,3892,3911,4643,4526,4664,5460,5274,6416,6495,8215,8260,9986,10255,12912,12962,13035,10328,9114,7267,7380,5852,5765,5490,5431,4655,4666,4770,5826,5778,5450,5347,5383,5825,5793,5765,5547,5467,3829,3852,3838,3777,3716,3643,3593,3524,3529,3575,1764,1754,1702,1681,1711,2253,2231,2247,2250,2227,1408,1369,1342,1391,1316,1034,1072,1061,1031,1006,704,772,790,740,721
4565,4534,4179,4331,4113,4336,4246,4168,3924,4138,4340,3915,3740,3588,3442,5396,2079,1679,3499,3793,4573,4653,4581,4696,5274,6531,6585,6701,8154,8262,10171,10249,13035,13000,13125,9166,9274,7423,7232,5891,5561,5647,5523,4807,4601,5756,5807,5798,5316,5417,5871,5764,5890,5655,5433,3964,3787,3826,3719,3819,3721,3667,3586,3515,3479,1702,1667,1744,1677,1618,2223,2211,2137,2248,2113,1370,1355,1278,1285,1288,1044,1093,1049,1076,1042,717,748,675,687,716
4555,4451,4428,4131,4209,4369,4127,4107,4102,3985,4229,3957,3737,3707,3581,3813,3485,2196,3567,3604,4568,4628,4647,4649,4752,6612,6708,6590,6578,8169,8239,10246,10328,13125,13381,12019,9177,9235,7381,7309,5477,5299,5402,5457,4711,5735,5691,5839,5658,5549,5667,5714,5525,5719,5711,3873,3754,3740,3820,3747,3703,3549,3562,3530,3500,1793,1691,1725,1720,1624,2316,2273,2247,2216,2166,1355,1319,1334,1307,1324,1132,1072,1074,1149,1055,763,719,760,757,722
4299,4212,3951,3994,3940,4140,3923,3914,3837,3872,3934,3834,3538,3619,3369,3395,3083,3186,5557,5666,6859,7274,7179,7170,7209,4839,5435,5632,5556,5692,7272,7196,9113,9166,12019,11898,11808,8989,8900,7153,6823,5251,5165,5177,5293,4104,4014,4060,4104,4043,3898,4042,3933,3937,4000,3712,3462,3536,3387,3445,3363,3259,3367,3406,3229,1671,1615,1628,1501,1533,2039,2111,2086,1997,1969,1216,1213,1236,1186,1192,1027,1025,976,945,1027,629,714,707,719,652
4372,4145,4033,3923,4032,4156,3905,3885,3869,3931,4022,3790,3634,3586,3502,3474,3191,3205,5432,5589,6809,6921,7199,7230,7337,4882,4775,5652,5676,5575,5829,7201,7267,9274,9177,11808,11623,11877,8840,8909,6872,6899,5181,5219,5195,4969,4012,4169,4116,4172,4359,4072,3979,4043,4026,3719,3700,3581,3475,3461,3490,3360,3388,3382,3275,1633,1622,1591,1593,1544,2062,2094,2102,2079,2063,1251,1223,1197,1210,1216,996,968,1016,966,1000,734,700,711,729,663
4267,4142,3998,4046,3929,4083,3980,3773,3864,3925,3980,3776,3619,3648,3585,3410,3403,3354,5551,5557,6737,6687,6936,7156,7216,4966,4884,4987,5614,5858,5829,5835,7380,7423,9235,8989,11875,12050,11911,8934,8679,6819,6800,5299,5239,4937,4863,4213,4016,4150,4410,4349,4001,3940,3993,3751,3916,3778,3695,3507,3468,3274,3264,3370,3222,1646,1663,1640,1639,1585,2040,2131,2110,2167,2103,1314,1235,1214,1203,1276,996,1060,1057,1038,1037,719,739,702,725,672
4313,4110,4055,4120,3913,4244,3868,3834,3798,3902,4012,3683,3674,3652,3749,3465,3346,3503,5639,5717,6693,6922,7002,7018,7328,4917,4889,4893,4882,5719,5847,5830,5852,7232,7381,8900,8841,11911,12011,11928,8585,8683,6733,6741,5071,4953,5004,4890,4075,4225,4348,4358,4366,4080,3896,3678,3826,3640,3682,3450,3353,3298,3322,3407,3314,1727,1698,1585,1624,1496,2119,2099,2112,2075,2152,1305,1289,1223,1201,1217,1030,1051,1035,1010,1022,689,720,706,717,705
4136,4050,4018,3913,3855,4113,3911,3951,3776,3922,3874,3759,3615,3706,3641,3415,3444,3495,5414,5625,6764,6883,6923,6830,6845,4869,4852,4863,4781,4839,5600,5813,5765,5891,7309,7153,8909,8934,11928,11854,11443,8638,8753,6965,6752,4883,4788,4804,4754,4089,4280,4287,4307,4380,3994,3725,3647,3776,3697,3745,3387,3434,3320,3279,3255,1722,1683,1665,1590,1530,2074,2066,2144,2076,2019,1279,1307,1201,1259,1274,1024,968,1024,1016,975,700,729,697,654,641
3928,3959,3727,3761,3753,3972,3640,3590,3736,3721,3660,3728,3532,3594,3484,3328,3254,3440,5052,5411,6377,6423,6443,6453,6471,4270,4587,4643,4632,4626,4654,5462,5490,5561,5477,6823,6872,8679,8585,11443,10906,11143,8298,8275,6353,6036,4607,4517,4596,4709,4149,4059,4050,4016,4080,3626,3465,3361,3551,3424,3324,3083,3055,3168,3167,1608,1589,1536,1486,1448,2008,2023,1985,2037,2043,1308,1137,1193,1257,1138,1065,1006,967,930,1041,664,669,705,658,646
3826,3922,3721,3699,3761,3839,3715,3681,3754,3797,3624,3583,3432,3534,3614,3238,3302,3358,5229,5110,6283,6435,6491,6383,6573,4302,4323,4674,4624,4603,4713,4785,5431,5648,5299,5251,6899,6819,8683,8638,11143,10887,10954,8350,8186,6127,6035,4705,4536,4614,4752,4004,4143,4116,4050,3753,3537,3542,3500,3497,3387,3322,3124,3113,3051,1594,1582,1597,1498,1438,1988,2004,2009,2008,1976,1274,1211,1179,1216,1177,1016,968,957,961,955,663,680,681,699,697
3881,3859,3733,3676,3623,3834,3661,3635,3712,3789,3711,3560,3492,3566,3600,3323,3365,3502,5074,5163,6332,6422,6538,6628,6446,4337,4300,4239,4586,4714,4682,4728,4655,5523,5402,5165,5181,6800,6733,8753,8298,10954,11254,10989,8099,7901,6028,6258,4629,4644,4674,4639,3998,4145,4059,3781,3864,3485,3418,3510,3371,3325,3322,3184,3133,1607,1507,1531,1456,1384,1929,1939,1958,1959,2039,1199,1157,1122,1138,1200,1006,963,919,1022,1017,673,712,689,642,631
3943,3844,3766,3562,3655,3796,3672,3719,3644,3860,3696,3487,3489,3501,3509,3377,3420,3550,5174,5265,6151,6471,6297,6670,6652,4410,4272,4408,4202,4672,4744,4741,4666,4807,5457,5177,5219,5299,6741,6965,8275,8350,10989,10930,10845,7968,7837,6060,6099,4690,4852,4724,4832,4199,4086,3821,3753,3726,3473,3553,3185,3266,3297,3315,3044,1647,1572,1502,1454,1508,2030,2013,1987,2035,2002,1282,1193,1185,1164,1133,1021,1005,951,974,985,655,694,695,641,657
3830,3767,3763,3670,3760,3759,3639,3552,3567,3729,3669,3562,3469,3512,3455,3226,3267,3572,5144,5382,6252,6358,6476,6438,6649,4112,4443,4350,4287,4449,4645,4792,4770,4601,4711,5292,5195,5239,5071,6752,6352,8186,8099,10845,10834,10815,7974,7908,5967,6102,4723,4826,4802,4722,4080,3781,3719,3768,3650,3465,3378,3298,3258,3347,3250,1622,1561,1566,1509,1486,1971,2001,2017,1912,1902,1266,1156,1154,1167,1171,961,956,976,992,892,637,722,663,657,693
3676,3569,3482,3497,3412,3434,3516,3288,3347,3323,3312,3302,3229,3265,3406,3069,3046,3282,3315,3429,4187,4097,4201,4292,4307,5384,5429,5310,5398,5475,5419,5686,5826,5756,5735,4104,4969,4937,4953,4883,6036,6127,7901,7968,10815,10648,10643,8001,7888,6026,6163,4787,4687,4687,4692,3076,3002,2994,3072,3077,2587,2564,2683,2563,2584,1758,1536,1433,1474,1467,1945,2013,1938,1960,1976,1235,1189,1129,1215,1202,946,935,976,994,963,697,658,659,654,614
3714,3700,3498,3419,3328,3542,3348,3413,3302,3442,3335,3345,3163,3221,3259,3153,3137,3199,3382,3481,4106,4115,4180,4245,4186,5185,5306,5404,5401,5347,5554,5488,5778,5808,5691,4014,4012,4863,5004,4788,4607,6034,6028,7837,7974,10643,10916,10813,7937,7960,6292,6159,4763,4684,4599,3750,2947,3039,3070,3014,2893,2567,2517,2566,2541,1671,1634,1555,1536,1462,2068,1952,1991,1956,1998,1181,1223,1170,1168,1194,990,1009,987,930,939,668,722,672,680,636
3639,3668,3406,3444,3452,3611,3452,3469,3286,3357,3485,3358,3358,3346,3407,3141,3194,3317,3301,3524,4136,4383,4275,4208,4206,5056,5248,5494,5202,5385,5482,5518,5450,5798,5839,4060,4169,4213,4890,4804,4517,4705,6257,6060,7908,8001,10814,10662,10759,7859,8172,6143,6230,4692,4656,3709,3724,3029,3062,3008,2819,2814,2531,2580,2632,1669,1744,1621,1409,1443,1976,1974,2021,1995,1998,1262,1207,1195,1151,1160,999,953,931,981,914,675,681,673,750,659
3684,3600,3445,3456,3432,3551,3280,3383,3327,3338,3407,3437,3133,3266,3447,3072,3132,3300,3316,3465,4120,4168,4169,4238,4245,5140,5224,5301,5403,5400,5422,5478,5347,5316,5658,4104,4116,4016,4075,4754,4596,4536,4629,6099,5967,7888,7937,10760,10513,10837,8035,7877,6165,6109,4632,3769,3690,3621,3071,3010,2894,2783,2810,2614,2515,1697,1682,1634,1641,1466,1981,2038,2058,1988,1939,1283,1167,1198,1178,1197,1006,916,983,915,929,650,677,651,609,591
3689,3485,3468,3478,3558,3478,3361,3327,3278,3258,3434,3212,3272,3195,3348,3102,3110,3389,3380,3461,4033,4152,4215,4169,4312,5043,5255,5151,5283,5320,5470,5555,5383,5417,5549,4042,4172,4152,4225,4089,4709,4614,4644,4690,6102,6026,7961,7859,10837,10426,11091,8097,8235,6185,6076,3737,3689,3666,3613,3020,2951,2830,2816,2739,2525,1729,1706,1639,1621,1628,1993,1990,2002,2090,1982,1260,1168,1140,1226,1201,936,943,992,956,882,664,666,711,652,680
3804,3642,3579,3532,3527,3545,3472,3585,3527,3545,3426,3403,3339,3416,3517,3262,3303,3562,3501,3594,4368,4419,4555,4553,4513,5377,5301,5413,5478,5548,5698,5746,5825,5871,5667,3898,4359,4410,4349,4280,4149,4752,4674,4852,4723,6164,6292,8172,8035,11091,11374,11490,8508,8583,6497,5444,3889,3940,3943,4002,3129,2928,2960,2813,2895,1846,1751,1797,1730,1706,2312,2084,2172,2083,1998,1283,1302,1269,1223,1172,995,983,999,1013,960,736,731,687,728,663
3866,3593,3483,3481,3505,3625,3571,3512,3458,3440,3486,3342,3362,3388,3569,3425,3387,3568,3558,3658,4443,4378,4437,4439,4465,5475,5474,5650,5500,5548,5570,5747,5793,5764,5714,4042,4072,4349,4358,4287,4059,4004,4639,4724,4826,4788,6159,6143,7877,8097,11490,11527,11577,8598,8536,5346,5392,3903,3917,3967,3718,3053,3014,2944,2929,2095,1779,1777,1763,1725,2207,2259,2111,2032,2047,1339,1206,1264,1241,1204,1014,999,1037,988,1042,639,655,732,635,687
3681,3727,3547,3553,3508,3636,3529,3402,3432,3560,3408,3262,3299,3355,3420,3311,3327,3459,3471,3674,4282,4383,4483,4579,4521,5486,5395,5492,5582,5641,5587,5417,5765,5890,5525,3933,3979,4001,4366,4307,4050,4143,3998,4832,4802,4687,4763,6230,6165,8235,8507,11577,11452,11326,8354,7344,5483,5498,3844,3849,3731,3779,2946,2961,2943,2008,2014,1779,1706,1754,2266,2223,2295,2055,2068,1319,1219,1220,1226,1206,1005,1023,994,1067,1034,725,651,666,681,722
3772,3689,3515,3440,3557,3527,3495,3419,3374,3432,3440,3403,3399,3389,3453,3273,3321,3546,3521,3743,4296,4439,4466,4494,4661,5333,5333,5500,5489,5548,5518,5554,5547,5655,5718,3936,4043,3940,4080,4380,4016,4116,4145,4199,4722,4687,4684,4692,6109,6185,8583,8598,11325,11486,11495,7402,7285,5371,5394,3911,3817,3719,3693,2917,2871,1970,2025,1999,1780,1705,2299,2353,2318,2347,2046,1304,1255,1229,1175,1190,999,1008,969,953,968,637,672,630,643,704
3722,3729,3575,3516,3551,3574,3410,3373,3438,3486,3452,3238,3141,3422,3416,3192,3344,3445,3460,3650,4312,4405,4390,4434,4559,5243,5546,5540,5445,5490,5476,5629,5467,5433,5711,4000,4026,3993,3896,3994,4080,4050,4059,4086,4080,4692,4599,4656,4632,6076,6497,8536,8354,11495,11312,9823,7231,7168,5440,5558,3652,3699,3797,3659,2963,2020,2063,2045,2018,1694,2232,2216,2274,2233,2260,1229,1273,1216,1198,1235,1069,970,1004,992,1026,685,732,645,700,673
2553,2813,2966,2925,3070,2807,2818,2686,2802,2749,2785,2668,2654,2679,2716,2575,2587,2594,2396,2441,3039,2887,3078,3038,3025,3600,3634,3707,3720,3950,3782,3797,3829,3964,3873,3712,3719,3751,3678,3725,3626,3753,3781,3821,3781,3076,3749,3709,3769,3737,5444,5346,7344,7401,9823,8176,8161,5726,5975,4362,4184,2840,2973,2884,2854,1316,1406,1345,1361,1355,1453,1484,1437,1475,1377,956,821,804,798,809,663,650,672,636,639,414,471,480,443,426
1556,2664,3075,3260,3374,2842,2744,2733,2634,2793,2703,2591,2648,2730,2723,2474,2601,2695,2325,2433,2928,2913,3034,2992,3018,3715,3718,3745,3750,3778,3889,3762,3852,3788,3754,3461,3700,3916,3826,3647,3465,3537,3864,3753,3719,3002,2947,3724,3690,3689,3889,5392,5484,7285,7231,8161,8130,8122,5824,5825,4266,4229,2995,2994,2931,1937,1408,1447,1346,1318,1708,1520,1495,1441,1394,1004,930,835,777,778,645,659,631,595,654,451,462,477,477,442
1561,1530,2943,3688,3964,2841,2697,2808,2744,2723,2681,2598,2618,2486,2735,2443,2513,2563,2375,2321,2937,2856,2971,2947,3041,3674,3596,3731,3755,3638,3639,3777,3838,3826,3740,3536,3582,3778,3640,3776,3361,3542,3485,3726,3768,2994,3039,3029,3621,3666,3940,3903,5498,5371,7168,5726,8122,8132,8237,5780,5683,4146,4097,2958,2868,2006,1939,1383,1291,1277,1649,1613,1419,1524,1421,973,924,916,760,730,636,603,633,592,647,468,461,456,405,446
1390,1408,1475,3721,5083,2736,2653,2664,2707,2776,2659,2540,2576,2538,2626,2435,2423,2604,2242,2409,2802,2884,2837,2860,2999,3628,3620,3732,3680,3616,3805,3713,3777,3719,3820,3387,3474,3695,3682,3697,3551,3500,3418,3473,3650,3072,3070,3062,3071,3613,3943,3917,3844,5394,5440,5974,5824,8237,8067,8156,5632,5549,4249,4215,2919,1922,1912,1880,1303,1275,1684,1641,1615,1424,1352,970,970,934,884,719,678,654,650,606,661,473,406,437,406,413
1429,1302,1386,1542,6123,2661,2770,2886,2972,2946,2812,2678,2744,2742,2861,2430,2392,2602,2362,2330,2888,2971,2874,2946,3030,3699,3627,3692,3528,3740,3711,3815,3716,3819,3747,3445,3461,3507,3450,3745,3424,3497,3510,3553,3465,3077,3014,3008,3010,3020,4002,3967,3849,3911,5558,4363,5825,5779,8157,8586,7777,5751,5761,4133,4042,1966,1930,1824,1981,1280,1583,1647,1573,1676,1443,927,982,974,876,886,646,622,616,564,630,454,474,431,456,424
1196,1226,1239,1461,1825,2657,3055,3203,3292,3365,3108,3097,3085,3070,3268,2321,2315,2460,2201,2195,2728,2677,2809,2884,2999,3390,3573,3509,3545,3579,3626,3617,3643,3722,3703,3363,3490,3468,3353,3387,3324,3387,3371,3185,3378,2587,2893,2819,2894,2951,3129,3718,3731,3817,3652,4184,4266,5683,5632,7777,7808,7766,5479,5466,3929,2893,1859,1834,1915,1823,1600,1607,1591,1491,1571,877,868,904,862,895,775,630,598,573,567,432,412,398,400,423
1272,1172,1207,1178,1574,1409,2828,3583,3871,4000,3147,3129,3099,3087,3149,2327,2311,2558,2238,2196,2838,2781,2705,2857,2849,3385,3425,3466,3491,3570,3679,3455,3593,3667,3549,3259,3360,3274,3298,3434,3083,3322,3325,3266,3297,2564,2567,2814,2783,2830,2928,3053,3779,3719,3699,2840,4229,4146,5549,5751,7766,7636,7643,5419,5407,2962,2914,1818,1793,1717,2123,1585,1577,1588,1494,1121,881,859,898,854,754,757,601,540,585,414,415,429,421,386
1218,1140,1010,1166,1502,1293,1373,3582,4450,4986,3204,3201,3133,3248,3181,2359,2357,2468,2277,2168,2652,2791,2749,2833,2873,3481,3479,3536,3479,3464,3656,3576,3525,3586,3562,3367,3388,3264,3322,3321,3055,3124,3321,3297,3258,2683,2517,2531,2810,2816,2960,3014,2946,3693,3797,2973,2995,4097,4249,5761,5479,7643,7344,7763,5409,4221,2907,2940,1747,1773,2161,2096,1585,1588,1563,1095,1108,844,868,842,752,759,733,576,591,431,435,443,394,421
1128,1058,1065,1085,1333,1244,1210,1408,4682,6737,3267,3194,3271,3340,3327,2322,2298,2405,2144,2205,2571,2766,2714,2791,2756,3439,3437,3414,3436,3442,3525,3639,3529,3515,3530,3406,3382,3370,3407,3279,3168,3113,3184,3315,3347,2563,2566,2580,2614,2739,2813,2944,2961,2917,3659,2884,2994,2958,4215,4133,5466,5419,7763,7646,7590,4044,4146,2851,2928,1798,2106,2086,2186,1535,1508,1037,994,1089,914,823,746,750,729,748,576,430,420,423,410,419
1109,1027,954,1021,1184,1043,1124,1262,1585,8062,3435,3492,3522,3559,3571,2191,2267,2435,2197,2242,2616,2712,2691,2738,2704,3403,3437,3396,3318,3376,3563,3444,3575,3479,3500,3229,3275,3221,3314,3255,3167,3051,3133,3044,3250,2584,2541,2632,2515,2525,2895,2929,2943,2870,2963,2854,2932,2868,2919,4042,3929,5407,5409,7590,7532,5296,3979,4019,2807,2801,2106,2047,2089,2138,1508,1080,999,1057,1053,838,733,705,691,697,743,419,419,437,397,395
605,532,542,617,701,675,652,822,1053,1567,2259,2695,2774,2827,2934,1362,1377,1435,1051,1170,1332,1369,1360,1369,1415,1742,1690,1705,1660,1677,1683,1820,1764,1702,1793,1671,1633,1646,1727,1722,1608,1594,1606,1647,1622,1758,1671,1669,1697,1729,1846,2095,2008,1970,2020,1316,1937,2006,1922,1966,2893,2962,4221,4045,5297,3408,3408,2393,2322,1610,1896,1208,1188,1197,1139,614,595,610,587,593,416,415,395,416,353,311,234,219,217,228
561,535,535,552,692,587,568,691,886,1468,1006,2355,3051,3308,3336,1301,1420,1485,1011,1099,1257,1373,1376,1458,1370,1615,1623,1653,1642,1654,1706,1578,1754,1667,1691,1614,1622,1663,1698,1683,1589,1582,1507,1572,1561,1536,1634,1744,1682,1706,1751,1779,2014,2025,2063,1406,1408,1939,1912,1930,1859,2914,2907,4146,3979,3408,3336,3473,2256,2361,1841,1887,1155,1180,1116,881,609,575,547,564,494,397,379,398,369,269,276,222,250,217
547,527,536,551,580,593,587,659,752,1280,859,984,3043,3936,4425,1402,1432,1585,1150,1048,1293,1334,1349,1394,1338,1615,1632,1615,1634,1648,1719,1676,1703,1745,1725,1628,1591,1640,1585,1665,1536,1597,1531,1502,1566,1433,1555,1621,1633,1639,1797,1777,1779,1999,2045,1345,1447,1383,1880,1824,1834,1818,2940,2851,4020,2393,3473,3476,3329,2239,2713,1840,1790,1155,1130,809,895,601,569,528,465,483,372,336,364,271,295,285,219,209
555,523,484,496,585,555,505,618,725,1026,757,894,986,4019,6096,1366,1478,1689,1036,1053,1289,1402,1363,1307,1359,1634,1616,1635,1601,1601,1726,1675,1681,1677,1720,1501,1594,1639,1624,1590,1486,1498,1456,1454,1509,1474,1536,1409,1641,1621,1730,1763,1706,1780,2018,1361,1346,1291,1303,1981,1915,1793,1747,2928,2807,2322,2256,3330,3332,3464,2542,2685,1921,1791,1177,862,814,812,553,529,488,494,504,382,336,322,268,258,301,229
530,470,497,494,503,490,529,577,636,908,724,772,910,1221,7073,1739,2131,2587,1044,1061,1243,1313,1290,1318,1353,1580,1595,1621,1541,1558,1646,1685,1711,1618,1624,1533,1544,1585,1496,1530,1448,1438,1384,1508,1486,1467,1462,1443,1466,1628,1706,1725,1754,1705,1694,1355,1318,1277,1275,1280,1823,1717,1773,1798,2801,1610,2361,2239,3464,3626,4285,2774,2689,1790,1676,815,809,833,844,533,479,495,455,463,394,291,281,275,293,250
758,624,637,597,693,643,680,676,708,920,787,714,937,1113,1626,4224,5854,6706,1446,1399,1661,1757,1724,1769,1860,2222,2166,2162,2143,2191,2255,2197,2253,2223,2316,2039,2062,2040,2119,2074,2008,1988,1929,2030,1971,1945,2068,1976,1981,1993,2312,2207,2266,2299,2231,1453,1708,1649,1684,1583,1600,2123,2160,2106,2106,1896,1841,2713,2542,4285,5122,5054,3529,3501,2421,1919,1188,1130,1139,1168,665,647,632,638,669,383,357,388,389,390
742,691,728,710,656,687,621,624,730,867,773,785,815,1085,1486,870,6259,9864,1397,1404,1699,1752,1755,1801,1758,2186,2156,2118,2245,2212,2261,2280,2231,2210,2273,2111,2094,2131,2099,2066,2023,2004,1939,2013,2001,2013,1952,1974,2038,1990,2084,2259,2223,2353,2216,1484,1520,1613,1641,1647,1607,1585,2096,2086,2047,1208,1887,1840,2685,2774,5054,5132,5151,3479,3462,1947,1955,1124,1104,1194,1015,654,631,664,724,526,354,379,397,365
893,880,861,846,878,847,784,828,889,1037,871,973,973,1095,1573,991,1431,12211,1355,1437,1752,1789,1743,1817,1811,2158,2240,2150,2171,2233,2211,2275,2247,2137,2247,2086,2102,2110,2112,2144,1985,2009,1958,1987,2017,1938,1991,2021,2058,2002,2172,2111,2295,2318,2274,1437,1495,1419,1615,1573,1591,1577,1585,2186,2089,1188,1155,1790,1921,2689,3529,5151,5242,5123,3501,2945,2002,1882,1194,1103,1109,1136,648,602,609,495,519,348,362,399
1550,1543,1430,1436,1449,1457,1355,1403,1395,1569,1423,1513,1486,1624,1892,1673,1980,2856,1376,1337,1721,1689,1759,1834,1782,2222,2220,2275,2238,2155,2156,2298,2250,2248,2216,1997,2079,2167,2075,2076,2037,2008,1959,2035,1912,1960,1956,1995,1988,2090,2083,2032,2056,2347,2233,1475,1441,1524,1424,1675,1491,1588,1588,1535,2138,1197,1180,1155,1791,1790,3501,3479,5123,5052,5130,2952,2885,2006,1985,1158,1032,1076,1086,686,633,492,521,519,366,398
1573,1441,1398,1377,1365,1472,1377,1415,1398,1493,1358,1451,1396,1469,1766,1464,1888,2710,1415,1483,1700,1606,1649,1843,1823,2165,2049,2173,2071,2176,2246,2113,2227,2113,2166,1969,2063,2103,2152,2019,2043,1976,2039,2002,1902,1976,1998,1998,1939,1982,1998,2047,2068,2046,2260,1377,1394,1421,1352,1443,1571,1495,1563,1508,1508,1139,1116,1130,1177,1676,2421,3462,3501,5130,5176,4025,2961,2896,1992,1932,1096,1083,1028,1051,633,533,547,522,523,353
992,985,993,966,899,959,850,926,965,999,990,959,939,1089,1162,1095,1297,1963,874,879,1096,1078,1013,1073,1078,1319,1262,1335,1339,1273,1369,1448,1408,1370,1355,1216,1251,1314,1305,1279,1308,1274,1199,1282,1266,1235,1181,1262,1283,1260,1283,1339,1319,1304,1229,956,1004,973,969,927,877,1122,1095,1037,1080,614,881,809,862,815,1919,1947,2945,2952,4025,2630,2908,1864,1839,1220,1120,675,648,653,657,304,352,329,318,354
1005,984,929,957,981,1002,927,916,1035,1059,950,900,968,1029,1150,992,1147,1740,800,844,1015,1019,1052,1053,1105,1331,1333,1403,1274,1335,1283,1311,1369,1355,1319,1213,1223,1235,1289,1307,1137,1211,1157,1193,1156,1189,1223,1207,1167,1168,1302,1207,1219,1255,1273,821,930,924,970,982,868,881,1108,994,999,595,610,895,814,809,1188,1955,2002,2884,2960,2908,2714,2657,1867,1837,1152,1144,650,621,598,508,354,347,322,394
984,953,997,916,939,958,904,939,918,972,972,948,991,977,1119,974,994,1572,805,842,1027,1093,985,1015,1020,1244,1269,1253,1281,1325,1252,1313,1342,1278,1334,1236,1197,1214,1223,1201,1193,1179,1122,1185,1154,1129,1170,1195,1198,1140,1269,1264,1220,1229,1216,804,835,916,934,974,904,859,844,1089,1057,610,575,601,812,833,1130,1124,1882,2006,2896,1864,2657,2748,2789,1858,1719,1135,1179,653,631,557,567,334,335,335
1011,979,934,943,908,948,945,932,944,1067,893,951,885,1007,1060,910,1091,1376,837,827,1000,1017,1034,1061,1040,1271,1308,1340,1273,1343,1305,1362,1391,1285,1307,1186,1210,1203,1201,1259,1257,1216,1138,1164,1167,1215,1168,1151,1178,1226,1223,1241,1226,1175,1198,798,777,760,884,876,862,898,868,914,1053,587,547,569,553,844,1139,1104,1194,1985,1992,1839,1867,2789,2726,2771,1783,1743,1123,1149,668,522,544,594,343,326
1012,972,907,937,951,945,882,893,909,945,934,915,902,902,1000,973,1131,1301,810,840,1049,1076,1042,1057,1093,1267,1298,1250,1247,1293,1259,1293,1316,1288,1324,1192,1216,1276,1217,1274,1138,1177,1200,1133,1171,1202,1194,1160,1197,1201,1172,1204,1206,1190,1235,809,778,730,719,886,895,854,842,823,838,593,564,528,529,533,1168,1194,1103,1158,1932,1220,1837,1858,2771,2870,2563,1686,1729,1139,1144,561,541,574,540,317
923,823,818,830,816,790,797,814,773,833,819,816,816,847,866,796,930,1149,677,702,861,833,843,910,931,1074,1024,1087,1067,1083,1167,1068,1034,1044,1132,1027,996,996,1030,1024,1065,1016,1006,1021,961,946,990,999,1006,936,995,1014,1005,999,1069,663,645,636,678,646,775,754,752,746,733,416,494,465,488,479,665,1015,1109,1032,1096,1120,1152,1719,1783,2563,2218,2409,1535,1488,1013,882,474,468,502,556
851,791,834,807,812,771,785,805,810,862,790,804,740,791,880,777,863,1047,658,695,834,881,834,905,877,1046,1071,1084,1151,1047,1101,1077,1072,1093,1072,1025,968,1060,1051,968,1006,968,963,1005,956,935,1009,953,916,943,983,999,1023,1008,970,650,659,602,654,622,630,757,759,750,705,415,397,483,494,495,647,654,1136,1076,1083,675,1144,1135,1743,1686,2409,2402,2423,1548,1597,915,949,512,545,500
900,838,818,834,750,793,789,753,771,850,779,796,824,820,771,755,786,976,706,712,834,824,861,838,836,1071,1060,1058,1100,1138,1067,1066,1061,1049,1074,976,1017,1057,1035,1024,967,957,919,951,976,976,987,931,983,992,999,1037,994,969,1004,672,631,633,650,616,598,601,733,729,691,395,379,372,504,455,632,631,648,1086,1028,648,650,1179,1122,1729,1535,2423,2374,2454,1565,1453,944,1007,515,528
917,826,789,829,763,761,745,754,781,810,806,800,734,812,866,758,806,920,657,698,841,802,829,846,877,1058,995,1056,1065,1061,1028,1067,1031,1076,1149,945,966,1038,1010,1016,930,961,1022,974,992,994,930,981,915,956,1013,988,1067,953,992,636,595,592,606,564,573,540,576,748,697,417,399,336,382,463,638,664,602,686,1051,653,621,653,1149,1139,1488,1548,2454,2746,2584,1481,1477,952,1032,564
847,816,810,822,782,774,753,763,769,800,745,795,769,779,829,750,813,901,691,715,815,828,870,862,766,997,970,1024,1071,1050,1069,1063,1006,1042,1055,1027,1000,1037,1022,975,1041,955,1017,985,892,963,939,914,929,882,960,1042,1034,968,1026,639,654,647,661,630,567,585,591,576,743,353,369,364,336,394,669,724,609,633,633,657,598,631,668,1144,1013,1597,1565,2584,2716,2236,1472,1614,1056,1066
653,639,579,591,635,627,592,566,543,596,565,552,564,615,583,539,655,690,452,491,565,564,626,569,556,706,750,744,685,750,725,726,704,716,763,629,734,719,689,700,664,663,673,655,637,697,668,675,650,664,736,639,725,637,685,414,451,468,473,454,432,414,431,430,419,311,269,271,322,291,383,526,495,492,533,304,508,557,522,561,882,915,1453,1481,2236,1818,1897,1234,1284,867
640,626,590,607,627,611,579,587,621,559,559,617,589,617,605,529,603,669,532,500,600,550,585,638,580,717,716,770,746,739,723,753,772,748,719,714,700,739,720,729,669,680,712,694,722,658,722,681,677,666,731,655,651,672,732,471,462,461,406,474,412,415,435,420,419,234,276,295,268,281,357,354,519,521,547,352,354,568,544,541,474,949,944,1477,1472,1897,1990,2213,1407,1544
605,672,638,629,584,602,577,588,593,569,552,555,593,591,606,549,621,609,482,512,614,600,588,608,657,706,724,754,708,703,726,757,790,675,760,707,711,702,706,697,705,682,689,695,663,659,672,674,651,711,687,732,666,630,645,480,477,456,437,431,398,429,443,423,437,219,222,285,258,275,388,379,348,519,522,329,347,334,594,574,468,512,1007,952,1614,1234,2213,2436,2608,1708
644,616,576,570,584,604,606,563,573,560,561,585,556,588,594,559,568,630,461,485,570,640,620,632,623,737,722,696,701,766,720,765,740,687,757,719,729,725,717,654,658,699,642,641,657,654,680,750,609,652,727,635,681,643,700,443,477,405,406,456,400,421,394,410,397,217,250,219,301,293,389,397,362,366,523,317,322,335,343,540,502,545,515,1032,1056,1284,1407,2608,2660,3195
644,559,577,571,549,572,584,532,530,502,517,534,510,553,518,550,544,608,460,464,547,550,525,582,591,671,707,741,674,698,716,738,721,716,722,652,663,672,705,641,646,697,631,657,693,614,636,659,591,680,663,687,722,704,673,426,442,446,413,424,423,386,421,419,395,228,217,209,229,250,390,365,399,398,353,354,394,335,326,317,556,500,528,564,1066,867,1544,1708,3195,3658
