3725.115618127943,2914.3257373529077,2613.7363356486203,1579.787233071731,1410.0101650183997,1321.5780201352295,899.7654292316923,915.6629724364706,850.9558807737087,845.4114882394646,878.8514183920263,837.2285831231293,776.7707913854997,838.4006037692224,783.4971612767893,778.8716737390093,804.5483822424865,1040.6017219201678,2350.9110866214332,1975.5745904028338,2213.718917980212,2494.454955355756,2213.1651248784865,2097.901305546832,1971.0448562909826,1938.9257357513166,1790.7659703590866,1870.427988953336,1689.0410369640958,1563.684029348664,1374.8567568003305,1264.6709693731357,1248.2575308881048,1348.8916030296853,1267.6753218983238,1252.6789136525479,1235.8477615836375,1272.360134932725,1261.630689413361,1232.0720033195487,1167.7969594403335,1163.0419713958995,1180.6645828210042,1173.3699936661744,1159.3115298848593,1099.5977899006903,1076.378830965274,1109.0893931203607,1146.678678972586,983.9416885063034,1061.5371494391825,1042.280233454969,1067.4947860930665,1065.7751495020314,999.179379100412,822.6319847841274,751.5130233622353,802.0841448345336,727.7019398808286,731.3433268892041,926.3160219010375,855.4791933564109,904.3290074475232,855.0477727252351,877.2268966180052,451.68656245784206,429.2342395122436,405.891373233345,372.8877630163641,384.2573586714013,534.6204229228036,503.14340859247153,509.9895294949754,518.7636851065665,530.9079456845044,378.7429190905714,376.38413181270164,357.9450646891075,332.35079570749616,327.48362533226873,286.65751140914904,294.3927574339924,284.24219648783424,284.55008407444046,265.3236467753582,204.7212045403175,228.91047197011318,218.9461328433051,191.8819391729515,196.79931818840674
2914.3257373529077,2221.343424242292,2175.1815954875306,1304.6632130054104,1209.7879364454784,1096.106741889133,830.1634274344162,796.377381434276,769.3820051717021,786.7282282164235,781.4374527773506,770.0317489955094,749.2111464596711,760.6285523142872,677.3117255544666,699.3364648267745,774.8127670432442,822.9420331760957,2026.845595025095,1748.967631609564,1798.4896647141138,1493.9581082016523,1469.5775537966795,1549.0056104621267,1555.7470849739009,1628.805154966881,1348.1586491416251,1319.5362012165679,1253.5516922621364,1317.467622247933,1171.4350279319601,1154.4939017922136,1210.7785153335863,1149.4332746438215,1145.579697881366,1076.8214585400378,1115.3932961719345,1125.7567433688557,1127.654127311991,1095.3618908408735,1022.8321245031032,1067.6335846134027,1045.1875624139311,1082.4858626455136,1022.9334656709821,1046.8398287239656,998.463080286734,970.9824373548704,992.0218110053331,947.2742369640927,1050.1286756019567,1021.1159890054844,968.8744103140536,993.4852742273238,947.3516855250975,722.8844909982231,749.8319812922873,686.4190593681392,652.0918348967779,624.6383263025375,782.2024313339625,785.2421538634856,793.4158584175976,799.7065265085403,686.7159752630523,411.3700374157206,362.8376970338786,360.73408036837145,345.73552731309155,345.72823957723637,486.74526905078284,423.77348915546895,425.75686856487505,444.84390277624846,400.562935216945,313.6372843424701,278.56600547208717,274.40086064997826,292.8844919515659,269.8996213547904,244.9779102616944,248.43735263593294,253.65873327413678,238.28572038375665,202.3674109568399,124.74470193099995,220.7967261002956,144.0947987753745,170.28285222455952,164.10625378123078
2613.7363356486203,2175.1815954875306,2110.159209976507,1297.2287125744392,1133.6127680799596,1081.9852154385248,858.236695467859,806.0203668960214,783.5172612661595,814.2547015864163,722.9087063818287,737.7918346873699,760.4884617167461,771.4998352273523,694.6389684372454,735.242216293834,754.4843510374108,895.5221414135576,2028.0615960815062,1627.0489580041292,1813.8653825072734,1454.5944705298516,1447.814384607841,1439.894988601754,1530.995216351815,1553.9671779107643,1332.6823609397886,1344.161121209149,1243.8396832478174,1265.206007392648,1210.213823267288,1124.462204677906,1076.5813698939812,1132.0789589828305,1099.8700972174415,1053.9771148456252,1085.3322369410366,1085.3724717391704,1131.8866434217214,1090.8101586721973,992.8443184122323,1026.3660230848297,976.7672253472961,1012.9626087080978,947.4582698279954,971.9349261850987,937.2581504781774,960.0267224594777,928.1544737268088,928.9300447439794,1034.715799546909,1041.093065316987,1006.9833929590889,970.5681858125181,958.0648630474822,700.1086176289004,682.9903933089928,657.8105899732516,693.2061535186111,693.1827247737153,763.0842628868908,739.8334474471043,713.8938760027709,744.9798234634469,717.2084398143573,374.5352072974812,353.944377651145,336.36887992643517,331.2741080971398,296.7541205895862,426.6404980046013,462.207892138425,385.95316128326704,396.4227187011743,420.3983099576907,281.74933412946507,276.1328721925519,282.6722229231692,272.6029260087552,275.7856671090124,278.72063140122157,225.86518715730585,215.09020659198532,204.17554697791368,209.69168503806844,157.87695774558443,146.45612552635595,175.02605716661574,148.1343145179797,178.4301107015292
1579.787233071731,1304.6632130054104,1297.2287125744392,1004.3038503719853,961.6665317155034,905.016483826757,733.8329063900783,744.8014210046427,693.1273236054121,700.2687778096309,710.1233282034848,663.3045246633025,657.9072619449607,669.6763722486328,622.4230060059766,625.1125644811152,678.1364501942927,740.1064646245948,761.4313321315578,1300.425744206945,1380.0155117797253,1117.0344959948977,1152.1566785322648,1211.644550457248,1124.9778048009057,1255.8101915773575,1023.6422638266008,1008.6732657451145,987.466194299298,960.3478881586456,999.1291071845367,931.2967226651435,913.8953819948009,906.8675606075227,864.48550548091,902.4849000646275,900.7613756553473,901.767924037634,883.4557739140712,814.5124978591084,828.1140983832826,776.0515301036371,794.7542978483493,822.7313213173004,836.4176180916498,795.7943211349774,837.8088543530863,794.6261650502299,766.1978263392318,789.9765582714127,847.7061795754853,771.2876292136028,814.6801334561859,825.7085198885518,783.3034260108969,574.7871147575246,579.522868184773,551.9722737275517,559.9937964974155,534.5839022459204,537.8547708442368,576.4372491405618,552.0894392719456,544.9851572867034,512.4179658797507,263.0219564029021,255.02596940673138,257.361989436179,226.35567269581807,217.37017127293086,318.13342492559013,324.56470013471426,301.35713180837297,306.37647377532403,277.58251414201334,177.36252004646371,187.90058811129018,188.17766689158307,179.84575605976437,188.58032940359186,138.35375387995873,149.27924929320878,138.7139511451661,145.1220420578093,141.18465872563513,94.82470154698115,94.22269113933035,105.89028680237058,108.18017733544387,107.19914432460621
1410.0101650183997,1209.7879364454784,1133.6127680799596,961.6665317155034,869.595086547414,825.2703108656249,682.4479296274716,691.9164317109465,669.9945562572827,696.0385273093208,653.4642940315232,630.6209838206101,639.9495276673204,659.5898088096845,630.7389932186221,625.3151832310175,637.1614999330495,733.5571609471717,429.1487448111485,667.4505033539276,1174.0987072065204,1036.1623327852317,1063.562962293944,1052.676000723038,1094.1913912406483,1159.066856938443,909.2669357222868,947.9192388260789,897.9805575508967,927.124480293006,875.8443496561067,892.3442576058956,880.986638398603,859.9518730161275,816.3408633287296,795.0168666991584,793.6996259135984,858.4218231935757,863.4637696373749,820.1482639415293,789.7630203767233,771.0035156629523,769.8678642705202,771.3273577747082,777.6406443533365,752.3438309615935,754.8855889208527,734.4709730236005,745.1441103296625,748.2238998578842,839.2841308699079,787.4725731177097,772.0996581984548,759.6895633551078,770.6297458805176,590.0186115553787,584.3769616979293,569.6220571196437,568.131079632939,546.5946188085226,541.1940289509329,555.2641031405132,553.8197572113958,545.93241016465,520.8079810388185,260.40671896981195,239.83108433547255,240.2429400921509,240.15282027958193,222.88688217178304,287.03024617132445,289.5946345717347,295.9272210240245,297.7867862982563,288.7627479670883,187.25353129203296,186.76106226287476,187.4184096526216,158.68438222431718,154.16773128511576,148.44229748045947,138.0443780601689,132.65901187640048,123.81836666685254,133.0535888350705,95.61360506443484,104.18618161641022,98.23909142134247,97.18642142330775,94.11951343977178
1321.5780201352295,1096.106741889133,1081.9852154385248,905.016483826757,825.2703108656249,696.6413833769117,616.2303205633763,652.0010846914026,606.4262167149211,607.733947550612,610.886715159666,564.5653537840949,557.4885771545635,560.1748727621801,558.3016071128407,540.9504376021487,562.1758567260678,611.7122206175766,341.7032958328098,417.1913051029493,768.3389936246115,1286.6200449048729,1015.4294817257112,867.6643333846936,883.4655210544977,1007.2219706153752,1146.7594493537365,1066.509344056859,1004.0157293610403,968.6125748146446,868.48371942738,888.2908373937441,821.773394907863,808.6887584737683,832.6392700819933,750.2338782277839,827.6596261300388,808.6262724825622,778.6125954171109,770.8561494884519,758.2434257874187,685.2365407460815,761.921461957792,703.547512325805,769.1734556973092,717.9261065754297,687.4319127453157,689.0606162672635,679.8147861967933,691.6160412774009,660.5253360008078,632.7715642471527,624.8754998615364,607.2603119547545,601.2591230347433,482.95099022517485,471.6666037070921,429.0214832181433,429.9959437800891,441.9453181729245,478.05386074332375,454.6736057993769,436.05661124388837,411.99876147654896,427.7054470277693,216.9109725831008,217.7576820975489,204.76861450265062,196.44885507491682,187.20097750700356,236.38507758885996,244.85924585140722,253.25152096831653,248.93427853472923,221.00046381365553,170.21608602477278,163.52118156609026,146.41387811317887,160.18684546442722,133.66665802537395,131.71381219513762,134.0708381544693,120.56575777905745,129.43983342180127,120.86211936011142,85.21980179842357,86.19908043861943,76.33297528029581,75.03978621465673,86.56378374968789
899.7654292316923,830.1634274344162,858.236695467859,733.8329063900783,682.4479296274716,616.2303205633763,579.9922160337942,588.5772734209671,595.800664985091,561.1065679097644,578.1957168493932,536.0089554376132,539.9957774026591,542.1327908178613,534.6883862233421,519.0504364509312,506.3524114486454,564.6290825090351,296.87644412839745,314.98867206883784,370.9980043303964,577.0320810147703,933.9987859893004,795.3652369402049,785.6266968685941,789.3542141357754,783.9131177372112,832.9013242698134,810.9833137505464,815.7567697935908,810.4190755197897,770.0154527416913,779.872728839636,808.5092741887415,754.7027228401066,736.8679626204981,715.4436220738218,699.6023477935715,727.9137416050878,723.6903896898818,715.8143632993351,667.0484058743914,656.3350673855059,737.8867735637294,665.9318661718405,666.4439183322567,616.576716280638,664.2055114078344,626.9849715469728,604.6011448755577,654.3002557761437,608.451971610783,599.2104662788025,623.5026215985365,595.3230373353412,461.59555305105226,428.28423303887644,431.10005056757774,406.3481113656477,400.6870934848902,418.4111484202447,416.87792829368266,395.382082281957,399.5095938263695,366.9077047963027,172.07604157168657,168.3458437767212,146.05046269799612,160.37033842769563,138.32241515589723,201.82835270111704,215.26821504958116,187.07388149026937,185.6842346630696,205.59409976238186,137.76156844182145,116.00105158992886,137.25641095459832,116.20436967206899,114.01071573266314,109.90498676987974,101.45941568740466,92.18643287277797,84.11192935951195,101.2744736987961,80.01400637756541,75.57390542915823,64.53486838123186,58.9903038561706,57.57119563543699
915.6629724364706,796.377381434276,806.0203668960214,744.8014210046427,691.9164317109465,652.0010846914026,588.5772734209671,568.2723131744947,540.1526332104527,541.3613341607345,554.1172193816017,516.0458471766957,517.5887866548936,517.0474359274622,553.4832469274046,513.0667026559404,522.6185442986887,516.6037662377003,286.13415994680815,300.9190887317136,394.49656601353274,406.58217030713405,530.917218384641,863.0902340050669,731.3929560863254,786.5900391275827,795.9384989535317,789.1326672204177,827.2390199963095,825.3561157700692,811.6285889193932,768.1153533441767,721.3102575635749,714.4691801981544,728.9681211877227,701.6491767348639,694.5683201378233,724.9457669350243,773.7908027125945,664.5012744188903,657.6509031888033,698.4490360542873,678.845390494173,699.0712366002964,677.3261424955459,688.859480454179,646.6678960806887,629.6790867810664,625.316386326932,676.61410504552,615.0478197566296,608.9716074485739,636.1855941574917,617.1839662481374,593.7818625485186,450.38329460956106,447.10788929035436,431.5055946784227,403.0327829374672,414.26722042927713,414.70078495767535,403.39321763882026,412.50358260689325,418.7814672516529,400.59791438794804,185.85450277769758,179.443212588997,191.61645098399697,181.10801128735406,159.79165689650605,216.8738719868293,213.17356206077056,202.49203391680408,222.02744610113098,210.32683612525346,153.60148759022593,136.61193842021044,133.0879716710532,125.42188480268979,110.07129132268469,112.18094158076113,121.57578814205367,91.48204318362512,98.63477095757705,87.14960483208662,77.86898146925269,76.87176139073708,62.62241581968624,63.99349779031699,65.29755837899543
850.9558807737087,769.3820051717021,783.5172612661595,693.1273236054121,669.9945562572827,606.4262167149211,595.800664985091,540.1526332104527,532.1721335820916,541.368992260982,558.1011373364877,542.9378327813964,508.744645374554,550.6116778751232,510.80746971266035,485.2685103791922,542.1443928173604,559.0362952989288,287.2367468138291,289.4913307030502,340.1801502914748,366.3202434089715,395.94686304306583,475.050419546134,699.2880411611515,793.3054569765891,783.0098181554216,753.287394666698,750.3926587459932,830.6618974230875,768.8771468985278,743.9268481590431,737.0390766726998,724.954798459754,740.5974922543577,700.2557915793657,718.8904716863424,788.6392266739642,740.0049582467889,710.4613861768055,687.1131425663506,681.5796689469107,675.5288159345603,665.5015528584817,676.5523345658169,627.1904239972451,680.4727886259466,619.3123452898142,636.1096790465532,621.70229297241,697.0816627901213,687.452110866114,648.4258364292932,619.8770912374723,608.5091243425555,459.4248294327002,440.6780484100252,457.7255876412478,433.92672130573953,457.6551910494728,436.62740424889546,426.14322760522964,406.28727717351455,398.4731108975095,379.12332219983125,208.5814867548297,185.13779883638892,182.9864217740143,166.7945415281306,162.0271401530036,208.70038923747308,211.88806750041087,201.99712446835446,227.1864361849237,200.83514712622525,126.51440121277398,131.62251653591832,127.74241882014864,128.40585997428022,117.78151474706029,96.72881036233542,102.5418529393528,99.83962778664183,96.2320452823487,109.79161565424587,73.07465663072702,77.03199119077973,76.98978267810628,62.991484068671454,64.35849803697364
845.4114882394646,786.7282282164235,814.2547015864163,700.2687778096309,696.0385273093208,607.733947550612,561.1065679097644,541.3613341607345,541.368992260982,541.0404626055013,553.326772818683,526.8097542100815,524.7933382511256,547.0516243797857,551.8024077326519,481.53735174259197,539.3160998838595,574.3010655265466,288.42308103437006,304.1366270160337,369.1186926590413,366.866398550812,369.2091828992422,388.45689573516097,466.7791271297987,774.7011768945017,775.2613783293091,768.5930283011752,819.0005046959257,776.6708436799006,774.2893415005605,761.2890152403668,744.4224920567596,755.6262391007692,758.9327971761584,710.4564830488598,694.6809762732485,709.1408851689249,707.4221627862705,773.324757553515,678.917156527715,672.464442201857,690.1818743839073,642.9331831500701,668.2822931217929,656.1942976809439,634.499449921004,665.6801988437724,673.2549211852587,640.3693228572141,711.591418637058,659.1226811129518,663.8953520840982,664.1839251494417,639.9757185982808,520.6277239170969,471.202984325235,436.371823097214,500.7968667419949,474.1296699955973,449.1144383195617,389.9167683652538,442.04660064617235,409.247245767434,406.6452327092114,207.31157240490944,198.37614790295234,181.43345263779298,191.45040563870387,181.9948174564288,220.22703069600084,231.492166279186,225.5554693375443,211.2569976339068,201.27478506315822,150.45916449420633,127.02959377243036,139.16416994693185,131.79467511144512,126.19661212638488,113.85689898576281,103.97532937909523,82.3212457132657,105.11496997002273,110.85612894617995,71.621812286365,74.44131635097328,74.45237562291447,53.944255484368114,70.97913145768966
878.8514183920263,781.4374527773506,722.9087063818287,710.1233282034848,653.4642940315232,610.886715159666,578.1957168493932,554.1172193816017,558.1011373364877,553.326772818683,559.1507781898748,558.3980706374032,532.1694279563138,562.344562540428,515.1294526922977,499.73132774930025,541.0329058773186,599.2640642269862,285.24036476106755,278.1950562789281,374.5266923357221,347.0288883461268,355.3649468665818,378.4803078623401,396.72519515653994,650.1076736098796,1126.257312334505,901.8892876288273,831.5081706858283,739.7207005324751,699.5519382473136,701.9974221087457,761.1271069265606,742.2291812262365,763.1816039363396,678.4924126933142,701.626446684148,694.00763838069,711.9110518843156,716.2695941490625,656.9733860533102,656.5632224764215,695.0772651235804,689.0154782799166,652.7797219216031,670.6952327323218,596.9794865376914,635.7369780957732,633.2338173648563,622.155729430219,624.6407313381412,617.0889183858719,602.530076839189,609.8953123038681,589.5881015391,481.2983416516925,474.19377526658815,464.091457137636,440.52914984230273,456.6263458000018,471.65529772479204,456.84497775205944,465.3088608956087,419.99748123009925,431.47356484126453,190.73869081133566,207.57120681813123,195.4614789144144,220.60457233939005,191.17348979808497,255.38074631200192,255.95890802581596,254.09415484715333,277.6063631471326,246.5178859748276,167.05644901116773,171.74656995005216,149.22209857673235,156.41119897361915,152.79762432560713,137.94727436998295,129.84662757172498,114.34144432020739,121.44845635634795,116.34911342760721,90.06715262760787,98.75424630471781,81.03939776566696,93.52520764849334,87.8660021750609
837.2285831231293,770.0317489955094,737.7918346873699,663.3045246633025,630.6209838206101,564.5653537840949,536.0089554376132,516.0458471766957,542.9378327813964,526.8097542100815,558.3980706374032,520.3938451180725,533.907678142147,539.6066428690774,525.7488786529959,517.8794666375604,567.8757960598556,607.601274892437,296.206862790769,291.6681662629763,325.17009676741776,348.35895443223785,375.1273486272361,358.5386717655871,393.31511028080195,414.96319007423733,528.5438379500911,874.3757935319921,797.7656701595267,778.7086766800879,739.6028656134622,679.0147577050863,703.9861436181544,725.7421234533724,691.9225731953273,728.032246897803,710.2144213351817,720.0680302093385,672.9601417740998,671.5636659322245,697.4400149742539,645.1191780621241,699.7848744093162,637.0102126788607,628.198910912979,642.9281857896809,625.4919539505404,631.3096792734898,635.057480840075,613.9829062839851,610.272121754605,598.3543309883945,652.5244454431531,630.0042059647112,600.2676709087029,471.4881819456737,501.66887409323203,506.49400706066206,470.4210233675524,459.21665172778097,454.44411619944503,449.33555539548695,500.00545815390325,489.77667782328797,473.06149530214935,243.47413830612552,247.6637058373512,207.6644488359521,208.41595124146167,209.42276581201577,279.43146095294037,281.8576874849927,261.836013630024,274.67843002334234,247.42168132079252,183.7198641757043,159.81501355948853,182.50196561450545,146.08414970211604,157.90656995973444,143.19700867966773,135.6822658304723,124.01250933956578,124.56058830573272,136.22800914838558,95.344079856148,108.66976031632376,107.91415698209461,94.99839187063715,97.1598834844068
776.7707913854997,749.2111464596711,760.4884617167461,657.9072619449607,639.9495276673204,557.4885771545635,539.9957774026591,517.5887866548936,508.744645374554,524.7933382511256,532.1694279563138,533.907678142147,536.6450405679914,563.3273811136601,512.4672760735652,548.9747069542741,562.1200824993259,570.0978240598544,288.1793450628683,269.3422812744101,345.68772893664965,341.04272641399774,353.4280498918768,362.7002155098713,355.4412696944562,396.40658149976326,395.867431233409,514.0168642351531,723.3536399091192,714.9930262651192,702.3498578152414,659.8564693675445,717.9759203352259,735.7043396170502,685.2999394723596,665.6417271871452,726.8205215154693,715.6371554966767,702.1008715958185,687.3597609215245,666.0096254629411,666.4810077033892,663.2700268361302,682.1640414607143,626.6872695254211,646.1217470610004,617.8896827329257,613.356584717471,621.879517663888,624.1305292095735,628.4654754045256,681.7616938046116,713.4830343848557,659.9073420326087,681.3733166751076,503.4211093628919,487.6304806360561,498.5950725143981,506.9409601421214,473.5538912219539,474.5933009592195,462.8889218867879,493.8657777095007,474.5661410939717,493.28847651215506,232.27711621907306,215.99491974966296,237.4037861797501,208.93943448612396,203.25967191664336,282.52427113093955,300.90703054130034,270.83361124598815,273.1232623196018,264.99633123364555,180.2964980068237,180.48247675745776,168.09723995312126,170.212592319739,169.249127381469,146.50347429260046,145.28831665260245,118.22827041365073,139.30133454272357,121.96934801375552,103.40206364651901,101.12059570829777,95.84118095928144,96.49886299763469,91.54487088017964
838.4006037692224,760.6285523142872,771.4998352273523,669.6763722486328,659.5898088096845,560.1748727621801,542.1327908178613,517.0474359274622,550.6116778751232,547.0516243797857,562.344562540428,539.6066428690774,563.3273811136601,583.3836678974145,538.9461039559158,578.8933514631074,581.588678183931,619.2398412777645,305.53885131828,271.284000371339,356.9495774424825,346.8532542634737,375.0831229807258,355.4015113818171,385.7711830932942,398.1005202026879,424.6822664119613,419.9149962827373,509.31090069351296,696.6897748011804,687.8452832329922,680.6050723892868,725.6352259778961,749.1246285744124,717.2527278305198,719.6719379919082,689.4849581007718,725.4272777549616,734.7481866205848,694.1246667276889,674.0414350659987,711.5339772015822,629.9961971471342,656.6995156916876,662.7751984616533,670.7881844336832,627.626146405587,607.1700679129833,629.0137149277693,651.1431974576556,704.4642765138581,684.5532928804398,733.2266341338265,715.8475014029415,709.180202864854,564.9118639717057,528.5846245325131,535.586113637802,552.5555503006424,557.2971582855888,537.3845987916295,491.7184866969834,555.366755404259,503.51429492899547,526.7989648338046,285.8557783856914,248.43756607777198,228.08474103984219,240.63975166870307,208.9762531614282,295.91667889064195,300.2589373951956,325.72458513590567,288.27105951748365,333.00027452093315,211.20393596027822,183.5615954449297,194.74126852824313,175.58368025587683,195.1312898143631,146.56086054175435,162.90172192843144,144.37019615440622,161.9195049733615,161.6181652537776,95.39623372100104,118.97075287483301,96.40536230083622,123.49324040970473,102.39700904882896
783.4971612767893,677.3117255544666,694.6389684372454,622.4230060059766,630.7389932186221,558.3016071128407,534.6883862233421,553.4832469274046,510.80746971266035,551.8024077326519,515.1294526922977,525.7488786529959,512.4672760735652,538.9461039559158,525.5172641030863,533.4346647898917,550.4820622044699,597.3436922220515,249.46186920548024,286.64344933652217,304.3306440122053,325.4179754112714,318.4165848789378,324.425100362558,356.97353225897825,376.2725179690832,375.17661622911993,369.60050803598654,378.9132747073529,428.3061509587367,462.07073838783947,488.91264589626894,469.65135271269537,466.64079711879606,474.6556621891907,464.28520391034647,470.57394600895014,489.48265824535406,455.18305136796334,471.49102735124757,472.8407725156098,473.9306053444465,457.75346854833185,458.0322191018696,445.3542111585998,428.14802819807795,440.32379241260765,421.0850957412147,431.94886772006413,428.7383772341874,465.6337268045757,469.498994341561,473.9540723843535,471.48216306193785,461.99559629402137,373.7679730686683,356.80192781877315,350.80596976100867,362.71996236925963,355.7976431395318,389.1418976577417,354.44764168182286,365.3091978108394,378.36868079315036,356.9510299760045,188.8722520022363,175.1368519438018,167.19826659326156,170.81124602060768,164.08520068885372,232.90476674995574,219.5366636258369,207.13283570768604,213.30306298697454,208.36062999733386,148.74470927141445,140.03472188567576,148.80477715164304,137.93693833072177,121.45442580330183,116.20986786255915,105.63245357672821,97.79329073271754,99.19608832275179,101.26335735425232,81.4683491595335,79.28565481522536,79.86320660811698,82.5715381949132,71.42954408315516
778.8716737390093,699.3364648267745,735.242216293834,625.1125644811152,625.3151832310175,540.9504376021487,519.0504364509312,513.0667026559404,485.2685103791922,481.53735174259197,499.73132774930025,517.8794666375604,548.9747069542741,578.8933514631074,533.4346647898917,570.6877481712498,635.9893813227275,667.5995839165895,265.5783050862047,308.27006790196225,347.55632564300544,334.51924401973685,332.9416733986474,325.61465459557473,342.15666731692295,346.94162467825697,347.1763351881753,343.58948654918515,371.069499156568,377.85527880384893,421.6397606417112,524.4784699146137,428.8680338208812,457.44078677305345,462.98710431257916,429.69309624353696,451.40545286952727,449.2209989780061,444.94164883964874,438.10585358300557,420.9694945418719,390.44426758405854,427.4021954458538,402.8048798690638,412.1962575068123,404.3411036701928,392.00576985593295,375.665956050203,386.2008788528455,370.574202440641,419.9135173519868,403.75147743297623,433.7627202616256,445.2352570152407,436.2848792819842,351.587802678059,365.1297450571433,363.5259020286692,340.98007015337026,352.71168129597936,374.4023364517915,397.1585444303016,397.1132298599142,394.4680150582631,377.0252560787581,237.26647076832236,201.71372461703936,208.71631375902444,206.08360291997624,212.2672927757301,239.06466585464432,286.9130699649084,268.38780161705483,273.21535619714314,253.59488153521204,193.05395811764308,186.35738311569276,179.5407170973649,184.01370236293303,168.49456500575872,160.3214544754319,160.4907443683149,141.91618294664522,161.33951527226895,162.36337221631956,131.81780640961028,112.75067836649728,110.73438230101053,113.7177426742478,122.15003274647472
804.5483822424865,774.8127670432442,754.4843510374108,678.1364501942927,637.1614999330495,562.1758567260678,506.3524114486454,522.6185442986887,542.1443928173604,539.3160998838595,541.0329058773186,567.8757960598556,562.1200824993259,581.588678183931,550.4820622044699,635.9893813227275,661.6763994779797,753.4378020285963,296.08938706694715,302.4663215157209,360.1259887549229,370.53850034368855,358.9733928479094,349.26255745554334,377.84333616627026,373.29271408912973,384.4128058485572,382.9793011115797,375.2000555392273,375.9710257943155,389.5259604143717,389.15556358237916,463.0162000136484,468.64067942042317,497.62923057444783,454.86645110655564,452.7403483768207,421.21079432026283,452.3426683942366,444.95002162203747,421.69417995004943,473.8285436233642,438.78843871010986,426.1434704376786,430.35347215391795,408.7786088534382,402.3959268184548,405.31001663626523,412.11506106126615,400.58606657912685,449.32679214626864,451.81402252483934,462.14953315888295,433.93635087858604,453.1180967887404,347.8497413523223,351.65819666750247,366.40649824328307,384.7660770175915,379.21770269169997,447.9994689254001,430.398434690298,443.35988054299264,428.0866272162874,478.1899370532327,231.77772314726107,237.24035224067677,229.52848708774124,220.60790151245732,225.50086499555934,267.91581326011544,293.5761131510201,301.9011417948551,283.43562119730376,286.96832682056015,204.20961309455785,203.3126990210838,210.8163238742534,219.1169222782294,188.15782242623703,182.91746799052646,172.16947838655088,158.79616998274957,158.6990917598555,158.53144713967566,130.10051097691587,124.55037546121844,134.91370776309003,128.91169876878507,124.70250333218995
1040.6017219201678,822.9420331760957,895.5221414135576,740.1064646245948,733.5571609471717,611.7122206175766,564.6290825090351,516.6037662377003,559.0362952989288,574.3010655265466,599.2640642269862,607.601274892437,570.0978240598544,619.2398412777645,597.3436922220515,667.5995839165895,753.4378020285963,852.0073371924309,344.11531658292,343.6993976012087,396.45091816659016,388.2590073935993,390.88426068895586,401.23809452821484,419.83372298006384,401.5981462474488,455.2626042091083,408.087487737551,435.1467560706341,419.54254387211495,408.51988774648953,427.6221685788126,460.20437282092985,486.1452175345516,510.3990680835717,482.01859904080766,478.01758333995775,503.24920391186254,512.8768164754666,502.8867476781107,444.0575188073858,449.1017159916588,487.6642553077331,482.3534896341073,459.4058383023207,455.9287842151275,449.60054695976146,418.2550585748181,458.29816442708636,427.9568297223001,488.51800632359215,464.7467084133642,554.582204530196,538.8259896331595,525.7611025865217,428.7797000076603,410.2260326061429,427.143247257979,407.76244877411943,415.5836851760455,528.869836631005,519.3915469078274,520.3582525373332,515.0988799130604,504.3501819574018,302.4571751233285,287.4458143313502,267.7108383126915,281.9675367014752,249.776494225193,355.44102424263855,361.239557262199,345.128879237079,349.7872136818619,369.08012290788247,264.61893047137005,266.0087907438211,225.1264009480213,234.72678085519732,225.3426952459276,228.24962820306845,194.42544076228063,208.75118866183317,231.66009591103855,212.0336000382602,147.14794816461244,167.5337497724296,188.2379970017922,162.01837694757955,131.2832439517495
2350.9110866214332,2026.845595025095,2028.0615960815062,761.4313321315578,429.1487448111485,341.7032958328098,296.87644412839745,286.13415994680815,287.2367468138291,288.42308103437006,285.24036476106755,296.206862790769,288.1793450628683,305.53885131828,249.46186920548024,265.5783050862047,296.08938706694715,344.11531658292,1290.0133737334088,1163.2680854254443,1258.2879333677624,1292.6586187010712,1199.7388772304603,1193.5644680591406,1196.2038533862087,1030.5909911207123,1032.3812483419924,1051.1953000967983,983.8040349724047,1015.1240323147667,956.8891321358402,913.0093005094827,930.8044929030082,933.0338996813515,912.1345567923422,957.5544383723818,959.2379375173298,953.8044967984654,920.3572367158932,942.6742483104221,806.2159532615362,838.1432526671792,787.9484129733156,789.2104399036853,801.4983718558037,727.4227772115279,771.7705744812102,754.8384980369818,730.7099772266463,753.4484264722369,800.6846478990261,807.536935314723,834.7251614342421,801.3141740785953,839.5309352048129,622.5378311675263,637.9745358704297,574.0984115692323,594.9750527631975,572.5670475236642,670.7802408749404,669.1668132179718,682.1014071689581,641.9004239771474,669.4740224793879,390.81962783516315,355.3357747517142,374.61695950530617,318.8806482646105,349.57182597280934,470.20641400984937,498.18098903480995,474.46050464404493,453.6382178927118,484.1393230301009,293.80770879828293,276.04875691297764,291.3912821545455,274.69122369408296,276.9070518971992,265.7720873196707,244.87745085708062,226.80334502035794,252.77819626437184,235.35107619240821,154.1935580085657,175.59111555313666,172.30129959768857,168.41667358976622,165.33197720262268
1975.5745904028338,1748.967631609564,1627.0489580041292,1300.425744206945,667.4505033539276,417.1913051029493,314.98867206883784,300.9190887317136,289.4913307030502,304.1366270160337,278.1950562789281,291.6681662629763,269.3422812744101,271.284000371339,286.64344933652217,308.27006790196225,302.4663215157209,343.6993976012087,1163.2680854254443,1130.8101702358786,1324.8915442288203,1216.6341112445764,1175.5799493496556,1161.0521275630786,1175.8103151909381,925.0163214081448,930.9974735483349,982.169909455526,989.2588889732227,922.3011460256187,871.1984912672846,932.2287430663328,850.1603682600339,942.7844660586405,908.1532744607526,937.4897621602272,947.973711283543,915.1948660130838,895.8146082592764,862.68421251787,769.6095390956119,776.5817290943171,766.4237418596049,789.2411854144808,759.5386504693515,705.3777712211411,724.1030921306285,719.5607196351124,707.6142614910956,719.3253674797022,782.57565487734,795.8071881632745,789.1500950935614,792.256734737379,752.1101015479192,555.8559801040003,567.6862381119638,577.3650071156842,584.8701461093099,586.7677309723816,587.9359772240491,619.0624181635285,617.3353374960257,601.6968932376102,621.1628397430454,318.5770254551308,321.38743811663824,312.52149484048016,286.4030152030813,283.2291607387684,373.6408961990198,401.5825853738018,418.8697901660146,416.651337679138,398.0470116943204,272.37128183716396,261.6511243820843,281.06083159407297,262.12994928379123,237.51788836701468,230.9511615619945,226.60230335536056,212.90746870225777,210.73165001742632,202.08634495332197,155.74970236649435,157.75932970269918,143.58332752983603,141.37635132638945,147.30250867304287
2213.718917980212,1798.4896647141138,1813.8653825072734,1380.0155117797253,1174.0987072065204,768.3389936246115,370.9980043303964,394.49656601353274,340.1801502914748,369.1186926590413,374.5266923357221,325.17009676741776,345.68772893664965,356.9495774424825,304.3306440122053,347.55632564300544,360.1259887549229,396.45091816659016,1258.2879333677624,1324.8915442288203,1467.6971539025492,1587.7464381536279,1504.6035944590863,1424.9633660161248,1445.6125504877737,1233.9068438545264,1148.4346886252786,1154.0354716107572,1205.6069718485355,1200.4602787617719,1103.805342367792,1113.8570619182829,1082.3461656936067,1149.2505758106458,1085.5746505893455,1046.7785237877472,1110.9599767788125,1109.4764765015907,1074.4825476709154,1070.4011152932098,967.860581485456,908.7419249787134,953.0381683119635,963.5514085431996,925.0179308395162,886.6438115083013,878.6873739970594,882.9983329550782,901.22498876398,868.4726784941209,972.9707387816193,940.7813992963531,951.1165585241166,952.2878096993272,945.4995035126055,705.5803786380055,687.3787431040408,673.1439720495212,671.7193521445225,663.4923993782057,725.7274713923282,722.7994072926904,728.6546462096005,749.4490559878611,729.4485240085954,404.51938903090735,399.9026074074415,344.3249204372411,371.93607399225084,378.00384467058035,478.9129438280219,515.7177528341263,470.6928732468783,478.85966782994774,463.86942892306456,295.89652831153563,334.088830793629,306.1898493609872,305.4413331312112,291.4156298768068,267.8841475650603,262.1299226371368,257.3615028044799,248.4203998254195,253.92080877254728,186.9844948723659,190.31856617567445,189.29379212852987,185.27533526770588,167.04224385142578
2494.454955355756,1493.9581082016523,1454.5944705298516,1117.0344959948977,1036.1623327852317,1286.6200449048729,577.0320810147703,406.58217030713405,366.3202434089715,366.866398550812,347.0288883461268,348.35895443223785,341.04272641399774,346.8532542634737,325.4179754112714,334.51924401973685,370.53850034368855,388.2590073935993,1292.6586187010712,1216.6341112445764,1587.7464381536279,1559.0787138299547,1553.9323797146976,1422.9352330103516,1532.934341160748,1236.9218640986987,1291.0319942885978,1168.6566034300536,1206.496470968426,1180.941736191545,1120.2465373544665,1108.2177155428553,1057.03067378165,1061.7816268887168,1133.3154018214925,1146.3488510961517,1161.903932376235,1142.0475985141402,1114.9783415482407,1170.3818087070572,975.874194488327,969.501075802127,991.5041408899997,915.1842588423901,955.0986768261537,909.2094873515603,898.0022029207919,876.6946023725595,851.3672007396304,886.0458312812673,899.4808370293046,953.1447784729421,928.4769744379444,940.4713736933727,972.4491782194632,708.6803934840603,707.6691253150377,662.589486913789,691.0804891470448,688.7895030923635,722.9669519169104,753.1262270977447,726.3319036195404,733.6805117758247,716.1533347941614,394.0618103893953,358.6349186560201,364.04587975233414,345.9721146171564,323.96281298019267,468.85142040261167,524.7823284980346,490.4233505241719,513.3333407095146,488.039454253952,334.09617198770474,310.9415787432829,303.80665829915534,309.5027497602819,315.94773130503336,265.8463318986411,253.80664632977673,255.79552588706042,241.71804246297555,271.15053461558733,186.6260032880687,178.78503450767903,176.36338386276702,184.90461436539164,163.75118041413828
2213.1651248784865,1469.5775537966795,1447.814384607841,1152.1566785322648,1063.562962293944,1015.4294817257112,933.9987859893004,530.917218384641,395.94686304306583,369.2091828992422,355.3649468665818,375.1273486272361,353.4280498918768,375.0831229807258,318.4165848789378,332.9416733986474,358.9733928479094,390.88426068895586,1199.7388772304603,1175.5799493496556,1504.6035944590863,1553.9323797146976,1564.774080297003,1586.2942807150876,1506.6629174862423,1350.5438183798192,1254.9738239002077,1290.4623416301533,1155.3757652242803,1208.1860802057668,1148.8692217756582,1181.4665282101782,1101.2067330584953,1160.0818717528455,1109.4306195183976,1151.032078762468,1145.9396907416917,1099.8204902319574,1155.7424875475253,1124.9142093319692,967.611036074507,977.8907874871054,966.654370533607,958.6129466852634,948.2079609565216,920.491509384272,896.9955169844811,899.6767814353245,929.5735753919872,898.2449788384511,941.4145647695987,983.806750033144,977.5017035098673,956.6822302038407,918.8105286911883,748.8069122969099,716.224066736263,717.4670809358955,709.8536546947071,743.7343472243876,748.3629084121308,703.6907836769678,724.7633557707775,741.1374868876194,762.3250380352456,432.74954800322496,390.9399513085017,376.39641002260885,383.86656948006157,353.9541287076717,524.0656937330987,499.83902524003224,516.8907448827026,501.12413223927484,511.15206015176494,336.416091362823,304.0505416535733,327.8568123339701,314.6146783630667,303.96739380883344,281.00377524280657,287.4056815659829,270.3660372003518,267.80872619573574,276.8113377217677,186.26037135278938,188.5220920400006,186.73677524827093,170.8301264229753,184.09062929135922
2097.901305546832,1549.0056104621267,1439.894988601754,1211.644550457248,1052.676000723038,867.6643333846936,795.3652369402049,863.0902340050669,475.050419546134,388.45689573516097,378.4803078623401,358.5386717655871,362.7002155098713,355.4015113818171,324.425100362558,325.61465459557473,349.26255745554334,401.23809452821484,1193.5644680591406,1161.0521275630786,1424.9633660161248,1422.9352330103516,1586.2942807150876,1528.47672374272,1687.4847254799292,1391.6900429727425,1394.5656368639125,1310.1474774578082,1254.5746709601465,1202.515540101005,1152.5532002412397,1149.4946050067986,1124.138688820189,1149.6667299216133,1076.4931084228824,1163.464486018347,1216.4335208177513,1123.775038508752,1136.8589458582553,1151.4650509646963,957.4189112417387,935.6464102009627,959.2679504126488,1018.320104941178,961.976447749397,903.3949282812972,946.1076579840068,902.4312178473016,943.2518024485591,889.8046058069013,962.5119407148673,971.7360333447164,1020.9331784812393,961.2637381698729,1002.7509416626979,772.1386500084553,751.5236993651325,730.7146056788424,722.5995678719796,704.3972796939863,794.4516199282191,736.6858640748414,775.1687725138888,711.9497372513283,765.914658059181,419.5318144849793,365.02163662619205,411.20479420796795,386.85675529377556,370.7921331665841,515.6743833283526,546.8891075671346,497.6901505163206,515.909231215536,523.5797857289714,314.72365962803514,326.1475498681516,313.03578802533116,317.0854952408291,318.5236697396216,264.8479036166071,262.13480370772936,270.9570262375439,243.51537569647127,256.98309754775846,188.2317516970203,181.21540544872002,212.6915868760954,175.38277337176643,189.45950866597104
