344,322,337,291,269,307,297,277,287,251,273,263,567,538,511,557,623,609,952,1597,1842,1641,1678,1483,1352,1842,1704,1703,1666,1549,1564,1471,1486,1424,1562,1418,1414,1458,1522,1406,1509,1510,1449,1453,1429,1458,1246,1267,1323,1260,1310,1245,1418,1053,1011,1101,1054,1016,1061,1053,981,845,748,875,869,492,510,473,437,492,669,718,676,681,712,364,381,407,363,399,336,327,315,333,320,193,206,196,200,178
322,280,325,277,291,297,281,276,269,295,217,249,554,576,498,573,573,662,960,1507,1786,1677,1511,1424,1507,1603,1643,1604,1523,1578,1451,1552,1370,1497,1559,1466,1365,1474,1477,1335,1467,1414,1376,1402,1406,1329,1410,1295,1219,1254,1306,1290,1232,1003,1005,983,1018,1041,988,1038,951,837,832,839,843,456,455,484,471,453,662,703,699,678,704,353,400,345,358,369,318,286,310,286,309,205,186,179,211,190
337,325,304,309,299,278,325,281,278,292,245,239,527,537,472,551,590,651,920,1474,1733,1564,1531,1425,1390,1643,1673,1633,1596,1429,1504,1432,1370,1405,1580,1375,1325,1379,1342,1417,1367,1353,1389,1423,1381,1377,1466,1395,1246,1223,1256,1236,1290,1015,998,949,988,972,1048,984,913,864,861,869,820,463,476,431,440,444,614,641,672,678,706,374,388,353,336,395,307,301,279,280,299,222,197,209,178,165
291,277,309,266,240,307,272,253,255,231,227,259,553,489,525,566,575,634,752,1430,1597,1444,1437,1351,1318,1490,1559,1457,1490,1511,1375,1371,1319,1350,1522,1321,1238,1316,1379,1318,1297,1387,1280,1317,1367,1284,1351,1364,1324,1197,1267,1272,1213,900,987,953,926,964,969,1023,875,783,833,824,765,426,414,450,440,440,656,624,596,650,656,388,356,331,371,385,292,267,316,265,280,156,165,142,183,180
269,291,299,240,246,258,261,263,226,264,235,228,463,497,541,518,536,568,694,1154,1494,1338,1286,1278,1251,1474,1556,1408,1392,1360,1327,1297,1268,1292,1396,1263,1203,1273,1245,1217,1179,1203,1272,1240,1246,1219,1244,1234,1273,1273,1101,1169,1112,938,831,915,867,891,893,863,885,785,725,766,719,388,404,400,377,408,628,577,568,560,615,307,360,337,328,327,259,275,254,262,252,189,158,168,155,159
307,297,278,307,258,294,296,267,297,279,233,265,572,551,528,587,592,632,743,1248,1369,1543,1453,1399,1395,1698,1628,1509,1549,1501,1460,1447,1422,1475,1483,1318,1361,1338,1344,1391,1419,1353,1310,1372,1366,1340,1406,1359,1368,1426,1495,1272,1204,1049,932,1034,1012,989,978,961,905,842,798,903,842,505,443,429,413,437,642,681,644,686,676,378,400,375,397,351,272,261,303,297,312,182,192,170,221,172
297,281,325,272,261,296,320,325,297,298,267,248,591,549,502,634,607,649,811,1317,1391,1326,1483,1408,1437,1714,1658,1623,1511,1560,1449,1449,1474,1475,1599,1420,1361,1371,1463,1455,1401,1399,1410,1371,1347,1489,1439,1387,1498,1467,1577,1646,1229,1106,981,980,997,1005,1070,960,965,865,789,829,841,441,461,437,460,459,682,649,706,696,713,421,422,378,339,386,281,283,296,334,317,194,183,194,159,163
277,276,281,253,263,267,325,292,289,259,250,269,540,576,544,563,609,661,749,1270,1344,1311,1199,1396,1366,1649,1611,1554,1581,1546,1500,1525,1386,1436,1519,1364,1351,1391,1382,1343,1423,1388,1287,1428,1397,1436,1481,1422,1499,1383,1503,1566,1520,1040,959,996,965,985,987,1046,895,939,845,868,871,430,477,437,455,400,669,677,633,652,668,378,359,356,377,395,281,297,287,338,304,189,191,179,188,201
287,269,278,255,226,297,297,289,316,302,279,270,538,559,530,610,614,663,750,1264,1366,1374,1242,1192,1348,1689,1640,1625,1640,1508,1535,1553,1450,1408,1541,1321,1340,1353,1383,1428,1419,1354,1396,1420,1390,1370,1419,1427,1437,1447,1527,1536,1601,1078,988,1098,1026,982,1029,1038,909,869,798,885,809,456,426,462,446,443,721,665,703,679,713,344,427,383,374,358,313,297,307,294,277,204,217,172,195,197
251,295,292,231,264,279,298,259,302,280,268,253,551,566,525,607,604,647,747,1227,1272,1235,1228,1215,1092,1607,1610,1498,1552,1490,1481,1408,1402,1324,1524,1335,1333,1375,1392,1354,1373,1278,1429,1365,1402,1349,1378,1468,1297,1426,1521,1440,1488,1015,994,1012,978,929,922,1011,848,822,821,839,812,435,448,415,451,461,685,686,652,654,673,343,362,348,376,364,281,278,258,289,284,157,187,155,177,200
273,217,245,227,235,233,267,250,279,268,278,223,539,496,535,528,520,574,708,1132,1195,1160,1134,1043,1031,1250,1492,1462,1396,1318,1379,1288,1272,1284,1493,1263,1198,1227,1270,1256,1269,1164,1204,1207,1259,1271,1308,1308,1309,1278,1397,1361,1414,937,927,902,883,940,879,867,778,763,764,703,788,396,419,371,368,423,597,587,605,613,602,354,336,369,311,329,267,238,280,288,278,196,165,177,167,183
263,249,239,259,228,265,248,269,270,253,223,266,503,507,498,571,567,593,725,1108,1284,1241,1150,1088,1025,1225,1338,1483,1406,1374,1345,1349,1322,1271,1426,1280,1220,1243,1238,1268,1204,1191,1299,1266,1319,1214,1274,1291,1302,1352,1404,1486,1456,991,910,972,982,892,839,917,867,746,758,738,770,421,394,418,394,414,596,591,658,594,621,358,337,293,343,330,268,291,281,291,265,175,164,193,178,141
567,554,527,553,463,572,591,540,538,551,539,503,1246,1208,1185,1305,1417,1565,1703,2796,3086,2942,2729,2610,2592,3092,3098,3073,3132,3083,3018,3026,2971,2821,3275,2676,2817,2794,2766,2833,2831,2715,2726,2778,2818,2929,2769,2813,2844,2803,3054,2968,2999,2300,2124,2228,2307,2244,2143,2180,1948,1818,1801,1793,1828,1000,984,974,1015,976,1482,1445,1415,1509,1578,832,839,777,810,814,634,616,691,673,687,455,389,434,426,353
538,576,537,489,497,551,549,576,559,566,496,507,1208,1398,1163,1339,1332,1511,1684,2655,2944,2844,2699,2631,2458,3037,3007,3018,2946,2942,3049,2892,2863,2943,3197,2698,2710,2707,2866,2748,2711,2716,2755,2722,2702,2749,2801,2792,2739,2755,2963,2974,2941,2177,2142,2197,2107,2193,2209,2188,1932,1744,1701,1801,1727,1027,894,926,979,936,1391,1451,1464,1418,1496,821,836,770,842,791,671,591,634,638,639,410,401,428,432,404
511,498,472,525,541,528,502,544,530,525,535,498,1185,1163,1256,1306,1324,1465,1677,2687,2869,2776,2555,2534,2500,2967,2925,2978,2768,2851,2873,2795,2786,2849,3044,2616,2657,2670,2704,2686,2571,2683,2720,2643,2649,2771,2725,2605,2749,2637,2842,2870,2859,2168,2107,2157,2131,2164,2126,2226,1863,1765,1666,1730,1695,975,922,882,958,945,1364,1409,1398,1418,1464,810,776,819,803,768,630,585,594,638,648,410,402,368,389,404
557,573,551,566,518,587,634,563,610,607,528,571,1305,1339,1306,1432,1548,1671,1831,3130,3335,3001,2972,2787,2748,3403,3303,3405,3149,3118,3134,3276,2962,3056,3316,3022,2922,3042,3001,2954,3008,3013,2952,2997,2872,2956,3083,3012,2983,3011,3139,3278,3206,2416,2353,2462,2344,2357,2271,2411,2158,1935,1979,1866,1954,1020,1032,1021,1098,1106,1617,1519,1606,1540,1577,950,887,883,861,902,726,706,688,692,742,479,446,406,473,431
623,573,590,575,536,592,607,609,614,604,520,567,1417,1332,1324,1548,1526,1718,1802,3037,3415,3192,3024,3015,2793,3460,3394,3386,3377,3207,3184,3088,3071,3235,3615,3135,2949,3060,3172,3031,3036,3113,3110,3007,3056,3140,3135,3112,3163,3178,3290,3299,3284,2429,2431,2596,2460,2456,2491,2437,2242,1991,1909,2073,1948,1077,1085,1036,1163,1061,1578,1592,1565,1601,1664,926,897,938,925,947,724,734,759,735,696,451,474,453,482,463
609,662,651,634,568,632,649,661,663,647,574,593,1565,1511,1465,1671,1718,1896,2036,3393,3671,3459,3310,3262,3076,3846,3674,3625,3629,3576,3524,3383,3308,3333,3762,3316,3241,3285,3408,3368,3369,3255,3277,3324,3342,3340,3292,3455,3391,3420,3702,3705,3490,2724,2582,2767,2725,2601,2665,2637,2429,2234,2128,2177,2126,1125,1156,1204,1146,1189,1708,1772,1785,1813,1902,1075,1061,1048,1022,1024,840,755,771,841,789,556,498,504,544,482
952,960,920,752,694,743,811,749,750,747,708,725,1703,1684,1677,1831,1802,2036,3204,4927,5283,4928,4837,4542,4434,5007,4912,4886,4658,4849,4714,4627,4557,4553,5787,4932,4487,4273,4581,4267,4433,4216,4370,4322,4438,4407,4329,4292,4334,4384,4490,4503,4403,3537,3542,3677,3823,3678,3664,3704,3427,3104,3180,3121,3005,1746,1739,1780,1726,1725,2528,2518,2588,2508,2624,1368,1408,1484,1450,1401,1173,1141,1168,1168,1109,758,741,753,725,694
1597,1507,1474,1430,1154,1248,1317,1270,1264,1227,1132,1108,2796,2655,2687,3130,3037,3393,4927,8340,9225,8412,8176,7850,7557,8445,8306,8276,8243,8245,7982,7751,7704,7732,8666,8012,7682,7633,7656,7629,7632,7245,7281,7375,7437,7495,7304,7489,7128,7223,7567,7613,7567,6058,5976,6390,6395,6258,6263,6195,5853,5153,5105,5322,5376,3006,2901,3002,2965,2958,4250,4407,4409,4460,4475,2482,2485,2402,2522,2471,1998,1955,1933,1985,1938,1197,1337,1256,1287,1248
1842,1786,1733,1597,1494,1369,1391,1344,1366,1272,1195,1284,3086,2944,2869,3335,3415,3671,5283,9225,10494,9620,9061,8733,8720,9477,9334,9341,9270,9002,8831,8811,8521,8528,9292,8219,8545,8503,8641,8291,8392,8257,8181,8116,8214,8338,8420,8308,8129,8086,8376,8532,8343,6818,6649,7170,7040,7029,6849,7032,6285,5835,5821,5894,5849,3439,3310,3342,3346,3308,5005,4976,4927,5162,5126,2804,2808,2763,2695,2761,2215,2221,2206,2197,2225,1531,1504,1394,1459,1337
1641,1677,1564,1444,1338,1543,1326,1311,1374,1235,1160,1241,2942,2844,2776,3001,3192,3459,4928,8412,9620,9176,8768,8277,8252,8970,8791,8821,8582,8388,8300,8379,7999,8117,8892,7666,7573,7955,8030,7987,7884,7672,7630,7763,7823,7835,7877,7602,7701,7585,8146,7982,7988,6496,6152,6656,6700,6599,6546,6541,6123,5618,5477,5558,5513,3228,3132,3099,3135,3202,4740,4671,4706,4691,4821,2648,2633,2554,2697,2599,2144,2050,2109,2130,2059,1421,1367,1433,1434,1260
1678,1511,1531,1437,1286,1453,1483,1199,1242,1228,1134,1150,2729,2699,2555,2972,3024,3310,4837,8176,9061,8768,8842,8361,7848,8586,8577,8507,8443,8348,8052,8006,7777,7728,8519,7403,7183,7394,7723,7673,7605,7619,7395,7634,7564,7574,7610,7531,7487,7322,7910,7669,7619,6281,6043,6720,6539,6383,6394,6191,5766,5345,5314,5406,5384,3116,3113,3101,3019,3076,4619,4505,4572,4541,4781,2564,2553,2508,2562,2530,2018,2011,2048,2035,2003,1329,1344,1286,1341,1270
1483,1424,1425,1351,1278,1399,1408,1396,1192,1215,1043,1088,2610,2631,2534,2787,3015,3262,4542,7850,8733,8277,8361,8216,7892,8474,8357,8325,8168,8001,7877,7773,7685,7706,8297,7261,7005,7064,7151,7372,7650,7290,7215,7231,7283,7357,7291,7352,7108,7034,7313,7668,7467,5923,5931,6364,6276,6249,6181,6140,5769,5285,5220,5134,5125,2947,3051,2955,2973,3075,4459,4523,4351,4462,4574,2514,2497,2503,2515,2468,1934,1976,2011,1987,1976,1319,1299,1290,1278,1160
1352,1507,1390,1318,1251,1395,1437,1366,1348,1092,1031,1025,2592,2458,2500,2748,2793,3076,4434,7557,8720,8252,7848,7892,7824,8593,8002,7977,7907,7745,7668,7434,7374,7422,8280,6757,6849,6773,6857,6957,7424,7249,7076,7046,7083,7164,7185,7314,7128,6885,7459,7363,7175,5944,5819,6191,6262,6044,6060,6077,5489,5093,5056,5090,5072,3020,2970,2810,2920,2864,4347,4308,4366,4462,4430,2481,2508,2402,2421,2414,1928,1933,1962,2064,1966,1261,1258,1258,1266,1137
1842,1603,1643,1490,1474,1698,1714,1649,1689,1607,1250,1225,3092,3037,2967,3403,3460,3846,5007,8445,9477,8970,8586,8474,8593,10340,10223,9842,9692,9540,9296,9083,9129,8987,9992,8562,8536,8416,8454,8321,8404,8686,8707,8691,8716,8893,8654,8677,8630,8420,8855,8981,8899,7102,7001,7430,7514,7431,7392,7304,6728,6127,5979,6257,6236,3500,3609,3454,3385,3637,5206,5057,5277,5282,5311,2841,2885,2850,2914,2962,2404,2300,2352,2279,2346,1426,1447,1485,1539,1367
1704,1643,1673,1559,1556,1628,1658,1611,1640,1610,1492,1338,3098,3007,2925,3303,3394,3674,4912,8306,9334,8791,8577,8357,8002,10223,10358,10172,9610,9741,9347,9218,9122,8928,9876,8587,8223,8428,8481,8361,8370,8119,8507,8687,8664,8680,8851,8603,8588,8456,8953,8831,8848,7050,7098,7535,7441,7511,7405,7376,6720,6333,6011,6282,6038,3435,3476,3522,3607,3504,5248,5124,4992,5110,5373,2961,2978,2750,2933,2919,2274,2347,2313,2244,2295,1469,1431,1451,1527,1359
1703,1604,1633,1457,1408,1509,1623,1554,1625,1498,1462,1483,3073,3018,2978,3405,3386,3625,4886,8276,9341,8821,8507,8325,7977,9842,10172,10002,9828,9478,9230,9047,8845,8797,9599,8275,8304,8392,8387,8245,8236,8184,8019,8638,8479,8679,8484,8515,8474,8388,8866,8814,8650,6999,6888,7326,7429,7279,7155,7256,6588,6210,5937,6186,6042,3456,3343,3473,3378,3460,5077,5130,5072,5010,5294,2910,2919,2769,2738,2832,2211,2241,2269,2232,2296,1498,1448,1432,1399,1413
1666,1523,1596,1490,1392,1549,1511,1581,1640,1552,1396,1406,3132,2946,2768,3149,3377,3629,4658,8243,9270,8582,8443,8168,7907,9692,9610,9828,9728,9620,9085,9143,8919,8880,9589,8114,8159,8348,8334,8277,8132,7894,8281,8117,8438,8420,8560,8408,8509,8038,8818,8864,8625,6911,7026,7267,7368,7235,7066,7198,6604,6126,5949,6173,6127,3472,3369,3498,3400,3482,5073,5045,5126,5159,5197,2858,2922,2755,2812,2763,2358,2255,2261,2244,2262,1449,1423,1434,1469,1382
1549,1578,1429,1511,1360,1501,1560,1546,1508,1490,1318,1374,3083,2942,2851,3118,3207,3576,4849,8245,9002,8388,8348,8001,7745,9540,9741,9478,9620,9564,9454,8794,8563,8444,9472,8098,7898,8010,8095,8014,8135,7860,8021,7984,7991,8296,8416,8393,8315,7996,8591,8404,8547,6846,6672,7327,7245,7194,6980,7109,6568,5845,5924,6055,5969,3277,3491,3298,3300,3415,5040,4989,5031,5011,5200,2812,2872,2758,2830,2752,2141,2227,2204,2185,2293,1405,1359,1411,1368,1330
1564,1451,1504,1375,1327,1460,1449,1500,1535,1481,1379,1345,3018,3049,2873,3134,3184,3524,4714,7982,8831,8300,8052,7877,7668,9296,9347,9230,9085,9454,9170,9195,8776,8754,9529,8074,7900,8065,8083,8097,7972,7953,7898,7921,7901,7928,8081,8268,8158,7960,8447,8448,8410,6804,6754,7121,7247,7045,6930,6997,6428,5783,5793,5978,5870,3392,3367,3303,3526,3404,4868,5028,4947,4995,5151,2716,2612,2734,2741,2739,2191,2119,2156,2161,2074,1345,1351,1374,1366,1309
1471,1552,1432,1371,1297,1447,1449,1525,1553,1408,1288,1349,3026,2892,2795,3276,3088,3383,4627,7751,8811,8379,8006,7773,7434,9083,9218,9047,9143,8794,9195,8998,8976,8517,9236,7969,7812,7990,7927,8113,7918,7688,7930,7876,7904,7925,7932,7889,7863,7803,8324,8312,8225,6880,6517,6967,6944,6904,7033,6819,6456,5927,5795,5764,5829,3413,3337,3352,3305,3292,4995,4804,4857,4910,5148,2732,2886,2617,2664,2796,2085,2201,2148,2138,2110,1369,1413,1372,1361,1308
1486,1370,1370,1319,1268,1422,1474,1386,1450,1402,1272,1322,2971,2863,2786,2962,3071,3308,4557,7704,8521,7999,7777,7685,7374,9129,9122,8845,8919,8563,8776,8976,8794,8703,9353,7940,7519,7825,7695,7683,7696,7493,7837,7644,7806,7849,7808,7667,7800,7599,8147,8270,7997,6526,6492,6901,6873,6675,6792,6694,6113,5886,5596,5708,5661,3330,3357,3142,3287,3357,4792,4876,4821,4853,5074,2759,2817,2644,2677,2753,2126,2051,2179,2152,2090,1324,1305,1375,1400,1337
1424,1497,1405,1350,1292,1475,1475,1436,1408,1324,1284,1271,2821,2943,2849,3056,3235,3333,4553,7732,8528,8117,7728,7706,7422,8987,8928,8797,8880,8444,8754,8517,8703,8674,9714,7902,7758,7692,7883,7761,7788,7479,7735,7614,7594,7692,7748,7764,7707,7609,8014,8219,7956,6566,6520,7056,6896,6855,6738,6708,6148,5720,5537,5710,5632,3313,3293,3262,3274,3179,4848,4834,4771,4962,5061,2615,2721,2749,2646,2614,2110,2057,2109,2054,2080,1335,1357,1264,1352,1296
1562,1559,1580,1522,1396,1483,1599,1519,1541,1524,1493,1426,3275,3197,3044,3316,3615,3762,5787,8666,9292,8892,8519,8297,8280,9992,9876,9599,9589,9472,9529,9236,9353,9714,10698,9010,8614,8801,8722,8615,8448,8403,8483,8478,8669,8589,8658,8602,8415,8362,8847,9158,9269,7192,7152,7647,7432,7547,7484,7532,6733,6319,6320,6458,6265,3683,3641,3643,3587,3621,5266,5400,5290,5245,5487,2939,3095,3024,3076,3051,2436,2343,2422,2447,2337,1468,1407,1525,1486,1394
1418,1466,1375,1321,1263,1318,1420,1364,1321,1335,1263,1280,2676,2698,2616,3022,3135,3316,4932,8012,8219,7666,7403,7261,6757,8562,8587,8275,8114,8098,8074,7969,7940,7902,9010,7826,7717,7493,7497,7422,7180,7192,7370,7210,7214,7507,7320,7291,7310,7258,7545,7575,7668,6270,6134,6522,6425,6417,6345,6403,5925,5375,5421,5374,5449,3085,3071,3018,3054,2946,4486,4599,4570,4685,4610,2533,2561,2522,2620,2530,2110,1936,1934,2026,2000,1242,1283,1304,1227,1171
1414,1365,1325,1238,1203,1361,1361,1351,1340,1333,1198,1220,2817,2710,2657,2922,2949,3241,4487,7682,8545,7573,7183,7005,6849,8536,8223,8304,8159,7898,7900,7812,7519,7758,8614,7717,7626,7738,7334,7315,7254,7038,7156,7191,7138,7291,7332,7236,7121,6957,7434,7516,7400,6137,6057,6442,6392,6371,6205,6267,5810,5375,5240,5337,5321,3056,3107,3020,3016,3150,4555,4404,4521,4531,4546,2571,2487,2408,2555,2483,2002,1911,1963,1960,2003,1236,1232,1248,1216,1187
1458,1474,1379,1316,1273,1338,1371,1391,1353,1375,1227,1243,2794,2707,2670,3042,3060,3285,4273,7633,8503,7955,7394,7064,6773,8416,8428,8392,8348,8010,8065,7990,7825,7692,8801,7493,7738,7746,7766,7398,7393,7239,7202,7202,7333,7212,7349,7385,7237,7073,7586,7477,7435,5997,6077,6340,6578,6366,6311,6405,5846,5396,5271,5412,5433,3051,3107,3085,2988,3173,4478,4626,4566,4412,4692,2488,2541,2440,2541,2545,2021,1924,1918,2000,1986,1270,1319,1238,1259,1148
1522,1477,1342,1379,1245,1344,1463,1382,1383,1392,1270,1238,2766,2866,2704,3001,3172,3408,4581,7656,8641,8030,7723,7151,6857,8454,8481,8387,8334,8095,8083,7927,7695,7883,8722,7497,7334,7766,8156,8033,7345,7283,7407,7364,7319,7336,7483,7550,7318,7238,7554,7778,7801,6194,5987,6486,6524,6567,6400,6479,5801,5547,5441,5423,5295,3058,3175,3042,3028,3087,4411,4574,4534,4599,4632,2467,2579,2525,2566,2630,2013,2066,2014,2033,2048,1243,1204,1301,1250,1269
1406,1335,1417,1318,1217,1391,1455,1343,1428,1354,1256,1268,2833,2748,2686,2954,3031,3368,4267,7629,8291,7987,7673,7372,6957,8321,8361,8245,8277,8014,8097,8113,7683,7761,8615,7422,7315,7398,8033,7728,7970,7230,7299,7365,7197,7355,7441,7317,7242,7111,7630,7641,7504,5922,6132,6554,6343,6410,6217,6295,5752,5470,5318,5460,5383,2994,3107,3023,3006,3085,4503,4607,4522,4521,4935,2554,2623,2568,2567,2578,1987,1972,2008,2010,2004,1238,1313,1224,1282,1168
1509,1467,1367,1297,1179,1419,1401,1423,1419,1373,1269,1204,2831,2711,2571,3008,3036,3369,4433,7632,8392,7884,7605,7650,7424,8404,8370,8236,8132,8135,7972,7918,7696,7788,8448,7180,7254,7393,7345,7970,7858,7772,7341,7298,7329,7518,7436,7500,7302,7156,7698,7552,7551,6053,5941,6391,6190,6250,6349,6366,5840,5430,5306,5383,5540,3170,3148,3179,3049,3057,4423,4560,4565,4678,4746,2483,2575,2529,2598,2615,2115,2098,2056,2003,2000,1275,1291,1267,1294,1257
1510,1414,1353,1387,1203,1353,1399,1388,1354,1278,1164,1191,2715,2716,2683,3013,3113,3255,4216,7245,8257,7672,7619,7290,7249,8686,8119,8184,7894,7860,7953,7688,7493,7479,8403,7192,7038,7239,7283,7230,7772,7486,7625,7328,7478,7274,7370,7098,7254,7110,7339,7616,7343,6112,5959,6240,6256,6351,6210,6330,5765,5389,5103,5395,5194,3174,2959,3027,3079,3023,4515,4505,4574,4533,4629,2502,2535,2421,2493,2519,2056,1979,2019,2033,1971,1319,1211,1277,1290,1138
1449,1376,1389,1280,1272,1310,1410,1287,1396,1429,1204,1299,2726,2755,2720,2952,3110,3277,4370,7281,8181,7630,7395,7215,7076,8707,8507,8019,8281,8021,7898,7930,7837,7735,8483,7370,7156,7202,7407,7299,7341,7625,7672,7798,7333,7443,7352,7452,7368,7250,7434,7654,7522,5877,5953,6340,6329,6258,6315,6353,5853,5410,5286,5364,5370,3080,3158,3001,3026,3048,4618,4616,4516,4540,4544,2614,2708,2464,2623,2593,2067,2062,2056,2108,2081,1321,1302,1259,1323,1251
1453,1402,1423,1317,1240,1372,1371,1428,1420,1365,1207,1266,2778,2722,2643,2997,3007,3324,4322,7375,8116,7763,7634,7231,7046,8691,8687,8638,8117,7984,7921,7876,7644,7614,8478,7210,7191,7202,7364,7365,7298,7328,7798,7542,7781,7480,7564,7349,7264,7173,7586,7696,7605,6013,5989,6415,6283,6228,6370,6330,5798,5324,5164,5324,5353,3056,2942,3135,2985,3039,4471,4559,4594,4569,4680,2597,2505,2523,2471,2542,2094,1947,2013,2094,2050,1228,1255,1301,1301,1190
1429,1406,1381,1367,1246,1366,1347,1397,1390,1402,1259,1319,2818,2702,2649,2872,3056,3342,4438,7437,8214,7823,7564,7283,7083,8716,8664,8479,8438,7991,7901,7904,7806,7594,8669,7214,7138,7333,7319,7197,7329,7478,7333,7781,8010,8114,7618,7461,7282,7162,7486,7574,7486,6236,5971,6345,6392,6254,6120,6301,5784,5344,5321,5473,5462,3182,3104,3138,3065,3053,4546,4584,4559,4473,4894,2554,2604,2506,2526,2635,1976,2034,2057,1985,1939,1342,1316,1278,1364,1255
1458,1329,1377,1284,1219,1340,1489,1436,1370,1349,1271,1214,2929,2749,2771,2956,3140,3340,4407,7495,8338,7835,7574,7357,7164,8893,8680,8679,8420,8296,7928,7925,7849,7692,8589,7507,7291,7212,7336,7355,7518,7274,7443,7480,8114,8084,8043,7724,7570,7412,7650,7777,7679,6240,6230,6541,6595,6486,6382,6394,5862,5386,5319,5587,5481,3100,3138,3251,3103,3094,4654,4686,4613,4666,4790,2666,2615,2619,2614,2599,2158,2113,2062,2087,2069,1370,1354,1325,1343,1249
1246,1410,1466,1351,1244,1406,1439,1481,1419,1378,1308,1274,2769,2801,2725,3083,3135,3292,4329,7304,8420,7877,7610,7291,7185,8654,8851,8484,8560,8416,8081,7932,7808,7748,8658,7320,7332,7349,7483,7441,7436,7370,7352,7564,7618,8043,8298,8278,7418,7394,7821,7873,7834,6351,6083,6562,6428,6396,6288,6466,5847,5441,5450,5677,5394,3162,3139,3173,3135,3140,4563,4713,4580,4544,4820,2709,2655,2592,2689,2532,2125,2054,2006,2083,2038,1230,1332,1306,1328,1274
1267,1295,1395,1364,1234,1359,1387,1422,1427,1468,1308,1291,2813,2792,2605,3012,3112,3455,4292,7489,8308,7602,7531,7352,7314,8677,8603,8515,8408,8393,8268,7889,7667,7764,8602,7291,7236,7385,7550,7317,7500,7098,7452,7349,7461,7724,8278,8024,8106,7444,7759,7759,7685,6126,6099,6523,6384,6492,6314,6339,5735,5245,5327,5403,5319,3114,3068,3115,3121,3120,4582,4602,4738,4589,4764,2621,2582,2542,2620,2592,2115,2094,2091,2041,2031,1230,1267,1323,1327,1289
1323,1219,1246,1324,1273,1368,1498,1499,1437,1297,1309,1302,2844,2739,2749,2983,3163,3391,4334,7128,8129,7701,7487,7108,7128,8630,8588,8474,8509,8315,8158,7863,7800,7707,8415,7310,7121,7237,7318,7242,7302,7254,7368,7264,7282,7570,7418,8106,8290,8007,7628,7726,7586,6101,6208,6486,6503,6464,6459,6244,5808,5394,5245,5410,5353,3167,3131,3209,3064,3138,4640,4516,4721,4644,4853,2516,2678,2533,2697,2661,2064,2054,2100,2021,2110,1279,1263,1302,1323,1227
1260,1254,1223,1197,1273,1426,1467,1383,1447,1426,1278,1352,2803,2755,2637,3011,3178,3420,4384,7223,8086,7585,7322,7034,6885,8420,8456,8388,8038,7996,7960,7803,7599,7609,8362,7258,6957,7073,7238,7111,7156,7110,7250,7173,7162,7412,7394,7444,8007,7658,8185,7687,7659,6177,6079,6366,6353,6364,6333,6407,5818,5264,5086,5391,5256,3149,3126,3084,2926,3039,4641,4682,4561,4679,4793,2544,2551,2510,2536,2526,2046,2016,2116,2039,2153,1212,1259,1356,1298,1234
1310,1306,1256,1267,1101,1495,1577,1503,1527,1521,1397,1404,3054,2963,2842,3139,3290,3702,4490,7567,8376,8146,7910,7313,7459,8855,8953,8866,8818,8591,8447,8324,8147,8014,8847,7545,7434,7586,7554,7630,7698,7339,7434,7586,7486,7650,7821,7759,7628,8185,8938,8748,8099,6540,6380,6693,6702,6707,6667,6759,6033,5515,5407,5730,5636,3126,3301,3080,3038,3169,4869,4836,4870,4842,4845,2696,2695,2687,2704,2601,2168,2221,2189,2146,2140,1386,1385,1346,1395,1336
1245,1290,1236,1272,1169,1272,1646,1566,1536,1440,1361,1486,2968,2974,2870,3278,3299,3705,4503,7613,8532,7982,7669,7668,7363,8981,8831,8814,8864,8404,8448,8312,8270,8219,9158,7575,7516,7477,7778,7641,7552,7616,7654,7696,7574,7777,7873,7759,7726,7687,8748,8924,8969,6676,6647,6981,6878,6687,6587,6722,6153,5686,5470,5625,5533,3261,3170,3131,3227,3291,4670,4820,4767,4956,4939,2808,2655,2703,2762,2697,2187,2144,2126,2212,2104,1347,1372,1344,1338,1278
1418,1232,1290,1213,1112,1204,1229,1520,1601,1488,1414,1456,2999,2941,2859,3206,3284,3490,4403,7567,8343,7988,7619,7467,7175,8899,8848,8650,8625,8547,8410,8225,7997,7956,9269,7668,7400,7435,7801,7504,7551,7343,7522,7605,7486,7679,7834,7685,7586,7659,8099,8969,8498,6909,6443,6864,6818,6571,6520,6805,6032,5570,5460,5522,5624,3203,3185,3098,3105,3196,4864,4715,4850,4847,4870,2740,2665,2584,2736,2719,2083,2185,2095,2234,2200,1378,1377,1323,1381,1369
1053,1003,1015,900,938,1049,1106,1040,1078,1015,937,991,2300,2177,2168,2416,2429,2724,3537,6058,6818,6496,6281,5923,5944,7102,7050,6999,6911,6846,6804,6880,6526,6566,7192,6270,6137,5997,6194,5922,6053,6112,5877,6013,6236,6240,6351,6126,6101,6177,6540,6676,6909,5718,5627,5616,5612,5520,5328,5606,4911,4535,4607,4640,4559,2664,2710,2634,2550,2692,3967,4012,3924,3987,4001,2248,2226,2070,2228,2199,1784,1798,1805,1811,1832,1124,1117,1111,1141,1037
1011,1005,998,987,831,932,981,959,988,994,927,910,2124,2142,2107,2353,2431,2582,3542,5976,6649,6152,6043,5931,5819,7001,7098,6888,7026,6672,6754,6517,6492,6520,7152,6134,6057,6077,5987,6132,5941,5959,5953,5989,5971,6230,6083,6099,6208,6079,6380,6647,6443,5627,5418,5805,5518,5417,5373,5487,4952,4474,4497,4538,4508,2510,2656,2628,2498,2547,3910,3885,3898,3876,3978,2219,2146,2139,2176,2197,1772,1696,1826,1811,1765,1158,1049,1105,1104,1049
1101,983,949,953,915,1034,980,996,1098,1012,902,972,2228,2197,2157,2462,2596,2767,3677,6390,7170,6656,6720,6364,6191,7430,7535,7326,7267,7327,7121,6967,6901,7056,7647,6522,6442,6340,6486,6554,6391,6240,6340,6415,6345,6541,6562,6523,6486,6366,6693,6981,6864,5616,5805,6458,6379,5990,5900,5899,5342,5067,4989,4939,4948,2894,2796,2894,2858,2896,4240,4291,4301,4259,4362,2436,2325,2333,2322,2376,1887,1857,1885,1878,1879,1225,1248,1201,1204,1146
1054,1018,988,926,867,1012,997,965,1026,978,883,982,2307,2107,2131,2344,2460,2725,3823,6395,7040,6700,6539,6276,6262,7514,7441,7429,7368,7245,7247,6944,6873,6896,7432,6425,6392,6578,6524,6343,6190,6256,6329,6283,6392,6595,6428,6384,6503,6353,6702,6878,6818,5612,5518,6379,6242,6330,5752,5793,5303,4936,4808,5065,4950,2814,2906,2823,2843,2868,4137,4019,4283,4250,4283,2332,2364,2286,2410,2486,1939,1843,1851,1820,1908,1235,1158,1207,1197,1168
1016,1041,972,964,891,989,1005,985,982,929,940,892,2244,2193,2164,2357,2456,2601,3678,6258,7029,6599,6383,6249,6044,7431,7511,7279,7235,7194,7045,6904,6675,6855,7547,6417,6371,6366,6567,6410,6250,6351,6258,6228,6254,6486,6396,6492,6464,6364,6707,6687,6571,5520,5417,5990,6330,6180,6150,5861,5241,4999,4870,4792,4822,2783,2911,2834,2779,2821,4054,4083,4306,4242,4347,2266,2338,2356,2339,2376,1864,1872,1869,1843,1790,1181,1181,1215,1230,1090
1061,988,1048,969,893,978,1070,987,1029,922,879,839,2143,2209,2126,2271,2491,2665,3664,6263,6849,6546,6394,6181,6060,7392,7405,7155,7066,6980,6930,7033,6792,6738,7484,6345,6205,6311,6400,6217,6349,6210,6315,6370,6120,6382,6288,6314,6459,6333,6667,6587,6520,5328,5373,5900,5752,6150,6006,6171,5340,4876,4819,4797,4837,2821,2833,2724,2695,2765,4057,4156,4105,4124,4334,2324,2353,2314,2371,2235,1976,1831,1868,1933,1864,1227,1215,1246,1194,1123
1053,1038,984,1023,863,961,960,1046,1038,1011,867,917,2180,2188,2226,2411,2437,2637,3704,6195,7032,6541,6191,6140,6077,7304,7376,7256,7198,7109,6997,6819,6694,6708,7532,6403,6267,6405,6479,6295,6366,6330,6353,6330,6301,6394,6466,6339,6244,6407,6759,6722,6805,5606,5487,5899,5793,5861,6171,6238,5658,5019,4858,4873,4800,2828,2817,2975,2722,2787,3889,3982,4150,4058,4349,2419,2425,2351,2390,2373,1915,1912,1858,1864,1872,1197,1187,1227,1194,1145
981,951,913,875,885,905,965,895,909,848,778,867,1948,1932,1863,2158,2242,2429,3427,5853,6285,6123,5766,5769,5489,6728,6720,6588,6604,6568,6428,6456,6113,6148,6733,5925,5810,5846,5801,5752,5840,5765,5853,5798,5784,5862,5847,5735,5808,5818,6033,6153,6032,4911,4952,5342,5303,5241,5340,5658,5480,5050,4524,4496,4573,2636,2706,2564,2707,2700,3835,3745,3815,3846,3853,2131,2169,2136,2181,2126,1665,1780,1736,1738,1753,1096,1076,1085,1164,973
845,837,864,783,785,842,865,939,869,822,763,746,1818,1744,1765,1935,1991,2234,3104,5153,5835,5618,5345,5285,5093,6127,6333,6210,6126,5845,5783,5927,5886,5720,6319,5375,5375,5396,5547,5470,5430,5389,5410,5324,5344,5386,5441,5245,5394,5264,5515,5686,5570,4535,4474,5067,4936,4999,4876,5019,5050,4520,4342,4187,4269,2455,2475,2303,2487,2533,3526,3431,3448,3660,3609,1936,1983,1967,1968,2052,1548,1552,1576,1597,1487,998,1039,981,1008,966
748,832,861,833,725,798,789,845,798,821,764,758,1801,1701,1666,1979,1909,2128,3180,5105,5821,5477,5314,5220,5056,5979,6011,5937,5949,5924,5793,5795,5596,5537,6320,5421,5240,5271,5441,5318,5306,5103,5286,5164,5321,5319,5450,5327,5245,5086,5407,5470,5460,4607,4497,4989,4808,4870,4819,4858,4524,4342,4308,4569,4226,2396,2312,2430,2339,2406,3520,3543,3544,3513,3547,1883,1944,1899,1910,1983,1541,1603,1540,1563,1528,931,944,972,1022,968
875,839,869,824,766,903,829,868,885,839,703,738,1793,1801,1730,1866,2073,2177,3121,5322,5894,5558,5406,5134,5090,6257,6282,6186,6173,6055,5978,5764,5708,5710,6458,5374,5337,5412,5423,5460,5383,5395,5364,5324,5473,5587,5677,5403,5410,5391,5730,5625,5522,4640,4538,4939,5065,4792,4797,4873,4496,4187,4569,4702,4624,2520,2495,2509,2461,2529,3571,3598,3538,3606,3734,2014,2093,1977,2046,2002,1523,1560,1587,1516,1568,1005,983,996,952,1017
869,843,820,765,719,842,841,871,809,812,788,770,1828,1727,1695,1954,1948,2126,3005,5376,5849,5513,5384,5125,5072,6236,6038,6042,6127,5969,5870,5829,5661,5632,6265,5449,5321,5433,5295,5383,5540,5194,5370,5353,5462,5481,5394,5319,5353,5256,5636,5533,5624,4559,4508,4948,4950,4822,4837,4800,4573,4269,4226,4624,4468,2603,2504,2398,2462,2370,3445,3539,3550,3730,3688,2022,1962,1964,1960,2039,1607,1582,1468,1537,1576,1037,1000,1003,1082,988
492,456,463,426,388,505,441,430,456,435,396,421,1000,1027,975,1020,1077,1125,1746,3006,3439,3228,3116,2947,3020,3500,3435,3456,3472,3277,3392,3413,3330,3313,3683,3085,3056,3051,3058,2994,3170,3174,3080,3056,3182,3100,3162,3114,3167,3149,3126,3261,3203,2664,2510,2894,2814,2783,2821,2828,2636,2455,2396,2520,2603,1636,1604,1459,1486,1467,2210,2057,2175,2135,2243,1166,1155,1146,1217,1178,925,903,980,959,902,593,631,557,633,650
510,455,476,414,404,443,461,477,426,448,419,394,984,894,922,1032,1085,1156,1739,2901,3310,3132,3113,3051,2970,3609,3476,3343,3369,3491,3367,3337,3357,3293,3641,3071,3107,3107,3175,3107,3148,2959,3158,2942,3104,3138,3139,3068,3131,3126,3301,3170,3185,2710,2656,2796,2906,2911,2833,2817,2706,2475,2312,2495,2504,1604,1700,1624,1454,1546,2162,2119,2145,2216,2227,1255,1183,1181,1273,1202,906,921,977,962,920,635,587,622,576,615
473,484,431,450,400,429,437,437,462,415,371,418,974,926,882,1021,1036,1204,1780,3002,3342,3099,3101,2955,2810,3454,3522,3473,3498,3298,3303,3352,3142,3262,3643,3018,3020,3085,3042,3023,3179,3027,3001,3135,3138,3251,3173,3115,3209,3084,3080,3131,3098,2634,2628,2894,2823,2834,2724,2975,2564,2303,2430,2509,2398,1459,1624,1656,1661,1480,2119,2153,2201,2199,2188,1221,1188,1147,1159,1173,897,963,909,945,992,570,610,628,582,585
437,471,440,440,377,413,460,455,446,451,368,394,1015,979,958,1098,1163,1146,1726,2965,3346,3135,3019,2973,2920,3385,3607,3378,3400,3300,3526,3305,3287,3274,3587,3054,3016,2988,3028,3006,3049,3079,3026,2985,3065,3103,3135,3121,3064,2926,3038,3227,3105,2550,2498,2858,2843,2779,2695,2722,2707,2487,2339,2461,2462,1486,1454,1661,1654,1679,2200,2178,2107,2093,2141,1204,1215,1153,1224,1149,907,920,912,913,884,572,587,596,622,532
492,453,444,440,408,437,459,400,443,461,423,414,976,936,945,1106,1061,1189,1725,2958,3308,3202,3076,3075,2864,3637,3504,3460,3482,3415,3404,3292,3357,3179,3621,2946,3150,3173,3087,3085,3057,3023,3048,3039,3053,3094,3140,3120,3138,3039,3169,3291,3196,2692,2547,2896,2868,2821,2765,2787,2700,2533,2406,2529,2370,1467,1546,1480,1679,1574,2404,2109,2235,2161,2202,1180,1163,1146,1240,1166,978,893,875,967,994,607,627,593,576,564
669,662,614,656,628,642,682,669,721,685,597,596,1482,1391,1364,1617,1578,1708,2528,4250,5005,4740,4619,4459,4347,5206,5248,5077,5073,5040,4868,4995,4792,4848,5266,4486,4555,4478,4411,4503,4423,4515,4618,4471,4546,4654,4563,4582,4640,4641,4869,4670,4864,3967,3910,4240,4137,4054,4057,3889,3835,3526,3520,3571,3445,2210,2162,2119,2200,2404,3410,3375,3233,3278,3329,1810,1823,1797,1737,1863,1409,1361,1430,1355,1349,878,829,854,823,844
718,703,641,624,577,681,649,677,665,686,587,591,1445,1451,1409,1519,1592,1772,2518,4407,4976,4671,4505,4523,4308,5057,5124,5130,5045,4989,5028,4804,4876,4834,5400,4599,4404,4626,4574,4607,4560,4505,4616,4559,4584,4686,4713,4602,4516,4682,4836,4820,4715,4012,3885,4291,4019,4083,4156,3982,3745,3431,3543,3598,3539,2057,2119,2153,2178,2109,3375,3556,3393,3215,3229,1750,1825,1732,1765,1770,1410,1411,1423,1395,1420,904,883,898,927,806
676,699,672,596,568,644,706,633,703,652,605,658,1415,1464,1398,1606,1565,1785,2588,4409,4927,4706,4572,4351,4366,5277,4992,5072,5126,5031,4947,4857,4821,4771,5290,4570,4521,4566,4534,4522,4565,4574,4516,4594,4559,4613,4580,4738,4721,4561,4870,4767,4850,3924,3898,4301,4283,4306,4105,4150,3815,3448,3544,3538,3550,2175,2145,2201,2107,2235,3233,3393,3588,3464,3364,1859,1847,1729,1774,1804,1419,1353,1387,1361,1372,871,840,876,881,874
681,678,678,650,560,686,696,652,679,654,613,594,1509,1418,1418,1540,1601,1813,2508,4460,5162,4691,4541,4462,4462,5282,5110,5010,5159,5011,4995,4910,4853,4962,5245,4685,4531,4412,4599,4521,4678,4533,4540,4569,4473,4666,4544,4589,4644,4679,4842,4956,4847,3987,3876,4259,4250,4242,4124,4058,3846,3660,3513,3606,3730,2135,2216,2199,2093,2161,3278,3215,3464,3540,3654,1867,1814,1823,1823,1796,1464,1390,1475,1427,1370,927,867,863,917,873
712,704,706,656,615,676,713,668,713,673,602,621,1578,1496,1464,1577,1664,1902,2624,4475,5126,4821,4781,4574,4430,5311,5373,5294,5197,5200,5151,5148,5074,5061,5487,4610,4546,4692,4632,4935,4746,4629,4544,4680,4894,4790,4820,4764,4853,4793,4845,4939,4870,4001,3978,4362,4283,4347,4334,4349,3853,3609,3547,3734,3688,2243,2227,2188,2141,2202,3329,3229,3364,3654,3718,2039,1826,1749,1894,1759,1545,1438,1392,1471,1453,950,819,890,918,829
364,353,374,388,307,378,421,378,344,343,354,358,832,821,810,950,926,1075,1368,2482,2804,2648,2564,2514,2481,2841,2961,2910,2858,2812,2716,2732,2759,2615,2939,2533,2571,2488,2467,2554,2483,2502,2614,2597,2554,2666,2709,2621,2516,2544,2696,2808,2740,2248,2219,2436,2332,2266,2324,2419,2131,1936,1883,2014,2022,1166,1255,1221,1204,1180,1810,1750,1859,1867,2039,1222,1128,996,1053,980,830,815,771,789,827,517,500,509,512,482
381,400,388,356,360,400,422,359,427,362,336,337,839,836,776,887,897,1061,1408,2485,2808,2633,2553,2497,2508,2885,2978,2919,2922,2872,2612,2886,2817,2721,3095,2561,2487,2541,2579,2623,2575,2535,2708,2505,2604,2615,2655,2582,2678,2551,2695,2655,2665,2226,2146,2325,2364,2338,2353,2425,2169,1983,1944,2093,1962,1155,1183,1188,1215,1163,1823,1825,1847,1814,1826,1128,1080,1142,1092,1009,832,741,791,850,851,510,513,517,477,480
407,345,353,331,337,375,378,356,383,348,369,293,777,770,819,883,938,1048,1484,2402,2763,2554,2508,2503,2402,2850,2750,2769,2755,2758,2734,2617,2644,2749,3024,2522,2408,2440,2525,2568,2529,2421,2464,2523,2506,2619,2592,2542,2533,2510,2687,2703,2584,2070,2139,2333,2286,2356,2314,2351,2136,1967,1899,1977,1964,1146,1181,1147,1153,1146,1797,1732,1729,1823,1749,996,1142,1098,1173,967,798,818,808,760,815,537,526,501,531,425
363,358,336,371,328,397,339,377,374,376,311,343,810,842,803,861,925,1022,1450,2522,2695,2697,2562,2515,2421,2914,2933,2738,2812,2830,2741,2664,2677,2646,3076,2620,2555,2541,2566,2567,2598,2493,2623,2471,2526,2614,2689,2620,2697,2536,2704,2762,2736,2228,2176,2322,2410,2339,2371,2390,2181,1968,1910,2046,1960,1217,1273,1159,1224,1240,1737,1765,1774,1823,1894,1053,1092,1173,1108,1155,840,815,827,769,795,533,529,540,525,492
399,369,395,385,327,351,386,395,358,364,329,330,814,791,768,902,947,1024,1401,2471,2761,2599,2530,2468,2414,2962,2919,2832,2763,2752,2739,2796,2753,2614,3051,2530,2483,2545,2630,2578,2615,2519,2593,2542,2635,2599,2532,2592,2661,2526,2601,2697,2719,2199,2197,2376,2486,2376,2235,2373,2126,2052,1983,2002,2039,1178,1202,1173,1149,1166,1863,1770,1804,1796,1759,980,1009,967,1155,1118,949,832,792,778,814,514,479,536,543,552
336,318,307,292,259,272,281,281,313,281,267,268,634,671,630,726,724,840,1173,1998,2215,2144,2018,1934,1928,2404,2274,2211,2358,2141,2191,2085,2126,2110,2436,2110,2002,2021,2013,1987,2115,2056,2067,2094,1976,2158,2125,2115,2064,2046,2168,2187,2083,1784,1772,1887,1939,1864,1976,1915,1665,1548,1541,1523,1607,925,906,897,907,978,1409,1410,1419,1464,1545,830,832,798,840,949,770,766,662,695,647,434,408,411,422,392
327,286,301,267,275,261,283,297,297,278,238,291,616,591,585,706,734,755,1141,1955,2221,2050,2011,1976,1933,2300,2347,2241,2255,2227,2119,2201,2051,2057,2343,1936,1911,1924,2066,1972,2098,1979,2062,1947,2034,2113,2054,2094,2054,2016,2221,2144,2185,1798,1696,1857,1843,1872,1831,1912,1780,1552,1603,1560,1582,903,921,963,920,893,1361,1411,1353,1390,1438,815,741,818,815,832,766,742,716,655,636,380,400,408,417,398
315,310,279,316,254,303,296,287,307,258,280,281,691,634,594,688,759,771,1168,1933,2206,2109,2048,2011,1962,2352,2313,2269,2261,2204,2156,2148,2179,2109,2422,1934,1963,1918,2014,2008,2056,2019,2056,2013,2057,2062,2006,2091,2100,2116,2189,2126,2095,1805,1826,1885,1851,1869,1868,1858,1736,1576,1540,1587,1468,980,977,909,912,875,1430,1423,1387,1475,1392,771,791,808,827,792,662,716,742,760,660,405,441,427,376,395
333,286,280,265,262,297,334,338,294,289,288,291,673,638,638,692,735,841,1168,1985,2197,2130,2035,1987,2064,2279,2244,2232,2244,2185,2161,2138,2152,2054,2447,2026,1960,2000,2033,2010,2003,2033,2108,2094,1985,2087,2083,2041,2021,2039,2146,2212,2234,1811,1811,1878,1820,1843,1933,1864,1738,1597,1563,1516,1537,959,962,945,913,967,1355,1395,1361,1427,1471,789,850,760,769,778,695,655,760,840,836,435,433,433,466,370
320,309,299,280,252,312,317,304,277,284,278,265,687,639,648,742,696,789,1109,1938,2225,2059,2003,1976,1966,2346,2295,2296,2262,2293,2074,2110,2090,2080,2337,2000,2003,1986,2048,2004,2000,1971,2081,2050,1939,2069,2038,2031,2110,2153,2140,2104,2200,1832,1765,1879,1908,1790,1864,1872,1753,1487,1528,1568,1576,902,920,992,884,994,1349,1420,1372,1370,1453,827,851,815,795,814,647,636,660,836,708,477,416,427,424,381
193,205,222,156,189,182,194,189,204,157,196,175,455,410,410,479,451,556,758,1197,1531,1421,1329,1319,1261,1426,1469,1498,1449,1405,1345,1369,1324,1335,1468,1242,1236,1270,1243,1238,1275,1319,1321,1228,1342,1370,1230,1230,1279,1212,1386,1347,1378,1124,1158,1225,1235,1181,1227,1197,1096,998,931,1005,1037,593,635,570,572,607,878,904,871,927,950,517,510,537,533,514,434,380,405,435,477,348,345,301,303,278
206,186,197,165,158,192,183,191,217,187,165,164,389,401,402,446,474,498,741,1337,1504,1367,1344,1299,1258,1447,1431,1448,1423,1359,1351,1413,1305,1357,1407,1283,1232,1319,1204,1313,1291,1211,1302,1255,1316,1354,1332,1267,1263,1259,1385,1372,1377,1117,1049,1248,1158,1181,1215,1187,1076,1039,944,983,1000,631,587,610,587,627,829,883,840,867,819,500,513,526,529,479,408,400,441,433,416,345,360,339,306,269
196,179,209,142,168,170,194,179,172,155,177,193,434,428,368,406,453,504,753,1256,1394,1433,1286,1290,1258,1485,1451,1432,1434,1411,1374,1372,1375,1264,1525,1304,1248,1238,1301,1224,1267,1277,1259,1301,1278,1325,1306,1323,1302,1356,1346,1344,1323,1111,1105,1201,1207,1215,1246,1227,1085,981,972,996,1003,557,622,628,596,593,854,898,876,863,890,509,517,501,540,536,411,408,427,433,427,301,339,368,394,279
200,211,178,183,155,221,159,188,195,177,167,178,426,432,389,473,482,544,725,1287,1459,1434,1341,1278,1266,1539,1527,1399,1469,1368,1366,1361,1400,1352,1486,1227,1216,1259,1250,1282,1294,1290,1323,1301,1364,1343,1328,1327,1323,1298,1395,1338,1381,1141,1104,1204,1197,1230,1194,1194,1164,1008,1022,952,1082,633,576,582,622,576,823,927,881,917,918,512,477,531,525,543,422,417,376,466,424,303,306,394,442,362
178,190,165,180,159,172,163,201,197,200,183,141,353,404,404,431,463,482,694,1248,1337,1260,1270,1160,1137,1367,1359,1413,1382,1330,1309,1308,1337,1296,1394,1171,1187,1148,1269,1168,1257,1138,1251,1190,1255,1249,1274,1289,1227,1234,1336,1278,1369,1037,1049,1146,1168,1090,1123,1145,973,966,968,1017,988,650,615,585,532,564,844,806,874,873,829,482,480,425,492,552,392,398,395,370,381,278,269,279,362,348
