3930,3439,3333,3099,2842,2569,2167,2175,2027,2033,2102,1993,1864,2007,1861,1757,1772,2069,2890,2677,3050,3422,3100,3041,2755,2762,2546,2682,2469,2357,2240,2059,2022,2198,2062,2020,2004,2038,1991,1957,1901,1881,1913,1903,1879,1796,1743,1764,1840,1593,1648,1625,1639,1651,1556,1316,1184,1264,1178,1197,1170,1085,1146,1088,1106,569,525,494,458,471,618,591,600,592,616,409,417,394,362,357,300,310,300,302,281,217,244,227,202,205
3439,2900,3019,2558,2412,2220,1980,1893,1828,1879,1859,1827,1788,1812,1615,1600,1732,1719,2596,2436,2560,2263,2238,2334,2306,2395,2098,2080,1943,2023,1975,1964,2037,1918,1938,1767,1860,1858,1819,1810,1701,1751,1722,1765,1695,1711,1630,1581,1626,1555,1644,1635,1520,1566,1527,1179,1199,1131,1098,1035,1057,1053,1077,1094,949,552,492,489,456,448,609,539,550,565,520,376,341,336,362,323,289,288,296,271,234,158,252,164,201,198
3333,3019,3078,2640,2380,2219,2036,1913,1880,1932,1722,1754,1791,1829,1663,1671,1700,1849,2701,2330,2645,2253,2292,2306,2369,2392,2109,2155,1975,2031,2020,1942,1881,1921,1895,1763,1860,1837,1895,1846,1679,1758,1657,1692,1627,1623,1563,1584,1590,1555,1640,1660,1603,1599,1599,1200,1144,1107,1139,1153,1122,1062,1035,1060,1023,534,491,478,461,413,578,604,523,544,566,368,363,358,346,359,343,280,274,275,252,198,193,214,187,220
3099,2558,2640,2252,2192,2077,1760,1767,1659,1663,1683,1587,1559,1600,1471,1478,1573,1718,1397,2032,2236,1929,1971,2104,2011,2209,1887,1860,1830,1821,1862,1762,1768,1737,1620,1673,1658,1694,1642,1547,1533,1484,1496,1540,1556,1450,1518,1458,1425,1491,1544,1427,1443,1512,1444,1096,1099,1076,1072,1016,1002,1055,1033,1019,961,498,497,471,417,409,580,591,551,576,503,357,348,336,329,341,260,282,252,273,258,181,181,188,192,195
2842,2412,2380,2192,1998,1876,1628,1650,1606,1642,1544,1509,1509,1554,1495,1479,1484,1674,880,1256,1957,1831,1878,1854,1942,2066,1707,1801,1675,1712,1680,1681,1705,1661,1575,1513,1526,1592,1639,1561,1506,1467,1454,1480,1474,1416,1415,1388,1416,1382,1516,1452,1444,1408,1432,1120,1116,1096,1081,1042,979,1015,1033,1017,956,495,449,447,437,412,538,526,547,566,520,343,348,357,297,284,272,256,248,233,236,177,183,195,185,176
2569,2220,2219,2077,1876,1608,1483,1545,1442,1458,1463,1348,1310,1339,1342,1266,1309,1382,739,890,1404,2066,1762,1570,1634,1802,1978,1865,1828,1813,1616,1651,1570,1545,1581,1436,1541,1518,1459,1436,1397,1306,1428,1333,1416,1331,1284,1282,1253,1277,1257,1206,1192,1174,1137,933,913,846,863,878,883,858,824,804,792,417,411,400,376,362,447,446,470,479,411,319,283,280,288,254,226,245,228,233,228,158,159,138,137,161
2167,1980,2036,1760,1628,1483,1392,1399,1422,1341,1364,1276,1291,1282,1266,1236,1186,1354,679,742,849,1145,1633,1441,1481,1511,1501,1592,1533,1541,1543,1495,1490,1553,1476,1389,1365,1335,1389,1373,1362,1254,1275,1414,1269,1256,1164,1265,1152,1157,1258,1192,1173,1222,1166,911,875,853,805,809,842,871,808,834,749,372,349,315,347,304,432,465,403,405,427,296,246,283,241,260,239,220,196,191,212,164,167,139,141,125
2175,1893,1913,1767,1650,1545,1399,1366,1294,1283,1326,1237,1228,1222,1317,1231,1238,1220,670,694,906,915,1103,1551,1387,1503,1522,1517,1537,1569,1541,1531,1405,1367,1423,1347,1338,1386,1442,1271,1254,1339,1292,1338,1285,1285,1214,1194,1192,1271,1147,1196,1228,1188,1160,898,896,868,787,815,835,846,845,861,809,399,381,404,384,326,450,458,425,460,456,317,284,282,261,239,235,261,204,209,186,164,165,142,138,141
2027,1828,1880,1659,1606,1442,1422,1294,1278,1276,1297,1294,1215,1311,1214,1160,1303,1335,655,665,799,848,898,1002,1340,1475,1486,1453,1430,1563,1451,1442,1436,1414,1448,1325,1387,1490,1417,1335,1297,1296,1261,1266,1273,1218,1251,1158,1198,1195,1293,1284,1244,1187,1172,910,878,903,854,879,879,835,827,811,763,446,388,391,349,340,430,445,437,465,425,265,285,270,271,255,211,222,210,208,224,155,168,161,139,137
2033,1879,1932,1663,1642,1458,1341,1283,1276,1304,1328,1239,1249,1293,1311,1157,1282,1378,677,709,855,852,853,898,1022,1455,1458,1468,1545,1473,1484,1448,1434,1440,1469,1376,1300,1342,1335,1443,1303,1319,1317,1248,1272,1209,1163,1237,1254,1228,1325,1241,1241,1231,1221,991,917,857,950,891,891,781,884,838,819,420,412,374,402,372,465,488,464,449,428,324,273,289,278,263,235,217,182,229,229,159,172,157,115,144
2102,1859,1722,1683,1544,1463,1364,1326,1297,1328,1328,1328,1262,1338,1216,1182,1277,1434,665,638,856,810,835,876,931,1288,1930,1609,1556,1447,1347,1380,1465,1434,1452,1325,1341,1363,1336,1347,1278,1245,1345,1324,1262,1242,1173,1180,1221,1201,1208,1189,1180,1190,1164,940,925,900,865,888,934,903,921,829,850,414,421,405,444,388,516,513,499,544,503,349,357,315,324,305,272,270,241,254,236,192,212,171,187,177
1993,1827,1754,1587,1509,1348,1276,1237,1294,1239,1328,1228,1288,1287,1245,1235,1357,1437,681,670,769,813,860,823,909,956,1073,1568,1466,1460,1392,1357,1383,1408,1380,1381,1345,1350,1288,1282,1308,1255,1335,1214,1194,1201,1194,1173,1213,1159,1158,1151,1237,1205,1125,922,954,965,904,883,900,885,949,960,929,496,496,404,419,423,553,549,524,541,495,363,329,361,297,323,287,291,256,265,284,198,212,211,193,202
1864,1788,1791,1559,1509,1310,1291,1228,1215,1249,1262,1288,1278,1337,1217,1306,1330,1352,660,632,807,797,827,845,835,925,913,1096,1381,1369,1350,1288,1380,1401,1338,1280,1390,1339,1351,1320,1265,1259,1255,1295,1219,1208,1158,1169,1153,1162,1206,1281,1311,1246,1293,944,929,951,956,913,929,911,935,918,940,482,443,469,413,403,551,574,524,526,523,350,354,324,346,327,296,285,248,280,243,207,203,196,200,189
2007,1812,1829,1600,1554,1339,1282,1222,1311,1293,1338,1287,1337,1400,1285,1380,1380,1485,707,636,836,806,866,828,904,936,991,952,1094,1342,1340,1313,1413,1432,1365,1348,1342,1390,1387,1332,1296,1333,1210,1243,1257,1262,1164,1144,1173,1226,1352,1258,1370,1325,1324,1077,999,998,1029,1028,1029,941,1073,980,1005,568,489,455,468,426,567,609,622,580,608,427,374,377,345,382,295,319,285,303,311,195,224,203,238,207
1861,1615,1663,1471,1495,1342,1266,1317,1214,1311,1216,1245,1217,1285,1272,1273,1325,1417,602,679,723,777,767,787,856,895,889,875,903,1019,1099,1161,1124,1128,1145,1099,1110,1180,1089,1133,1111,1121,1084,1076,1066,1026,1045,1003,1026,1027,1111,1123,1133,1123,1094,880,861,837,871,853,920,845,877,899,853,456,420,394,395,384,549,519,495,511,493,351,329,351,338,289,278,251,235,233,246,196,186,186,196,169
1757,1600,1671,1478,1479,1266,1236,1231,1160,1157,1182,1235,1306,1380,1273,1364,1496,1578,631,723,817,789,786,768,796,822,824,797,867,886,992,1239,1021,1079,1110,998,1066,1061,1052,1034,992,921,1010,964,969,960,918,890,906,883,980,956,1011,1048,1024,818,840,849,800,824,856,915,912,890,865,541,462,466,474,478,551,637,604,634,584,434,419,398,423,389,353,358,325,357,367,293,257,254,271,281
1772,1732,1700,1573,1484,1309,1186,1238,1303,1282,1277,1357,1330,1380,1325,1496,1564,1762,697,714,854,867,839,824,889,848,895,885,867,883,931,907,1097,1096,1181,1065,1065,1002,1047,1059,994,1112,1034,1018,1015,959,938,956,974,954,1029,1066,1073,1007,1070,807,818,855,900,884,1009,970,1001,964,1062,528,530,515,494,506,610,670,679,661,644,470,451,469,478,421,395,384,350,364,353,289,281,304,291,285
2069,1719,1849,1718,1674,1382,1354,1220,1335,1378,1434,1437,1352,1485,1417,1578,1762,1948,764,754,887,878,902,924,927,904,1001,924,983,944,944,977,1040,1143,1161,1114,1096,1147,1177,1169,1030,1039,1102,1105,1067,1045,1028,962,1059,995,1105,1080,1240,1209,1194,962,943,989,924,965,1089,1096,1107,1066,1037,607,597,568,580,543,729,737,699,721,751,521,527,434,472,456,465,394,404,459,432,298,321,361,330,264
2890,2596,2701,1397,880,739,679,670,655,677,665,681,660,707,602,631,697,764,2772,2654,2849,2893,2701,2690,2577,2215,2211,2272,2137,2212,2158,2056,2140,2112,2073,2146,2179,2167,2052,2127,1838,1898,1788,1826,1846,1682,1748,1711,1638,1746,1740,1726,1792,1733,1810,1337,1389,1245,1273,1226,1263,1302,1317,1238,1233,690,629,684,608,628,843,878,841,825,873,512,496,522,486,482,452,442,381,438,393,270,299,289,294,288
2677,2436,2330,2032,1256,890,742,694,665,709,638,670,632,636,679,723,714,754,2654,2600,3061,2824,2756,2678,2640,2101,2132,2228,2254,2114,2039,2184,2003,2171,2107,2156,2180,2114,2070,2018,1782,1800,1782,1829,1768,1644,1696,1663,1636,1666,1761,1810,1790,1834,1724,1266,1289,1329,1330,1332,1254,1298,1293,1292,1314,683,689,651,597,594,752,826,860,891,819,550,529,567,537,488,467,451,426,424,408,318,315,292,283,301
3050,2560,2645,2236,1957,1404,849,906,799,855,856,769,807,836,723,817,854,887,2849,3061,3414,3667,3456,3307,3242,2804,2609,2625,2756,2754,2570,2609,2527,2659,2517,2459,2544,2553,2501,2533,2242,2115,2205,2222,2152,2070,2056,2037,2084,2025,2201,2124,2178,2162,2142,1595,1538,1539,1533,1489,1540,1511,1574,1574,1540,867,823,721,737,779,990,1083,985,995,961,604,669,624,614,581,541,523,516,493,520,349,386,369,373,330
3422,2263,2253,1929,1831,2066,1145,915,848,852,810,813,797,806,777,789,867,878,2893,2824,3667,3638,3588,3316,3513,2846,2945,2643,2729,2705,2578,2583,2446,2475,2621,2657,2712,2648,2567,2708,2273,2265,2292,2142,2224,2116,2093,2044,1999,2039,2044,2187,2113,2125,2217,1605,1610,1500,1585,1574,1534,1586,1536,1554,1506,834,762,785,749,705,987,1063,1018,1070,1033,695,639,624,643,644,539,519,510,495,551,370,363,353,377,341
3100,2238,2292,1971,1878,1762,1633,1103,898,853,835,860,827,866,767,786,839,902,2701,2756,3456,3588,3640,3674,3464,3072,2874,2934,2635,2747,2687,2745,2557,2677,2617,2662,2674,2544,2673,2601,2277,2307,2237,2238,2228,2140,2102,2102,2170,2098,2137,2247,2217,2215,2104,1687,1616,1632,1632,1682,1583,1536,1573,1600,1620,914,825,795,804,756,1092,1045,1067,1056,1056,677,626,652,651,623,567,554,549,528,554,381,385,378,352,368
3041,2334,2306,2104,1854,1570,1441,1551,1002,898,876,823,845,828,787,768,824,924,2690,2678,3307,3316,3674,3600,3842,3176,3166,3000,2862,2742,2696,2663,2609,2663,2512,2701,2832,2638,2647,2664,2242,2196,2245,2394,2243,2111,2192,2108,2177,2098,2213,2230,2308,2197,2278,1746,1706,1649,1624,1606,1696,1551,1642,1549,1608,878,784,879,814,782,1073,1132,1056,1089,1071,646,660,657,677,668,552,540,536,489,530,391,364,419,363,381
2755,2306,2369,2011,1942,1634,1481,1387,1340,1022,931,909,835,904,856,796,889,927,2577,2640,3242,3513,3464,3842,3960,3560,3149,3185,2991,3017,2748,2783,2824,2837,2759,2804,2773,2813,2797,2765,2308,2320,2447,2272,2377,2212,2238,2251,2260,2172,2284,2328,2307,2371,2254,1704,1635,1704,1679,1751,1733,1750,1601,1751,1633,905,828,862,813,752,1110,1139,1139,1152,1105,676,641,739,631,665,562,526,507,536,536,380,369,407,338,393
2762,2395,2392,2209,2066,1802,1511,1503,1475,1455,1288,956,925,936,895,822,848,904,2215,2101,2804,2846,3072,3176,3560,3782,3872,3483,3504,3283,3121,3064,3044,3057,2983,2506,2569,2570,2529,2602,2677,2543,2507,2567,2462,2371,2324,2375,2352,2351,2493,2537,2430,2458,2463,1880,1866,1902,1839,1813,1786,1814,1896,1848,1821,1019,910,898,937,841,1193,1204,1097,1175,1163,747,775,755,719,709,649,620,555,589,586,432,409,461,413,409
2546,2098,2109,1887,1707,1978,1501,1522,1486,1458,1930,1073,913,991,889,824,895,1001,2211,2132,2609,2945,2874,3166,3149,3872,4066,3814,3356,3442,3254,3214,3094,3048,2995,2679,2670,2623,2464,2679,2574,2558,2541,2592,2500,2281,2384,2389,2251,2381,2528,2506,2572,2522,2446,1921,1890,1903,1904,1954,1857,1843,1880,1821,1856,947,928,892,889,932,1150,1193,1182,1200,1185,784,708,797,757,725,629,637,555,572,611,439,415,440,439,430
2682,2080,2155,1860,1801,1865,1592,1517,1453,1468,1609,1568,1096,952,875,797,885,924,2272,2228,2625,2643,2934,3000,3185,3483,3814,3932,3883,3565,3522,3159,3151,3103,3071,2726,2693,2667,2614,2538,2603,2603,2528,2557,2622,2542,2348,2494,2350,2417,2509,2467,2478,2580,2428,1888,1907,1974,1871,1931,1876,1877,1891,1896,1818,996,894,910,912,835,1216,1211,1152,1159,1182,732,779,721,728,734,601,599,620,577,590,412,410,427,407,417
2469,1943,1975,1830,1675,1828,1533,1537,1430,1545,1556,1466,1381,1094,903,867,867,983,2137,2254,2756,2729,2635,2862,2991,3504,3356,3883,4030,3927,3517,3541,3346,3282,3089,2687,2713,2772,2625,2469,2620,2647,2524,2617,2535,2447,2389,2391,2402,2327,2505,2579,2544,2379,2487,1856,1895,1897,1882,1949,1905,1863,1795,1851,1801,944,992,901,903,891,1189,1221,1201,1171,1138,789,766,745,748,711,608,590,616,582,624,426,422,426,409,391
2357,2023,2031,1821,1712,1813,1541,1569,1563,1473,1447,1460,1369,1342,1019,886,883,944,2212,2114,2754,2705,2747,2742,3017,3283,3442,3565,3927,3996,3996,3536,3420,3224,3271,2651,2737,2817,2774,2558,2631,2576,2596,2570,2545,2490,2394,2414,2508,2448,2552,2594,2581,2552,2507,1924,1931,1949,1881,1948,1907,1859,1947,1865,1801,967,949,940,936,904,1154,1246,1203,1181,1207,732,709,767,749,709,611,628,617,533,572,441,378,441,422,393
2240,1975,2020,1862,1680,1616,1543,1541,1451,1484,1347,1392,1350,1340,1099,992,931,944,2158,2039,2570,2578,2687,2696,2748,3121,3254,3522,3517,3996,3806,3730,3447,3447,3266,2926,2755,2738,2650,2629,2702,2638,2547,2501,2546,2366,2403,2399,2269,2288,2487,2539,2496,2512,2516,1880,1917,1854,1880,1908,1902,1873,1832,1859,1758,924,918,912,899,971,1194,1257,1129,1262,1129,771,783,710,717,697,592,608,605,614,586,422,448,424,403,406
2059,1964,1942,1762,1681,1651,1495,1531,1442,1448,1380,1357,1288,1313,1161,1239,907,977,2056,2184,2609,2583,2745,2663,2783,3064,3214,3159,3541,3536,3730,3816,3815,3503,3483,2947,2866,2714,2661,2704,2693,2598,2555,2594,2613,2369,2441,2427,2508,2378,2528,2487,2481,2551,2562,1870,1871,1927,1919,1880,1913,1832,1857,1831,1798,1057,921,912,850,885,1233,1205,1153,1228,1213,754,737,756,738,777,651,602,618,563,612,423,390,412,408,451
2022,2037,1881,1768,1705,1570,1490,1405,1436,1434,1465,1383,1380,1413,1124,1021,1097,1040,2140,2003,2527,2446,2557,2609,2824,3044,3094,3151,3346,3420,3447,3815,3968,3780,3442,3022,2892,2858,2731,2739,2759,2789,2586,2599,2557,2434,2342,2433,2288,2375,2430,2601,2650,2414,2509,1927,1913,1872,1887,1827,1931,1841,1990,1818,1866,961,942,912,889,889,1207,1158,1160,1215,1247,776,684,708,748,731,580,600,639,582,585,408,430,416,439,430
2198,1918,1921,1737,1661,1545,1553,1367,1414,1440,1434,1408,1401,1432,1128,1079,1096,1143,2112,2171,2659,2475,2677,2663,2837,3057,3048,3103,3282,3224,3447,3503,3780,3802,3931,3118,3159,2924,2922,2806,2677,2712,2648,2590,2615,2466,2450,2459,2416,2331,2460,2536,2534,2594,2430,1922,1955,1954,1875,1854,1892,1850,1896,1859,1840,989,964,925,912,873,1161,1209,1193,1234,1194,792,784,721,702,717,606,578,591,643,559,406,408,423,438,398
2062,1938,1895,1620,1575,1581,1476,1423,1448,1469,1452,1380,1338,1365,1145,1110,1181,1161,2073,2107,2517,2621,2617,2512,2759,2983,2995,3071,3089,3271,3266,3483,3442,3931,3696,3370,3213,3175,2886,2898,2745,2597,2704,2708,2584,2589,2509,2446,2379,2393,2495,2457,2499,2490,2493,1916,1903,1969,1849,1841,1887,1918,1940,1856,1807,991,961,859,916,864,1185,1224,1151,1225,1244,819,768,777,736,721,664,632,638,568,591,443,438,415,416,396
2020,1767,1763,1673,1513,1436,1389,1347,1325,1376,1325,1381,1280,1348,1099,998,1065,1114,2146,2156,2459,2657,2662,2701,2804,2506,2679,2726,2687,2651,2926,2947,3022,3118,3370,3284,3311,2927,2904,2763,2478,2398,2316,2417,2341,2106,2100,2153,2100,2093,2325,2264,2208,2242,2216,1723,1768,1731,1777,1741,1743,1688,1723,1615,1717,893,882,823,846,826,1112,1125,1112,1122,1080,689,686,729,703,623,550,609,516,531,541,428,377,409,377,398
2004,1860,1860,1658,1526,1541,1365,1338,1387,1300,1341,1345,1390,1342,1110,1066,1065,1096,2179,2180,2544,2712,2674,2832,2773,2569,2670,2693,2713,2737,2755,2866,2892,3159,3213,3311,3262,3266,2993,2940,2540,2505,2383,2337,2343,2233,2155,2160,2069,2197,2326,2356,2288,2403,2299,1834,1710,1749,1789,1721,1831,1768,1754,1664,1639,959,869,879,860,790,1112,1175,1156,1069,1057,723,693,668,687,647,605,550,579,579,560,416,422,345,388,389
2038,1858,1837,1694,1592,1518,1335,1386,1490,1342,1363,1350,1339,1390,1180,1061,1002,1147,2167,2114,2553,2648,2544,2638,2813,2570,2623,2667,2772,2817,2738,2714,2858,2924,3175,2927,3266,3408,3236,2835,2883,2483,2556,2395,2361,2251,2201,2138,2058,2137,2318,2397,2364,2330,2360,1891,1744,1759,1786,1719,1753,1721,1715,1750,1699,922,819,876,871,825,1095,1179,1134,1102,1115,751,736,702,691,663,584,543,557,583,584,385,415,408,409,393
1991,1819,1895,1642,1639,1459,1389,1442,1417,1335,1336,1288,1351,1387,1089,1052,1047,1177,2052,2070,2501,2567,2673,2647,2797,2529,2464,2614,2625,2774,2650,2661,2731,2922,2886,2904,2993,3236,3422,3306,2774,2734,2593,2557,2326,2324,2240,2277,2176,2144,2327,2399,2433,2316,2313,1842,1784,1782,1743,1709,1700,1718,1698,1742,1740,954,856,847,845,864,1095,1138,1124,1146,1060,719,678,749,689,625,572,569,539,542,530,382,417,340,366,388
1957,1810,1846,1547,1561,1436,1373,1271,1335,1443,1347,1282,1320,1332,1133,1034,1059,1169,2127,2018,2533,2708,2601,2664,2765,2602,2679,2538,2469,2558,2629,2704,2739,2806,2898,2763,2940,2835,3306,3426,3061,2867,2802,2588,2582,2239,2303,2297,2188,2098,2355,2362,2404,2437,2257,1742,1789,1764,1736,1731,1829,1740,1769,1739,1757,900,908,855,881,810,1070,1087,1129,1116,1061,753,747,721,697,685,531,563,524,512,564,390,412,401,413,361
1901,1701,1679,1533,1506,1397,1362,1254,1297,1303,1278,1308,1265,1296,1111,992,994,1030,1838,1782,2242,2273,2277,2242,2308,2677,2574,2603,2620,2631,2702,2693,2759,2677,2745,2478,2540,2883,2774,3061,2980,2961,2690,2523,2350,2348,2098,2107,2084,2083,2202,2272,2291,2250,2262,1696,1654,1626,1662,1691,1643,1591,1683,1662,1590,906,879,813,799,823,1003,1074,1047,1045,1121,691,649,644,624,635,533,539,563,513,546,373,373,380,380,410
1881,1751,1758,1484,1467,1306,1254,1339,1296,1319,1245,1255,1259,1333,1121,921,1112,1039,1898,1800,2115,2265,2307,2196,2320,2543,2558,2603,2647,2576,2638,2598,2789,2712,2597,2398,2505,2483,2734,2867,2961,3032,2920,2609,2590,2305,2366,2155,2106,2137,2275,2219,2210,2291,2214,1793,1636,1713,1704,1647,1688,1685,1671,1569,1572,893,816,804,776,846,1085,1074,1062,1018,1007,652,666,632,655,657,558,553,538,509,507,354,379,371,390,397
1913,1722,1657,1496,1454,1428,1275,1292,1261,1317,1345,1335,1255,1210,1084,1010,1034,1102,1788,1782,2205,2292,2237,2245,2447,2507,2541,2528,2524,2596,2547,2555,2586,2648,2704,2316,2383,2556,2593,2802,2690,2920,2976,3019,2644,2579,2335,2218,2012,2168,2268,2360,2275,2282,2222,1691,1658,1702,1621,1631,1644,1615,1693,1660,1520,897,816,819,891,794,994,1074,1065,1091,1042,690,671,631,663,610,559,578,573,491,539,406,411,388,322,391
1903,1765,1692,1540,1480,1333,1414,1338,1266,1248,1324,1214,1295,1243,1076,964,1018,1105,1826,1829,2222,2142,2238,2394,2272,2567,2592,2557,2617,2570,2501,2594,2599,2590,2708,2417,2337,2395,2557,2588,2523,2609,3019,2962,2992,2526,2578,2258,2295,2027,2297,2305,2312,2212,2206,1683,1760,1701,1634,1551,1610,1681,1665,1644,1647,878,892,820,753,792,1063,1008,1075,1047,1081,703,625,608,684,625,534,550,479,481,544,372,353,356,392,352
1879,1695,1627,1556,1474,1416,1269,1285,1273,1272,1262,1194,1219,1257,1066,969,1015,1067,1846,1768,2152,2224,2228,2243,2377,2462,2500,2622,2535,2545,2546,2613,2557,2615,2584,2341,2343,2361,2326,2582,2350,2590,2644,2992,3114,2797,2560,2430,2253,2308,2340,2414,2287,2307,2189,1712,1646,1715,1659,1643,1627,1604,1606,1608,1560,874,856,886,764,772,1117,1082,1064,1092,1028,669,702,669,615,633,537,547,524,538,544,416,369,410,384,371
1796,1711,1623,1450,1416,1331,1256,1285,1218,1209,1242,1201,1208,1262,1026,960,959,1045,1682,1644,2070,2116,2140,2111,2212,2371,2281,2542,2447,2490,2366,2369,2434,2466,2589,2106,2233,2251,2324,2239,2348,2305,2579,2526,2797,2826,2813,2537,2434,2227,2388,2353,2256,2194,2221,1696,1633,1599,1581,1640,1596,1656,1671,1702,1595,912,836,894,760,751,1091,1128,1065,1063,1047,688,705,684,653,642,572,566,582,542,584,408,389,399,342,343
1743,1630,1563,1518,1415,1284,1164,1214,1251,1163,1173,1194,1158,1164,1045,918,938,1028,1748,1696,2056,2093,2102,2192,2238,2324,2384,2348,2389,2394,2403,2441,2342,2450,2509,2100,2155,2201,2240,2303,2098,2366,2335,2578,2560,2813,2792,2806,2366,2487,2388,2354,2231,2151,2096,1704,1596,1556,1634,1602,1697,1593,1597,1542,1613,816,857,813,807,799,1085,1058,1065,1066,1072,728,675,628,609,639,575,558,558,548,479,395,390,357,355,397
1764,1581,1584,1458,1388,1282,1265,1194,1158,1237,1180,1173,1169,1144,1003,890,956,962,1711,1663,2037,2044,2102,2108,2251,2375,2389,2494,2391,2414,2399,2427,2433,2459,2446,2153,2160,2138,2277,2297,2107,2155,2218,2258,2430,2537,2806,2774,2822,2472,2626,2355,2395,2146,2168,1708,1660,1659,1624,1591,1656,1641,1635,1609,1643,900,898,812,849,806,1107,1099,1068,1087,1046,642,672,661,638,657,517,534,502,521,510,373,388,395,364,372
1840,1626,1590,1425,1416,1253,1152,1192,1198,1254,1221,1213,1153,1173,1026,906,974,1059,1638,1636,2084,1999,2170,2177,2260,2352,2251,2350,2402,2508,2269,2508,2288,2416,2379,2100,2069,2058,2176,2188,2084,2106,2012,2295,2253,2434,2366,2822,2768,2744,2594,2669,2318,2386,2248,1771,1695,1642,1632,1540,1680,1653,1718,1594,1572,892,847,843,798,780,1142,1120,1076,1094,1074,683,696,645,687,599,592,568,522,540,484,384,401,382,383,378
1593,1555,1555,1491,1382,1277,1157,1271,1195,1228,1201,1159,1162,1226,1027,883,954,995,1746,1666,2025,2039,2098,2098,2172,2351,2381,2417,2327,2448,2288,2378,2375,2331,2393,2093,2197,2137,2144,2098,2083,2137,2168,2027,2308,2227,2487,2472,2744,2746,2946,2533,2547,2347,2295,1631,1650,1700,1732,1576,1674,1576,1730,1684,1544,876,888,826,767,795,1038,1057,1055,1067,954,686,688,585,650,619,537,534,547,547,550,371,370,379,380,380
1648,1644,1640,1544,1516,1257,1258,1147,1293,1325,1208,1158,1206,1352,1111,980,1029,1105,1740,1761,2201,2044,2137,2213,2284,2493,2528,2509,2505,2552,2487,2528,2430,2460,2495,2325,2326,2318,2327,2355,2202,2275,2268,2297,2340,2388,2388,2626,2594,2946,3236,3240,2819,2811,2473,2070,1942,1826,1854,1849,1746,1754,1749,1759,1694,928,909,874,889,878,1130,1187,1120,1126,1168,718,722,694,707,684,594,588,598,606,566,408,421,412,406,389
1625,1635,1660,1427,1452,1206,1192,1196,1284,1241,1189,1151,1281,1258,1123,956,1066,1080,1726,1810,2124,2187,2247,2230,2328,2537,2506,2467,2579,2594,2539,2487,2601,2536,2457,2264,2356,2397,2399,2362,2272,2219,2360,2305,2414,2353,2354,2355,2669,2533,3240,3164,3212,2777,2699,2064,2030,1753,1835,1899,1916,1803,1831,1868,1729,949,891,884,884,879,1239,1136,1208,1158,1181,745,740,665,649,700,554,593,554,623,589,394,385,426,400,382
1639,1520,1603,1443,1444,1192,1173,1228,1244,1241,1180,1237,1311,1370,1133,1011,1073,1240,1792,1790,2178,2113,2217,2308,2307,2430,2572,2478,2544,2581,2496,2481,2650,2534,2499,2208,2288,2364,2433,2404,2291,2210,2275,2312,2287,2256,2231,2395,2318,2547,2819,3212,3144,3152,2795,2236,2006,2092,1775,1872,1905,1968,1812,1718,1767,952,962,852,893,847,1192,1181,1183,1166,1106,729,743,687,656,723,608,580,549,532,554,394,405,404,401,430
1651,1566,1599,1512,1408,1174,1222,1188,1187,1231,1190,1205,1246,1325,1123,1048,1007,1209,1733,1834,2162,2125,2215,2197,2371,2458,2522,2580,2379,2552,2512,2551,2414,2594,2490,2242,2403,2330,2316,2437,2250,2291,2282,2212,2307,2194,2151,2146,2386,2347,2811,2777,3152,3132,3197,2259,2259,2087,1999,1878,1932,1903,1919,1727,1685,1001,963,979,867,833,1140,1150,1222,1164,1099,715,718,698,673,701,590,562,563,561,545,433,422,429,404,406
1556,1527,1599,1444,1432,1137,1166,1160,1172,1221,1164,1125,1293,1324,1094,1024,1070,1194,1810,1724,2142,2217,2104,2278,2254,2463,2446,2428,2487,2507,2516,2562,2509,2430,2493,2216,2299,2360,2313,2257,2262,2214,2222,2206,2189,2221,2096,2168,2248,2295,2473,2699,2795,3197,3026,2498,2167,2147,1922,1952,1874,1829,1857,1854,1721,947,963,920,922,867,1100,1159,1186,1171,1137,731,720,695,656,670,593,554,613,552,575,425,429,420,387,420
1316,1179,1200,1096,1120,933,911,898,910,991,940,922,944,1077,880,818,807,962,1337,1266,1595,1605,1687,1746,1704,1880,1921,1888,1856,1924,1880,1870,1927,1922,1916,1723,1834,1891,1842,1742,1696,1793,1691,1683,1712,1696,1704,1708,1771,1631,2070,2064,2236,2259,2498,2004,2080,1867,1778,1587,1618,1422,1533,1541,1474,804,794,784,729,723,947,948,923,937,951,645,588,533,539,533,489,477,473,431,496,332,333,320,350,315
1184,1199,1144,1099,1116,913,875,896,878,917,925,954,929,999,861,840,818,943,1389,1289,1538,1610,1616,1706,1635,1866,1890,1907,1895,1931,1917,1871,1913,1955,1903,1768,1710,1744,1784,1789,1654,1636,1658,1760,1646,1633,1596,1660,1695,1650,1942,2030,2006,2259,2167,2080,1868,2092,1842,1766,1681,1614,1500,1471,1468,835,766,761,742,689,955,926,906,943,905,614,588,541,573,590,456,460,458,422,447,330,322,325,325,333
1264,1131,1107,1076,1096,846,853,868,903,857,900,965,951,998,837,849,855,989,1245,1329,1539,1500,1632,1649,1704,1902,1903,1974,1897,1949,1854,1927,1872,1954,1969,1731,1749,1759,1782,1764,1626,1713,1702,1701,1715,1599,1556,1659,1642,1700,1826,1753,2092,2087,2147,1867,2092,1998,2012,1761,1840,1546,1617,1426,1418,826,838,743,699,755,981,998,920,908,979,621,595,585,569,557,497,472,509,484,456,357,320,321,324,362
1178,1098,1139,1072,1081,863,805,787,854,950,865,904,956,1029,871,800,900,924,1273,1330,1533,1585,1632,1624,1679,1839,1904,1871,1882,1881,1880,1919,1887,1875,1849,1777,1789,1786,1743,1736,1662,1704,1621,1634,1659,1581,1634,1624,1632,1732,1854,1835,1775,1999,1922,1778,1842,2012,1886,2029,1837,1862,1622,1568,1478,863,833,851,747,697,971,968,955,933,914,578,633,530,570,544,486,445,421,477,427,324,290,332,338,312
1197,1035,1153,1016,1042,878,809,815,879,891,888,883,913,1028,853,824,884,965,1226,1332,1489,1574,1682,1606,1751,1813,1954,1931,1949,1948,1908,1880,1827,1854,1841,1741,1721,1719,1709,1731,1691,1647,1631,1551,1643,1640,1602,1591,1540,1576,1849,1899,1872,1878,1952,1587,1766,1761,2029,2066,2111,1778,1823,1593,1582,879,889,783,826,769,997,986,1021,940,879,642,620,546,603,543,512,495,476,475,455,362,325,339,372,317
1170,1057,1122,1002,979,883,842,835,879,891,934,900,929,1029,920,856,1009,1089,1263,1254,1540,1534,1583,1696,1733,1786,1857,1876,1905,1907,1902,1913,1931,1892,1887,1743,1831,1753,1700,1829,1643,1688,1644,1610,1627,1596,1697,1656,1680,1674,1746,1916,1905,1932,1874,1618,1681,1840,1837,2111,2046,2062,1807,1831,1545,1018,870,845,794,821,942,957,948,948,925,565,614,603,591,585,476,472,472,438,453,341,357,317,342,333
1085,1053,1062,1055,1015,858,871,846,835,781,903,885,911,941,845,915,970,1096,1302,1298,1511,1586,1536,1551,1750,1814,1843,1877,1863,1859,1873,1832,1841,1850,1918,1688,1768,1721,1718,1740,1591,1685,1615,1681,1604,1656,1593,1641,1653,1576,1754,1803,1968,1903,1829,1422,1614,1546,1862,1778,2062,2088,2107,1890,1755,1007,975,787,829,854,1032,934,953,992,973,670,570,625,573,556,459,462,455,448,445,342,327,284,328,317
1146,1077,1035,1033,1033,824,808,845,827,884,921,949,935,1073,877,912,1001,1107,1317,1293,1574,1536,1573,1642,1601,1896,1880,1891,1795,1947,1832,1857,1990,1896,1940,1723,1754,1715,1698,1769,1683,1671,1693,1665,1606,1671,1597,1635,1718,1730,1749,1831,1812,1919,1857,1533,1500,1617,1622,1823,1807,2107,2132,2202,1808,1171,958,976,873,832,1057,1037,964,971,945,599,641,574,610,586,484,514,470,462,443,337,316,342,312,314
1088,1094,1060,1019,1017,804,834,861,811,838,829,960,918,980,899,890,964,1066,1238,1292,1574,1554,1600,1549,1751,1848,1821,1896,1851,1865,1859,1831,1818,1859,1856,1615,1664,1750,1742,1739,1662,1569,1660,1644,1608,1702,1542,1609,1594,1684,1759,1868,1718,1727,1854,1541,1471,1426,1568,1593,1831,1890,2202,2142,2038,1165,1195,967,872,818,1055,1049,1010,962,930,621,625,623,598,578,493,479,492,487,421,340,342,322,323,301
1106,949,1023,961,956,792,749,809,763,819,850,929,940,1005,853,865,1062,1037,1233,1314,1540,1506,1620,1608,1633,1821,1856,1818,1801,1801,1758,1798,1866,1840,1807,1717,1639,1699,1740,1757,1590,1572,1520,1647,1560,1595,1613,1643,1572,1544,1694,1729,1767,1685,1721,1474,1468,1418,1478,1582,1545,1755,1808,2038,1994,1222,1124,1123,933,968,1022,1075,1024,1018,944,567,637,635,583,527,455,495,477,471,459,336,322,338,312,291
569,552,534,498,495,417,372,399,446,420,414,496,482,568,456,541,528,607,690,683,867,834,914,878,905,1019,947,996,944,967,924,1057,961,989,991,893,959,922,954,900,906,893,897,878,874,912,816,900,892,876,928,949,952,1001,947,804,835,826,863,879,1018,1007,1171,1165,1222,820,747,627,624,517,664,583,606,614,612,397,427,346,361,298,296,261,296,269,265,200,195,222,160,208
525,492,491,497,449,411,349,381,388,412,421,496,443,489,420,462,530,597,629,689,823,762,825,784,828,910,928,894,992,949,918,921,942,964,961,882,869,819,856,908,879,816,816,892,856,836,857,898,847,888,909,891,962,963,963,794,766,838,833,889,870,975,958,1195,1124,747,758,730,576,615,672,662,599,561,596,352,332,363,337,331,300,268,308,282,280,208,198,191,194,191
494,489,478,471,447,400,315,404,391,374,405,404,469,455,394,466,515,568,684,651,721,785,795,879,862,898,892,910,901,940,912,912,912,925,859,823,879,876,847,855,813,804,819,820,886,894,813,812,843,826,874,884,852,979,920,784,761,743,851,783,845,787,976,967,1123,627,730,750,771,614,756,681,675,594,582,400,414,387,340,363,310,254,278,280,261,216,223,202,183,191
458,456,461,417,437,376,347,384,349,402,444,419,413,468,395,474,494,580,608,597,737,749,804,814,813,937,889,912,903,936,899,850,889,912,916,846,860,871,845,881,799,776,891,753,764,760,807,849,798,767,889,884,893,867,922,729,742,699,747,826,794,829,873,872,933,624,576,771,736,657,729,753,632,657,564,347,369,416,346,323,294,246,273,269,253,205,189,187,227,179
471,448,413,409,412,362,304,326,340,372,388,423,403,426,384,478,506,543,628,594,779,705,756,782,752,841,932,835,891,904,971,885,889,873,864,826,790,825,864,810,823,846,794,792,772,751,799,806,780,795,878,879,847,833,867,723,689,755,697,769,821,854,832,818,968,517,615,614,657,662,903,751,761,654,630,359,350,378,375,324,295,270,277,296,277,211,176,194,188,172
618,609,578,580,538,447,432,450,430,465,516,553,551,567,549,551,610,729,843,752,990,987,1092,1073,1110,1193,1150,1216,1189,1154,1194,1233,1207,1161,1185,1112,1112,1095,1095,1070,1003,1085,994,1063,1117,1091,1085,1107,1142,1038,1130,1239,1192,1140,1100,947,955,981,971,997,942,1032,1057,1055,1022,664,672,756,729,903,1096,1170,961,1058,841,589,470,491,489,472,384,348,368,371,383,256,229,260,253,229
591,539,604,591,526,446,465,458,445,488,513,549,574,609,519,637,670,737,878,826,1083,1063,1045,1132,1139,1204,1193,1211,1221,1246,1257,1205,1158,1209,1224,1125,1175,1179,1138,1087,1074,1074,1074,1008,1082,1128,1058,1099,1120,1057,1187,1136,1181,1150,1159,948,926,998,968,986,957,934,1037,1049,1075,583,662,681,753,751,1170,1110,1204,1023,978,624,612,505,491,519,398,363,381,388,346,245,249,265,241,259
600,550,523,551,547,470,403,425,437,464,499,524,524,622,495,604,679,699,841,860,985,1018,1067,1056,1139,1097,1182,1152,1201,1203,1129,1153,1160,1193,1151,1112,1156,1134,1124,1129,1047,1062,1065,1075,1064,1065,1065,1068,1076,1055,1120,1208,1183,1222,1186,923,906,920,955,1021,948,953,964,1010,1024,606,599,675,632,761,961,1204,1120,1159,995,716,600,547,476,471,429,418,352,379,375,258,263,252,253,263
592,565,544,576,566,479,405,460,465,449,544,541,526,580,511,634,661,721,825,891,995,1070,1056,1089,1152,1175,1200,1159,1171,1181,1262,1228,1215,1234,1225,1122,1069,1102,1146,1116,1045,1018,1091,1047,1092,1063,1066,1087,1094,1067,1126,1158,1166,1164,1171,937,943,908,933,940,948,992,971,962,1018,614,561,594,657,654,1058,1023,1159,1122,1191,720,719,571,543,515,429,417,437,397,381,249,282,251,256,201
616,520,566,503,520,411,427,456,425,428,503,495,523,608,493,584,644,751,873,819,961,1033,1056,1071,1105,1163,1185,1182,1138,1207,1129,1213,1247,1194,1244,1080,1057,1115,1060,1061,1121,1007,1042,1081,1028,1047,1072,1046,1074,954,1168,1181,1106,1099,1137,951,905,979,914,879,925,973,945,930,944,612,596,582,564,630,841,978,995,1191,1084,819,700,691,559,578,434,377,429,454,359,258,288,277,274,237
409,376,368,357,343,319,296,317,265,324,349,363,350,427,351,434,470,521,512,550,604,695,677,646,676,747,784,732,789,732,771,754,776,792,819,689,723,751,719,753,691,652,690,703,669,688,728,642,683,686,718,745,729,715,731,645,614,621,578,642,565,670,599,621,567,397,352,400,347,359,589,624,716,720,819,548,595,452,451,398,291,252,281,273,289,174,162,188,184,165
417,341,363,348,348,283,246,284,285,273,357,329,354,374,329,419,451,527,496,529,669,639,626,660,641,775,708,779,766,709,783,737,684,784,768,686,693,736,678,747,649,666,671,625,702,705,675,672,696,688,722,740,743,718,720,588,588,595,633,620,614,570,641,625,637,427,332,414,369,350,470,612,600,719,700,595,612,584,481,434,312,331,247,270,260,211,170,190,155,176
394,336,358,336,357,280,283,282,270,289,315,361,324,377,351,398,469,434,522,567,624,624,652,657,739,755,797,721,745,767,710,756,708,721,777,729,668,702,749,721,644,632,631,608,669,684,628,661,645,585,694,665,687,698,695,533,541,585,530,546,603,625,574,623,635,346,363,387,416,378,491,505,547,571,691,452,584,550,568,420,393,331,329,248,244,199,197,185,167,171
362,362,346,329,297,288,241,261,271,278,324,297,346,345,338,423,478,472,486,537,614,643,651,677,631,719,757,728,748,749,717,738,748,702,736,703,687,691,689,697,624,655,663,684,615,653,609,638,687,650,707,649,656,673,656,539,573,569,570,603,591,573,610,598,583,361,337,340,346,375,489,491,476,543,559,451,481,568,544,514,366,378,305,339,267,209,184,198,169,164
357,323,359,341,284,254,260,239,255,263,305,323,327,382,289,389,421,456,482,488,581,644,623,668,665,709,725,734,711,709,697,777,731,717,721,623,647,663,625,685,635,657,610,625,633,642,639,657,599,619,684,700,723,701,670,533,590,557,544,543,585,556,586,578,527,298,331,363,323,324,472,519,471,515,578,398,434,420,514,638,520,364,390,344,292,192,194,182,220,154
300,289,343,260,272,226,239,235,211,235,272,287,296,295,278,353,395,465,452,467,541,539,567,552,562,649,629,601,608,611,592,651,580,606,664,550,605,584,572,531,533,558,559,534,537,572,575,517,592,537,594,554,608,590,593,489,456,497,486,512,476,459,484,493,455,296,300,310,294,295,384,398,429,429,434,291,312,393,366,520,424,434,327,359,271,241,155,174,160,150
310,288,280,282,256,245,220,261,222,217,270,291,285,319,251,358,384,394,442,451,523,519,554,540,526,620,637,599,590,628,608,602,600,578,632,609,550,543,569,563,539,553,578,550,547,566,558,534,568,534,588,593,580,562,554,477,460,472,445,495,472,462,514,479,495,261,268,254,246,270,348,363,418,417,377,252,331,331,378,364,434,440,425,337,315,238,186,190,138,167
300,296,274,252,248,228,196,204,210,182,241,256,248,285,235,325,350,404,381,426,516,510,549,536,507,555,555,620,616,617,605,618,639,591,638,516,579,557,539,524,563,538,573,479,524,582,558,502,522,547,598,554,549,563,613,473,458,509,421,476,472,455,470,492,477,296,308,278,273,277,368,381,352,437,429,281,247,329,305,390,327,425,418,430,353,315,225,203,136,150
302,271,275,273,233,233,191,209,208,229,254,265,280,303,233,357,364,459,438,424,493,495,528,489,536,589,572,577,582,533,614,563,582,643,568,531,579,583,542,512,513,509,491,481,538,542,548,521,540,547,606,623,532,561,552,431,422,484,477,475,438,448,462,487,471,269,282,280,269,296,371,388,379,397,454,273,270,248,339,344,359,337,430,446,449,295,323,227,224,176
281,234,252,258,236,228,212,186,224,229,236,284,243,311,246,367,353,432,393,408,520,551,554,530,536,586,611,590,624,572,586,612,585,559,591,541,560,584,530,564,546,507,539,544,544,584,479,510,484,550,566,589,554,545,575,496,447,456,427,455,453,445,443,421,459,265,280,261,253,277,383,346,375,381,359,289,260,244,267,292,271,315,353,449,442,378,280,269,223,256
217,158,198,181,177,158,164,164,155,159,192,198,207,195,196,293,289,298,270,318,349,370,381,391,380,432,439,412,426,441,422,423,408,406,443,428,416,385,382,390,373,354,406,372,416,408,395,373,384,371,408,394,394,433,425,332,330,357,324,362,341,342,337,340,336,200,208,216,205,211,256,245,258,249,258,174,211,199,209,192,241,238,315,295,378,256,295,221,220,179
244,252,193,181,183,159,167,165,168,172,212,212,203,224,186,257,281,321,299,315,386,363,385,364,369,409,415,410,422,378,448,390,430,408,438,377,422,415,417,412,373,379,411,353,369,389,390,388,401,370,421,385,405,422,429,333,322,320,290,325,357,327,316,342,322,195,198,223,189,176,229,249,263,282,288,162,170,197,184,194,155,186,225,323,280,295,286,322,237,251
227,164,214,188,195,138,139,142,161,157,171,211,196,203,186,254,304,361,289,292,369,353,378,419,407,461,440,427,426,441,424,412,416,423,415,409,345,408,340,401,380,371,388,356,410,399,357,395,382,379,412,426,404,429,420,320,325,321,332,339,317,284,342,322,338,222,191,202,187,194,260,265,252,251,277,188,190,185,198,182,174,190,203,227,269,221,322,340,379,262
202,201,187,192,185,137,141,138,139,115,187,193,200,238,196,271,291,330,294,283,373,377,352,363,338,413,439,407,409,422,403,408,439,438,416,377,388,409,366,413,380,390,322,392,384,342,355,364,383,380,406,400,401,404,387,350,325,324,338,372,342,328,312,323,312,160,194,183,227,188,253,241,253,256,274,184,155,167,169,220,160,138,136,224,223,220,237,379,438,441
205,198,220,195,176,161,125,141,137,144,177,202,189,207,169,281,285,264,288,301,330,341,368,381,393,409,430,417,391,393,406,451,430,398,396,398,389,393,388,361,410,397,391,352,371,343,397,372,378,380,389,382,430,406,420,315,333,362,312,317,333,317,314,301,291,208,191,191,179,172,229,259,263,201,237,165,176,171,164,154,150,167,150,176,256,179,251,262,441,470
