147.84124733645655,141.25147892488474,148.07356163664758,128.55221310594308,118.41554255638019,138.65820722730604,131.43893383331306,120.46334559247137,126.23970117581864,107.67973897270063,123.61151374536588,114.43758608067476,249.9296077579792,237.29607648045805,224.5195606384426,245.5671779895953,271.55052363548725,264.44856802683995,416.459859558329,704.9574209691868,807.5881912412964,720.7050633374388,734.1730711882334,656.0774685119113,585.7164806242055,805.9141599147999,752.4820045588417,749.0957529623963,736.1214083064477,676.8938484304331,681.3704117193412,643.2687425195217,652.2577072861617,621.2509465099961,685.5269957620029,623.5169782035388,627.4697550039157,644.9734855126446,670.5925358923555,621.9500481957333,661.2297244715247,661.3565796281385,630.4667130081287,642.3826692601048,628.7641971910034,642.4061114674838,551.0557591473813,562.2245254209158,575.6102966677655,550.2603763055272,581.9316599244975,545.2338790553182,631.3325481646109,464.2301642775927,439.3363481136525,481.3528461587513,464.0043765649952,446.40880879535746,467.18023368277505,461.83845283451893,435.97838002100303,373.8443270056096,326.004934820605,384.17604938971374,381.4668003606129,212.12925998070074,228.77068340524767,209.4669219909929,193.17709498549013,218.10197430261076,293.71169887563536,315.4254356482109,294.81338475723385,298.39160198500537,308.7835555773449,160.66419085022,165.11994810463,177.22843619001992,160.4018469856455,175.83939601546749,147.68234093671174,143.47016763312672,137.78023691315866,146.68851061027533,141.63999972347642,84.03823882836629,90.09145124565863,86.18763334729127,89.77047630660743,76.09727143319749
141.25147892488474,119.5600453421225,144.64199685322106,122.25549228703404,127.91498473039188,132.4411673879636,123.86488235400955,119.88977842721464,120.49909170471419,128.59352635995023,95.96804005975021,111.11803541552634,244.5289185593377,252.31969610145725,219.0453931022826,248.84525225669057,250.16907380774344,290.5943856674547,420.9993649532706,661.753261888961,784.4521952005241,728.4413508249104,671.5152460133481,628.503345131333,661.4257133207561,709.6291124642917,718.729118147405,707.1263890666663,668.2091049216227,701.6680718307762,637.5522856214351,687.3142092233774,604.5439389998569,654.789163389579,681.6466357609805,637.1732288716703,600.9272550356542,648.665733093444,655.1904570756345,585.7065527930623,646.810938134349,621.4223698764002,603.7462388891935,605.4084975958475,619.1170618487378,574.2915138817107,617.8318432307748,564.672790657444,533.284434432483,554.3550769476241,579.2220726725974,568.447981792463,544.8537407409584,438.0288259546969,440.30591566995037,425.30389934525664,454.38186701379976,456.8073943682771,433.22429050854254,452.03730411611417,420.4907524552017,370.9733507621959,366.4562868424642,377.85298276784266,372.74191366762943,197.35448775181342,196.43530602998968,214.13226271215214,204.19007012664417,198.78020255396524,289.84777070467663,309.60409278830446,305.7417636380961,298.9071213871235,305.48661150853843,155.81240628274185,178.93551935097673,148.5172307103058,156.09300703995163,159.7094305266286,137.66763605073828,126.78658979735691,138.0319597456293,126.07479335876228,136.30748852093544,91.70137467489288,79.68552606625921,76.85867679241873,92.57410600319054,82.92932811083635
148.07356163664758,144.64199685322106,136.53975747095868,135.43436545346202,133.4540999652355,125.06119598729968,140.55768638048744,122.7981403464881,122.3626092532389,127.36209762968959,105.51549288506233,104.38051979064585,231.37285330392461,232.78812261687358,207.74210424906906,240.28379192432203,262.68285838102474,286.6277820983936,403.2699776755528,644.4959501441687,758.6621438920347,681.6927388671371,671.3445198692829,630.6964005004996,613.233246258122,715.9989038869526,737.5295874401136,712.7985631807684,692.7839934324584,629.1287982835972,663.2169239757309,627.060361766128,601.0006699484726,614.4894761892078,692.1151185082155,600.8152415466498,578.7255238549646,605.6199695605005,589.3847436654597,617.2998732052891,597.9411163456458,589.5601130283134,612.8391416062589,620.5776336034794,601.4282423409078,607.3960481640167,642.2396503574637,611.5048867537224,550.5741056869224,535.9335157570193,552.7379213214944,538.802914291817,565.3195445132053,443.75846246492324,438.01933377169877,421.5967724755698,434.74915954889275,426.7287295786188,464.48877519416016,426.3866082392897,402.5440087628765,381.56730407008246,379.7305803130805,383.5885413590702,361.12752400326036,204.62468776286065,211.21251322479878,187.68239952800553,191.93112032470054,196.57262932691793,271.35109834870275,283.329590189917,294.3257304314709,299.7512919952367,307.86184000704526,165.09186991697848,170.6108206423088,155.6007459282445,146.49051872663134,174.28546848972135,136.69111897655299,130.63012745244768,122.82310861094453,121.09157427475232,130.65614057772734,98.68452524789136,86.92620808826831,90.2791119576439,76.38809858930884,74.62211234333655
128.55221310594308,122.25549228703404,135.43436545346202,114.54548710677464,104.25899448915378,136.21985062629193,119.68920566426208,110.36905689299088,114.91534161692255,100.30394511112114,99.36081898101845,115.72719308963849,243.76936916612812,217.1777234743083,235.2173874961405,247.89349556395854,253.54526727262416,275.8016626886856,334.0363042914324,631.9201230423469,699.5068077287177,632.3766622614698,633.389340245197,589.8907694521971,584.4104164701841,661.14249320191,681.5914080926017,641.2874935767677,654.7270488610257,671.0769200461216,612.1821146042862,598.6221679786397,577.692086893675,588.1640133283589,673.5573862650618,571.5585327639576,547.9095422078152,582.9068801340239,604.9139242058482,581.4891996151075,567.0542761596046,607.7005977465429,564.4318888425298,571.926850568805,597.8931762030779,565.3224658691496,594.1197692351744,603.0122934549915,583.9698153182403,524.9984038523758,558.0291576147313,564.438039546032,535.575318497852,391.6181591017936,429.3900523309083,415.4513349638209,401.5832127624905,425.2932805468571,423.8810928637969,450.32651522932605,385.18798784951423,343.5508210553285,369.7479865610775,360.46069360459404,340.5323023600356,188.62907654024733,184.6141556165283,196.2985060315612,195.188589896663,192.59555374695293,289.3261074673805,277.7223104552114,263.4104002300247,285.50943908533264,290.7707074433681,170.6365536531299,159.33505930105753,144.5676359622475,162.74098600918944,166.54129386543974,128.50381281105854,115.89893683589386,137.09941449992382,114.52752204166129,122.95962177977007,68.04020220587934,71.68775223408448,61.08327228152677,81.0669950296635,78.97207909139698
118.41554255638019,127.91498473039188,133.4540999652355,104.25899448915378,105.96122452861339,108.34177837730344,113.4697670084006,117.71576845751206,99.09217312850437,114.76843081597464,106.02522932698838,100.71803276036749,203.92842600215948,219.9611844135435,235.46883805481187,229.58671775829907,237.6906980723617,245.93733245299381,304.767534592407,513.2141285621535,651.4939609432435,594.6936704416138,562.7391942211073,557.9459084374911,555.7167358435438,651.2827178076939,690.2211325883791,616.7323026731193,603.9877396332915,594.4994993804614,594.1432213724787,568.8756033589586,556.0221442921177,565.3674184154755,606.5038465170404,554.2416599764802,524.2399886502247,556.7033869728937,550.2435446842394,537.085733761176,517.0967625071163,528.4626028566366,563.6994329707343,548.9451230268486,543.3017297446919,529.398612202733,549.6150399699542,541.2653837882623,560.6581612884102,555.0122121045913,483.4452861099449,514.288985994492,488.9915232442373,409.4481850463293,364.33386239478466,399.38897629139757,377.8850854365254,389.1367880763431,392.41505732194565,382.1070455726462,388.59251477149024,341.78794486165754,323.94156906369534,334.2092027074285,314.8384408560398,168.444156515356,180.78896768520008,171.3539521330024,164.13874023117728,182.5662117815918,277.39848498248045,256.93897668266493,253.6555614066122,248.14424861674811,269.1158718498793,135.48426411394888,158.62874673112708,149.22069092065803,142.53232298227218,141.9688406907036,116.13014897453905,123.3457652226884,110.92356211386874,114.4899189467638,111.58135200453194,81.57039223563025,71.12510748301813,74.97272198705357,68.95286579091923,67.02141427156846
138.65820722730604,132.4411673879636,125.06119598729968,136.21985062629193,108.34177837730344,131.37542018204897,130.37372440347067,116.5497536980895,130.03113386710336,120.81043593579534,103.7874317463854,116.8794317483071,248.62159314936332,244.28130986099148,231.2182576577385,254.95368166562568,258.20756387546385,281.98865456513585,324.6030028997219,546.5524265486747,603.9457773026492,672.883759455876,637.7311274863398,616.4430702027172,611.4169668970638,741.447867890364,715.8818938175632,669.7673711244097,678.8419501125613,664.1331548600236,644.6258266767137,635.066778889143,619.7575884291399,648.8956803316509,658.9008233593601,579.8797768023186,599.8589677910365,589.1286037132824,591.5603654707099,607.55955595135,622.0225600288678,593.7334835929261,576.3692064957831,603.9934574139212,598.5279035686964,585.7482177165082,614.9501182208103,601.4540956070831,603.1832072042595,621.9463837738225,660.6671808568819,556.9851264855879,530.7662876120961,462.7857989548522,407.9036230241316,455.5600366384012,449.90417266564594,436.38495983482477,424.34225334134914,425.10476922075856,395.54921396204844,374.2902246895182,355.5771508986295,399.24102119825056,367.99382923394467,218.291210608615,197.05098433103183,192.98762356903606,181.82730325539848,193.7744752401072,286.521019934189,304.29002850564984,285.22121759425517,299.34995452047724,293.6748615619014,168.0116103922353,176.02097565885225,161.78644769328739,175.11754370311849,153.6959308390327,119.31678392289923,116.61667010548071,131.1903418438258,130.6513300117988,140.7523482625702,77.58600047473355,86.01072843928178,75.00005554487669,97.582865854164,75.0286477722039
131.43893383331306,123.86488235400955,140.55768638048744,119.68920566426208,113.4697670084006,130.37372440347067,140.12640511497983,142.90076568281904,131.33897057400281,131.1696115870358,117.43721131146438,108.80350619410721,253.79406999356834,238.13509745063186,218.08687107027907,280.81895157389494,269.57145775297124,285.1315858032783,359.5917903630652,584.8282661031133,606.86044577216,587.3282606055301,653.0214981624259,617.4924809132013,616.6100302486665,759.0333991150869,728.4329745353793,706.2669275369794,658.8972033064517,687.5217410692119,633.1131179552968,633.7386448971963,645.8333980799055,655.5003929325843,701.9658680289496,625.8328937215275,590.5933737131969,598.5330098445711,640.0393229297731,640.4547894109238,605.4927628525229,618.76412085971,621.665280970515,613.8401412877727,590.3988794780936,655.3640363408248,631.3710577534324,607.5781397239294,657.8099242093278,644.2389295370374,695.9672171927249,715.7236095144891,540.9794389560781,488.0545428467527,429.6702050138697,431.2770802631569,437.3980065837767,444.8697455977903,466.13955303346245,420.91967354770895,426.64151403084867,387.4325348719775,345.7374433718877,362.1233692000077,371.0253375984085,196.0984490784672,202.32668778078974,195.89888583284926,198.95929881276487,201.09427647913074,300.17610506951,286.54573978157396,309.50922173024276,306.8645239054593,317.4186070243011,181.1242521147296,185.66934082119138,166.11179493678614,150.96337040994982,170.9011714559424,124.37708092075894,123.15012084631024,129.14546088139758,149.22389349838826,134.72871684398166,85.41913611228014,79.82494678588782,86.53709696039334,69.85015962226,72.70606903096707
120.46334559247137,119.88977842721464,122.7981403464881,110.36905689299088,117.71576845751206,116.5497536980895,142.90076568281904,128.6852530859933,128.80576436753958,114.30334594306576,109.04807762657032,118.27333622736442,239.12662039215414,252.59170795300915,236.78306222159173,250.89349159194563,268.50659799827247,287.9288235843926,326.8940520329669,558.4512844472808,586.8525404140347,580.5472313779218,524.7550428065582,611.167223823324,596.3697503152117,717.3759881549195,709.9835884296529,677.3811899486627,692.490935002133,680.7557805782927,657.5986519866657,673.4806685020457,605.8418220821831,636.1947014657635,668.2383650201255,601.6259021239907,592.2139245500938,613.7570150266482,607.2027579560764,585.2514001256033,622.5572996614874,609.4440783181839,568.2487107114954,626.5429710801913,612.7405100058157,635.3708296751498,648.6911647397772,628.3920997394052,657.5322284690485,609.5290397630732,660.2704035599073,686.239493705528,663.8445614165984,456.4711098830624,421.50457218744714,438.04105337053886,426.4222226091149,435.95549737268203,437.08036370885975,463.48321418571396,388.6541141183342,413.8913037742372,374.10529091441276,381.10520363559647,381.96565003787873,191.50622600092558,214.23544103219754,193.5801664331716,198.9103451408325,178.18655478874655,288.51569070643706,297.81514841565536,279.58476488058517,286.8247663259729,296.4479688857896,167.3605377848325,158.27795124772354,157.71829936163365,164.2970502224332,174.1557515925188,123.64405047442456,130.962067851069,125.64559934221849,146.8707516251008,132.08091567293494,82.07082035773779,79.7820988477794,78.88169250384549,82.45598403431502,88.58984035868255
126.23970117581864,120.49909170471419,122.3626092532389,114.91534161692255,99.09217312850437,130.03113386710336,131.33897057400281,128.80576436753958,139.5805273607387,134.37451274507285,120.5642326584026,120.8727504433076,238.78235044144796,244.04502647001286,231.854246424924,265.5046770249281,269.94256716590934,291.33247280449257,323.99401552732286,557.1047664240658,597.4893200890647,604.4992675113901,544.3650838522299,526.0296119792847,588.1593535444539,753.6805563859642,724.9859274065116,708.1285163500954,719.0806242922774,668.4743226230969,672.921896554615,690.858615488755,627.116556829974,624.181303409651,678.3378388829623,582.3023410558269,578.3439615627385,594.3664671451231,610.1958844063475,627.2981803453895,619.288865974329,589.0335491987303,619.3529911855035,629.0965790064351,609.3773045083124,599.3764829100087,627.0083413997968,622.5352515567473,633.7906235140359,629.661867369812,669.6601352484425,674.6556739762298,706.0772176353881,469.9761422479435,437.5209527187296,488.5874935470567,447.0662407722628,431.64210525582496,453.65948363633277,455.6494833575361,400.42232076582917,386.82443630445664,349.87111115822705,386.4903429086862,357.5710525246015,201.03646015047485,184.76670280993588,204.1471169525967,194.3005915316928,193.85843866891196,316.3915375337632,288.6149974972308,307.44702204052976,298.26157254837364,310.8117994227236,153.83689658487043,188.11507670572863,168.9061423313223,163.22841693627873,156.12848090886487,138.3434430976616,133.22501728493728,131.90751003635933,132.41784665962993,122.51881529637654,87.95566325733297,96.08315609823904,76.7798589546622,84.54814374223795,86.12875843330086
107.67973897270063,128.59352635995023,127.36209762968959,100.30394511112114,114.76843081597464,120.81043593579534,131.1696115870358,114.30334594306576,134.37451274507285,122.02223272064958,119.62716966857944,111.2952791175378,239.9878573609544,250.89029082446157,229.72973097775693,265.60959533594064,266.1778380852718,286.6433201887856,327.33964601214456,532.8660680775907,557.4902421006743,541.0321950584172,541.3436679546585,536.7877168612451,483.2497699479704,702.2230590379511,706.8592520515209,654.4897853544326,682.5791349249338,657.2967268890096,650.9346483878977,613.6451386888133,620.3991197286747,582.4107216457064,674.601319866174,587.8000014073466,584.9556195720724,605.5626735234811,606.5246308473336,598.6358661577211,610.5247774789328,562.814898550909,632.7405677847897,597.9001208154475,610.9241587418413,589.4001570886339,602.9259405117989,641.3783039395299,562.1264590808637,625.2287729077883,661.2937247720631,629.184204705172,652.0269472345759,443.46133625791197,438.1023537013168,438.4334443050971,426.9826287367553,409.0011787886867,406.59673297203165,443.856257150787,373.5378358431349,361.91454343202656,354.6744756117846,369.16453546507717,351.6698838019156,191.27349504424492,197.48809016719684,180.1558789923156,198.58503833732786,205.09208633491528,301.2194986162715,297.5370720730533,285.04573929981194,281.97335778113836,296.44403273283086,145.81217356870607,155.65223763956345,153.14644030114064,162.74082975471725,157.19314012532274,125.27717745680751,123.21723897846523,114.58174104702174,126.89352768468149,125.5503914429081,67.33716420484495,83.9227692035059,66.22362205856486,77.21268173697082,88.44453305398756
123.61151374536588,95.96804005975021,105.51549288506233,99.36081898101845,106.02522932698838,103.7874317463854,117.43721131146438,109.04807762657032,120.5642326584026,119.62716966857944,123.16893480235566,99.81363719915339,239.04665915217427,217.45580350623158,237.15972191758215,233.75495765126524,229.12173390223447,250.07747067343706,313.6430901910946,500.89655596601597,527.7381754029017,509.7670426900406,492.8526824463971,455.32611039561925,456.91273073229326,548.0516410497332,648.8485946052584,646.6426788075569,608.2277039845502,579.959424044122,608.9105814828496,560.1143009444085,556.4597832055525,564.9913259549121,659.0066242844168,552.4759331845827,524.4250156176291,538.470767306797,556.9394347887473,553.0583880368232,557.119002419778,510.04609084846317,522.678426767454,533.2572976599859,551.6219537407932,562.2194235162231,576.1881013720456,573.9888353823054,581.416850633502,570.9430478040512,610.2049898839621,594.645928302238,614.7704588042112,407.524613296984,409.41350069069534,396.292657465,393.4408474821922,413.11369790852075,389.0313019044614,379.4016425105086,345.5226332286114,330.5529099732389,335.473362822523,308.4094791892577,347.2681787478195,172.91053142290247,184.852134730901,159.16466209312196,162.58635230275402,184.77861942131753,260.16935436521266,259.61266807279276,266.58438047363273,269.9662782567558,267.1067805042742,157.15888676291218,148.19324853989204,169.76253976164384,135.47379101605264,144.5588858060282,114.60422638848311,107.15232989795825,123.45755796959216,128.49951694589706,121.03456120041481,85.43636852254609,74.073502856824,77.71782919072753,75.56896913939391,80.9654523539707
114.43758608067476,111.11803541552634,104.38051979064585,115.72719308963849,100.71803276036749,116.8794317483071,108.80350619410721,118.27333622736442,120.8727504433076,111.2952791175378,99.81363719915339,115.76088832389502,222.82236592947115,221.71713861620003,218.83769546169006,245.58093450008926,250.1257078550136,258.11951282660306,322.9634720791274,486.2021173596457,564.4133679833301,542.5308494454156,506.51411355352286,475.2862657908233,446.4371972891359,527.7473749617728,590.3885951019217,658.4753568581701,619.2157806584257,607.121193312043,593.6666473693284,596.8153718834469,580.0238904812105,557.9878123151559,627.5569577885468,558.7081266731068,532.9840269469196,548.4005684788842,538.3923511751145,555.830043306141,527.1825506562445,524.8500463854339,571.3530240492513,556.109431368551,575.2981592668576,531.8493504207694,558.9090932221551,568.4823868532933,570.5169358699908,596.7395199236923,619.4760882983066,657.8771430757877,640.5585057703507,428.7304362816841,394.89610657097677,430.8827276754122,433.5520897403877,394.66549638479415,364.7842803715505,400.8886425798873,378.60485471785154,328.39726991967945,335.28902678051,324.579427484614,334.52004933007635,185.05314676307282,176.66447291307787,182.24040745494133,171.16686460383977,179.15852472971235,260.8355286525177,261.69932107309864,291.2203622688676,262.9376005454301,272.62743539270184,155.42345038077593,148.03708778239155,127.66000808030854,148.537104675047,146.61329027021603,119.05606996174933,125.54786646259625,124.96037520850498,132.3296992761535,117.96067108558265,76.47294522417357,72.19806868244686,87.12399163112659,77.3448161915879,62.397340656811245
249.9296077579792,244.5289185593377,231.37285330392461,243.76936916612812,203.92842600215948,248.62159314936332,253.79406999356834,239.12662039215414,238.78235044144796,239.9878573609544,239.04665915217427,222.82236592947115,539.5056419059426,536.4306424925065,521.9305453278655,575.50206903188,622.3921228649764,684.7381118527073,751.7738532532824,1224.8538400882696,1352.9067003427112,1301.6249467108905,1191.9892710339066,1142.4704543613902,1128.6876399026494,1362.0923223780892,1361.6541345040923,1344.9268220692209,1381.7649985402459,1368.503161901496,1319.5038527677957,1340.017082268012,1303.0879430472628,1227.255585192456,1448.7265853799486,1181.1975200243905,1247.9883280104916,1224.9502673746988,1220.6507606910352,1237.815364119508,1237.392614648333,1195.5090733315221,1191.3369878969897,1218.497978733269,1231.0181002919787,1278.1665510676848,1223.1909339825481,1235.7384330538332,1248.525185114898,1239.583251059666,1337.3263630911622,1303.352742750175,1322.3305531556273,1014.3487614814703,935.438342272302,978.6945216462357,1007.1763619228477,983.6353970597772,939.9685566828402,960.0754189875347,841.1073500706885,796.6523580270998,799.0892287663162,796.3917743286439,805.8588863928165,442.9938094679561,431.2291834728581,428.0842479561752,448.40899115094857,429.84074279609666,660.4439651987866,632.5998250796707,626.5406846670485,661.3294181482154,695.3018391128979,363.19712556276085,367.9075884334359,344.8152517837886,356.39356580667345,363.2165949328303,280.0232848645158,269.4936209147097,301.23619042208594,296.81140779275813,308.0985231702832,202.86961204660784,171.14698071813825,189.0179992889575,185.90414779085907,155.08770254170125
237.29607648045805,252.31969610145725,232.78812261687358,217.1777234743083,219.9611844135435,244.28130986099148,238.13509745063186,252.59170795300915,244.04502647001286,250.89029082446157,217.45580350623158,221.71713861620003,536.4306424925065,618.9377984334117,509.1755285913825,589.1683768895755,591.7379194987174,668.1652463881289,740.7955290266913,1166.1853917761562,1299.6063170665366,1245.2139393166267,1191.623227950279,1153.8342210198696,1086.2702494182292,1339.157241954197,1327.478638298338,1332.1189791021775,1295.948466721931,1289.6508791014269,1335.1478018473122,1272.5538696014771,1256.3780151620388,1296.2322462752657,1403.7930654137785,1183.7661232516894,1189.3360492079269,1190.1571418202,1253.4634753011749,1208.6941404607994,1189.675354147195,1190.3851826644009,1213.3336838638388,1195.9674214961303,1188.4832128440707,1208.4874315543561,1230.6056727225584,1229.426866013766,1207.2200752847712,1215.2881005632264,1294.9166476630885,1299.2714822635774,1307.7224060460444,963.140046116847,935.7715924743333,964.6874834660999,924.6091672370543,960.9779524575475,966.45743444295,963.5158645403517,852.3262094757175,774.4728219964379,742.707739127595,793.288220260528,757.2013326721043,445.91104926158647,394.3424980879331,406.6295158249921,429.39736120689037,412.7572377848985,609.5985705613161,640.7416404775357,641.8787759512908,620.2856367583686,659.2707393635385,363.98129683126206,369.6560594574036,336.16740135887346,370.2468158208241,346.0517570236988,295.40365047927725,260.11701411514986,280.6170085283416,277.44146723615205,288.0236013693522,180.4143886024718,172.67649954858823,185.10226378390274,193.6887555211097,175.97890050018017
224.5195606384426,219.0453931022826,207.74210424906906,235.2173874961405,235.46883805481187,231.2182576577385,218.08687107027907,236.78306222159173,231.854246424924,229.72973097775693,237.15972191758215,218.83769546169006,521.9305453278655,509.1755285913825,551.5263618178602,569.3862449475729,587.9476506328015,651.0797828167114,737.5219037905747,1182.8597788311865,1254.5806106075736,1219.0055037552845,1119.56082750928,1106.9145773372654,1098.7726120643924,1312.4394730779525,1298.13360036625,1317.4660205055695,1226.5403992240222,1255.6587476270151,1253.8989301962924,1240.2339406293331,1223.159369220552,1257.056945186759,1326.1361753048322,1146.2272180619925,1165.3780663163964,1173.043104140145,1183.2553622193998,1180.5375055070726,1132.427371301917,1170.439818641944,1195.9479796029282,1153.323517015084,1170.7153812582574,1219.8088576999426,1191.57629563219,1139.3851580207445,1194.3876308366514,1163.4707594305798,1242.7614853815824,1257.9900496912496,1262.7854227748835,950.2251433330484,929.9569936839993,941.8087377989789,941.5636020132894,948.296554205343,938.4785367968323,981.3641712916856,818.5338123474678,770.3617631780661,740.1682759925145,757.9940588153374,749.6523956592652,423.0923558146558,403.76695219398556,390.39277674687975,420.4601596903692,411.6189968122569,600.537426491648,622.2242296331106,614.7413194848768,622.5251454047053,643.2775819224435,352.20172374756515,344.11753769265783,359.89882122020424,359.04696174661694,338.49021804609873,275.40269736423943,256.7765483327246,264.55369550895324,279.12547066009137,283.7595969395125,179.51257065798717,179.02197226774814,160.62954197127755,170.88126289385744,175.92628518882992
245.5671779895953,248.84525225669057,240.28379192432203,247.89349556395854,229.58671775829907,254.95368166562568,280.81895157389494,250.89349159194563,265.5046770249281,265.60959533594064,233.75495765126524,245.58093450008926,575.50206903188,589.1683768895755,569.3862449475729,630.3007919716541,677.8778358293415,740.2263178792001,806.5852476797229,1372.450489646876,1460.0238250044108,1311.656527167138,1299.0147779340139,1222.7172198973292,1216.0695410951726,1489.1054312947806,1454.3964697677798,1496.5242945908208,1383.141320368838,1372.2609027620592,1380.1374599933565,1437.0102646559765,1302.4068705451284,1340.810389197804,1462.5519276718157,1330.2063751257058,1275.0233957029513,1339.0858890389911,1319.5481276363025,1302.2291872257606,1316.822284619551,1323.6317429623907,1293.4153420952657,1321.7299741034171,1263.0054114978204,1299.1414865567567,1363.3571377712399,1330.289156086576,1310.707229549054,1328.5433528677627,1380.9189318417623,1439.2875207372856,1407.8204109380545,1060.1333193397825,1034.2818929179014,1084.1896667243834,1021.1341503157149,1035.7673525381053,997.1829297539381,1052.7047906780078,948.1165842546147,850.7182179114449,876.7963572189509,820.4894522155619,860.5886292776486,455.40173527198664,459.8740138422763,450.9927432579656,483.6255115872963,477.5037635674858,709.2113642687989,673.8393085374029,704.4494059388218,675.1404565928152,691.2912993944656,411.12167094952594,392.1926162583241,386.03224141453984,383.299132178135,397.948869898222,320.4210703982355,307.3418202947559,299.8378128138665,306.2749922306585,329.7939707351239,210.13240746398316,194.82710520162513,180.1730934973763,208.45465763335082,193.205612825459
271.55052363548725,250.16907380774344,262.68285838102474,253.54526727262416,237.6906980723617,258.20756387546385,269.57145775297124,268.50659799827247,269.94256716590934,266.1778380852718,229.12173390223447,250.1257078550136,622.3921228649764,591.7379194987174,587.9476506328015,677.8778358293415,672.1736304026467,753.9177074811364,795.8379199265171,1332.0595017742658,1503.4268482269315,1410.7670433574954,1313.918872814842,1327.6815866548388,1234.0208805751865,1524.1665040934697,1494.8899870292537,1483.0425404832574,1488.47210815015,1411.6976197210467,1396.7641733788123,1350.58302831516,1339.8359986070814,1422.7081468164752,1593.7635618823642,1363.0978965287798,1302.7205644328756,1355.9787720562233,1401.3433947226288,1325.9028273738738,1335.1884387111413,1366.2061981923798,1367.9908981571875,1326.817047954516,1345.5205382859854,1377.67338402098,1383.3385597137083,1374.7930309855665,1386.1998103170404,1403.5905107319961,1454.3865755163108,1444.8338333839245,1439.8139694792767,1066.214103902015,1065.888214264228,1137.190504463475,1073.810541602157,1077.0579464870966,1098.2686834881279,1083.1146136179948,982.8483427366739,879.8703099461572,838.7653701409248,912.3345723702608,852.3331849786626,473.48348919665125,476.9578895643846,454.11291244024517,507.62889763799353,470.7302359206441,689.268547489757,701.3444963246019,689.7869015257829,696.6077858716516,733.9292345651367,406.2777548104127,392.88931426344465,407.4457763655256,404.15327466423383,416.650515497188,318.0799581549512,325.11595048252076,336.60617817684397,325.4314021462879,307.26051721547486,195.1009649149,206.70113634330428,197.92339481019658,210.57291843279734,201.55411638832635
264.44856802683995,290.5943856674547,286.6277820983936,275.8016626886856,245.93733245299381,281.98865456513585,285.1315858032783,287.9288235843926,291.33247280449257,286.6433201887856,250.07747067343706,258.11951282660306,684.7381118527073,668.1652463881289,651.0797828167114,740.2263178792001,753.9177074811364,835.6994241905143,900.389501490269,1495.883075722341,1620.933492934053,1519.914696201403,1446.2005337287162,1432.6821060772422,1351.7443515913087,1691.168587039829,1624.4662298162186,1592.8136929147352,1589.663966603492,1564.555323473577,1556.300095202359,1493.2551565535607,1443.6368959120446,1463.025959397375,1647.324247455016,1462.7052089062813,1418.1863056446896,1440.9907199249615,1498.1022132675412,1487.8850360773736,1481.8787612044862,1432.5493309497228,1436.0451634525607,1455.5209099580738,1464.2395689078803,1461.452105422887,1443.4681111041316,1519.9823838794882,1489.0041541049534,1504.8412450701835,1614.7256216752921,1633.0891800207924,1530.7278719700714,1197.0149349167018,1133.150764700293,1213.1116251258682,1201.1134426277429,1147.9047917732516,1172.7108970121058,1151.3591480083155,1066.5115567131675,981.8259897080643,936.6029963793978,960.6606722116893,925.8657733968494,493.3647562263747,502.89252126394945,531.527287177998,499.55425932796624,523.7820897836683,746.0461270670315,775.044589045793,783.8125145207013,801.8465148382526,838.7996637989621,472.41596142910373,471.71568004938956,461.8445072511429,453.6819263829162,446.9674184883826,370.72449672034975,335.02944154135514,340.8346375440906,371.1447876373344,346.2633497786739,245.37394761505857,218.1494856306017,222.48265247402566,242.47023565162343,208.76642122072374
416.459859558329,420.9993649532706,403.2699776755528,334.0363042914324,304.767534592407,324.6030028997219,359.5917903630652,326.8940520329669,323.99401552732286,327.33964601214456,313.6430901910946,322.9634720791274,751.7738532532824,740.7955290266913,737.5219037905747,806.5852476797229,795.8379199265171,900.389501490269,1416.8431533546611,2163.0922782719344,2315.299450872804,2157.720234212991,2118.6930374196013,1995.5464326900892,1949.5059125838973,2195.144535497364,2147.5490619418465,2151.527017025295,2052.030398067134,2124.4073864067705,2070.661563630559,2028.535737150643,2004.3335137511342,1998.7808749167914,2529.8726710609717,2164.4762211156203,1975.3830796899229,1876.848435197274,2003.6880509014754,1872.3258397210989,1949.9951296419672,1847.4275038012418,1913.6699223264854,1901.201954158222,1956.2033799112753,1927.2734613803732,1895.843716782184,1884.1698009399952,1907.4301866938704,1909.1600768561439,1970.2652477996764,1977.6559208175918,1930.1899835896158,1553.1463839956398,1546.152984910255,1605.792520793424,1688.373076794859,1609.4655810818247,1608.3638788058108,1624.6537380132538,1514.4407529118387,1365.7470812648871,1402.994691540234,1374.8799891879607,1317.4199605267747,766.2248984525135,762.5915063343725,776.4182397021734,762.4923589496373,766.385913247796,1110.1861173654738,1103.9533643207242,1141.716578810897,1106.7658799804076,1157.7729863001107,594.5069998314991,620.219185677224,656.1457890510248,641.6009005880379,613.5667178652279,516.4403792150817,502.7803220855795,507.61822730467156,510.60950546163775,486.5898247530832,328.726475915756,333.1000985051237,332.67410209390624,321.130246025067,302.5516430177239
704.9574209691868,661.753261888961,644.4959501441687,631.9201230423469,513.2141285621535,546.5524265486747,584.8282661031133,558.4512844472808,557.1047664240658,532.8660680775907,500.89655596601597,486.2021173596457,1224.8538400882696,1166.1853917761562,1182.8597788311865,1372.450489646876,1332.0595017742658,1495.883075722341,2163.0922782719344,3644.1190244589616,4056.570536513158,3701.8506413251316,3581.814269904022,3444.1788778070904,3309.3856271216414,3688.11521632183,3653.606646287598,3634.030786643248,3628.962410320459,3611.6224024805824,3495.6524698819435,3412.041801991254,3368.8102297147125,3392.5870073649403,3795.658894112558,3505.0794252533565,3374.159136084505,3346.094624484691,3368.8068252004196,3346.9383341530233,3351.052407008548,3183.601909865098,3201.751641729625,3248.6184646543807,3250.610626673185,3274.504699110695,3204.615748519066,3282.517492987183,3120.979566913114,3178.4159278815346,3331.690233963026,3338.356609101627,3314.7156607366687,2656.1036104527357,2618.602560017578,2814.9832852629197,2803.7807872518038,2746.5493748869458,2739.2704520272,2722.475320610465,2577.123635485074,2260.748822011949,2253.9835505385486,2329.6491880083413,2362.904356482392,1325.9066556975622,1280.8844023438012,1325.2131422261436,1306.1509198353938,1302.4254998948404,1870.8685107111503,1935.9848165067592,1940.1746549287684,1956.7626813191303,1953.2429656663094,1098.440120377582,1095.7176548933287,1055.229767856762,1108.1103150704364,1095.8327352729048,883.2927829275534,860.5500375075605,845.9418141995919,868.5936725982193,853.8292154842273,524.9870872692459,590.9235448471183,547.6720945039593,564.0999439668136,547.5434258385005
807.5881912412964,784.4521952005241,758.6621438920347,699.5068077287177,651.4939609432435,603.9457773026492,606.86044577216,586.8525404140347,597.4893200890647,557.4902421006743,527.7381754029017,564.4133679833301,1352.9067003427112,1299.6063170665366,1254.5806106075736,1460.0238250044108,1503.4268482269315,1620.933492934053,2315.299450872804,4056.570536513158,4603.7479170891065,4224.142115798766,3978.307567080498,3840.4028146902415,3834.7943627010686,4152.040048610398,4089.6492980632866,4116.079384737426,4061.057587316728,3941.1917816657306,3884.9121367180614,3849.663043198938,3729.2125181083597,3741.667005490323,4081.241743886031,3599.2163569209197,3738.7377064317648,3732.525124752488,3790.880381371782,3638.627630767696,3671.2027911404575,3629.3006585534176,3589.1462542599957,3556.0677114059517,3600.213966826801,3661.5190041479323,3707.933144666903,3641.7798233056196,3563.1498472975386,3543.214022481138,3680.0819467572005,3759.9566934955155,3671.2777499377285,2986.247830028265,2921.1724976296705,3129.0793876427138,3091.981348054915,3072.8008579128727,3012.004371361313,3080.968107495602,2762.7136991059197,2567.570866086011,2559.2601385991943,2592.5595348072347,2572.77209005779,1511.2080482357449,1443.3120781756247,1469.921006036975,1470.5824647049478,1444.1804992104799,2201.629220167524,2189.5217212681873,2156.28271444824,2265.8934549635633,2256.2968779056264,1242.8954495211137,1232.2111372127392,1208.8471880983773,1177.9723467263398,1215.1658964144308,969.5005481752042,982.9420094155101,971.5424079219603,961.5107265638774,975.6764490249041,671.8311274623326,659.9781612319954,619.0857568220049,640.0774620561469,595.7695091839677
720.7050633374388,728.4413508249104,681.6927388671371,632.3766622614698,594.6936704416138,672.883759455876,587.3282606055301,580.5472313779218,604.4992675113901,541.0321950584172,509.7670426900406,542.5308494454156,1301.6249467108905,1245.2139393166267,1219.0055037552845,1311.656527167138,1410.7670433574954,1519.914696201403,2157.720234212991,3701.8506413251316,4224.142115798766,4026.959718199221,3850.3108150478406,3632.7010152833873,3632.188000539581,3941.9016260490293,3858.7233796308674,3882.506992982715,3755.9074637946715,3681.555797274081,3650.606265070215,3696.861386157248,3515.0890815762527,3559.1897849729617,3910.7598145625398,3355.0907009110683,3316.187418035708,3487.51155405893,3521.3163301523305,3512.388589565837,3452.9195714715,3368.3602746752895,3348.8591669357215,3413.186718378595,3439.8340876796688,3425.3819830075613,3469.2478463312564,3338.4915767148937,3378.0957654929975,3337.3229892327654,3589.3375840000213,3503.963170653716,3499.2189223217706,2846.713696865273,2710.8127213007137,2920.575595425708,2937.78273203871,2893.585680391175,2866.3421191683397,2855.5754027937396,2689.3196080946586,2447.4440468111707,2406.157803440993,2442.2421899197175,2415.0678854738185,1428.6584224198027,1376.651514858494,1361.272746460978,1388.4788780261802,1405.5926878732243,2081.4605157575725,2040.5394149114486,2064.9396884613475,2055.0096788640376,2116.5778159561687,1158.9573364037333,1154.586551867499,1115.404519916156,1186.6434439155987,1148.3187765758316,940.5463673273968,908.0233700444063,935.8922498943508,931.0091177205735,905.999905396858,627.5208928228443,604.2887573638147,622.6043292839925,631.7469799603147,551.6270368780035
734.1730711882334,671.5152460133481,671.3445198692829,633.389340245197,562.7391942211073,637.7311274863398,653.0214981624259,524.7550428065582,544.3650838522299,541.3436679546585,492.8526824463971,506.51411355352286,1191.9892710339066,1191.623227950279,1119.56082750928,1299.0147779340139,1313.918872814842,1446.2005337287162,2118.6930374196013,3581.814269904022,3978.307567080498,3850.3108150478406,3907.938799004393,3673.9009695114905,3439.473245531258,3768.450849240799,3752.3337060700087,3730.7043386534287,3698.46887219263,3671.857427236555,3525.0370854262114,3503.5003567214367,3411.4573630297077,3394.3532962267673,3742.7842760017984,3224.5463079720007,3154.663047782881,3239.7094736288473,3399.6757918032285,3367.913968210211,3358.3762994761873,3334.9902622758755,3249.6497647842607,3335.3521240905934,3317.1072745601,3330.5685193157224,3347.042269664465,3301.010122159803,3281.1427868404194,3223.0900246930937,3464.1554354547625,3378.299722452907,3347.3432306125646,2762.633752918228,2636.0760029261014,2935.3695091530744,2872.9246348813626,2806.690647607745,2799.4016310141474,2720.85751632419,2537.974623096631,2350.0891636213582,2325.2491322201486,2383.399483554819,2364.4353986175875,1378.7092703403168,1364.8810192245394,1356.6293806074302,1322.8029946048966,1352.6628839792074,2033.7565870133924,1971.2660118592714,2003.0772176966714,1996.8032886374322,2099.0886520079366,1130.2813966457238,1121.7254043992912,1102.4175662205494,1124.8871496331533,1116.8465572214545,881.7057342965645,879.0160653925154,894.69807062459,903.9641830762454,878.4814751648197,580.4632649131622,586.044487898098,567.8346773964998,585.6913212324731,555.0233305267838
656.0774685119113,628.503345131333,630.6964005004996,589.8907694521971,557.9459084374911,616.4430702027172,617.4924809132013,611.167223823324,526.0296119792847,536.7877168612451,455.32611039561925,475.2862657908233,1142.4704543613902,1153.8342210198696,1106.9145773372654,1222.7172198973292,1327.6815866548388,1432.6821060772422,1995.5464326900892,3444.1788778070904,3840.4028146902415,3632.7010152833873,3673.9009695114905,3600.454061845514,3463.37012227068,3721.129791069151,3670.389109510035,3653.722707620025,3572.8211438746066,3519.132258481396,3470.1303045153254,3403.6365336214812,3365.4901302938297,3373.762344524084,3633.0261240644045,3180.8375372590795,3065.811506624339,3104.55626142666,3147.838688731091,3229.7919346020717,3346.899878328373,3193.3142143756936,3149.0430842035953,3174.2261715116333,3197.3594489194616,3224.6716097354924,3206.416447234252,3206.540457357497,3105.0223245906773,3089.6239974002874,3197.315650806339,3380.495484131159,3256.9658046971417,2592.2899839431084,2596.89588429441,2788.108478575316,2758.564346662897,2728.960330152044,2705.1590402297225,2692.0376872478314,2528.6317191336575,2323.3251426400057,2297.9898957093005,2249.042153232101,2238.7128237586303,1292.3442421806176,1341.9716491630222,1291.84285435526,1304.1715239121881,1348.213782029205,1966.613760494608,1983.4790361125276,1914.2416770907855,1958.9326157581982,2016.8126126114566,1096.6152052213404,1097.396084817942,1105.1568963893817,1105.7810454944238,1087.1865815054218,847.7279333046737,861.7168613731913,880.7427987306878,874.7924257896353,871.7848728719028,577.3798546415477,565.9786157638292,574.1278412761261,561.412658491722,506.1194364892675
