7631.880613348787,6129.277641075916,4554.1749289124455,2531.888859312813,2344.1341984790315,2571.59227742721,1822.694499007845,1722.1807656980102,1631.960198774044,1702.7301397232545,1717.1909191105747,1567.762642062162,1506.8522436162632,1501.046504626739,1327.0642723012002,1183.4193289030393,1172.5714990662575,1567.9603213420337,8579.701495784931,5200.27663166415,4826.282279790255,4270.309478060729,3390.2267380137464,2537.24296469585,2539.1541280064876,2995.824691398826,2923.5832805392583,2711.3414486832453,2521.8486017403284,2416.024691494323,2317.34017052984,2296.3490809979958,2200.5300456441587,2127.7084018325017,2184.595219836889,2143.893256802702,2188.4501133575504,2087.064659534096,2107.6777736495915,2155.221587303003,1978.0773137454275,1908.0265179065627,1928.9486391430207,1985.6567727173483,1967.4653301714316,1900.9690804713518,1833.8586891459388,1854.075259321814,1818.5514481765003,1830.8792412694243,2093.4108142347095,2072.978344426105,2065.5062202550243,2020.6513567826048,2023.4786226031981,1367.4024640093905,969.0311671898455,1002.3183374485857,926.6946015017184,950.4484146677846,1191.8659412362376,1157.861957176186,1256.828156690022,1135.170837110766,1131.3172347523337,744.0181050722633,671.6430202102704,714.6029818644057,713.8578900101927,630.6060307229894,1001.8541423531433,966.1054163012991,1085.7405006390532,1311.0408616176976,1330.1931528186817,848.130159881738,841.6263212716502,800.6387201284699,822.9110343128484,796.3221716554123,679.6187399399078,664.5547086628253,661.2510681882175,652.5582726978357,627.8742171404508,504.96300526622065,476.7367428614617,479.89533949112587,450.4206832373607,470.79217274949275
6129.277641075916,4443.705138932523,3671.343746747844,2286.206473540546,2164.265041147498,2358.5932474222145,1674.247311323109,1607.236116350649,1535.7750255066737,1531.7679941924323,1581.4172708318324,1435.9942525554827,1351.9000973953148,1390.3067243402045,1240.2795329951375,1101.9279119046657,1066.5580147650876,1429.1211135829778,2232.3874513893384,4872.622519059328,4394.36548856367,3718.0073739742315,3064.86792718912,2332.4432307109655,2351.647197313373,2658.881772718275,2559.3488576473956,2517.3869044071507,2225.241282505285,2167.441592028249,2001.9237012312124,2013.6424574697462,2066.5013091992346,1964.498991856764,1897.6716519245892,1916.8183560310383,1953.175159471195,1958.4801899159006,1948.990655316445,1967.5121257743995,1838.7815771059734,1808.9948376185253,1732.8932659964792,1804.801862394196,1759.325750274822,1748.0322374648083,1741.2932466406012,1761.4629042209797,1737.95615093117,1697.3850999820409,1856.3759071528316,1778.0349003053732,1920.9033504316503,1872.7697802520993,1813.6951120360247,1369.1783492415125,1318.3189620385106,847.6125246858467,841.6736510597838,812.1803840572323,992.0797263715816,980.6724416847635,1010.5073192386988,951.1062998868493,945.5257350533308,600.5336671748677,586.3900071148136,588.3783563734405,551.3187897018009,532.9293667220646,781.9641941144596,776.3105785196884,882.948576666372,1046.0399844422363,1034.884302577287,666.1414408187286,685.2460806088969,673.6981813896598,627.6801189467665,639.8080236377122,598.0698556403659,556.4466073782221,595.9749044335134,508.2236542094025,580.5610937817387,403.31244171125746,423.16849559024814,447.5446110696291,366.40570311098145,386.27224513064874
4554.1749289124455,3671.343746747844,3191.8911314900306,2075.8051415099835,1938.862559708518,2152.2066592933047,1530.6609420404402,1450.1442410216887,1437.5538228992884,1461.059376652771,1520.9943516656524,1356.8989894309598,1307.4370933213215,1314.4722527064937,1150.2262935662793,1009.3632076591375,1026.3801913541338,1267.0847120091137,985.1437256232052,1699.7913206711548,4054.478980387636,3475.252782023725,2920.8502806553183,2192.9435001890847,2129.971108798446,2359.1249913590023,2320.2134947160016,2242.17404209544,1927.2021667563172,2007.0963305347445,1913.4078447781953,1933.481951530515,1840.0263838785866,1765.6492379833223,1858.757985942464,1783.3791824586815,1807.9789577866866,1797.4339380884567,1819.3596965219617,1814.2552935455944,1656.042992325892,1676.967032012619,1640.3261018578926,1749.022298331032,1698.4061254157812,1627.1545724721989,1604.0074306813267,1626.1316770557037,1540.5146905459083,1604.0966444825053,1731.984190895899,1674.3998414746784,1675.1398237298629,1649.5730208507478,1661.6723744958506,1338.0612487534927,1373.101445685227,1347.498800063042,738.1979935465397,704.034210396182,876.8389028328761,908.5272020356282,791.6704886600348,866.7283914698198,826.6346491076423,500.1340621077869,499.9662276734248,514.3478146868698,502.62783638600524,473.93849875122424,652.023909928447,653.414582337454,765.8514687243243,959.9453927420244,879.1788565596469,616.8838958416568,559.5563918979666,576.4055553431419,607.2089472394457,555.9833383869254,518.4264621051561,510.4606873979484,505.21977753114,449.79546024194053,459.9468658382266,334.9664395206911,361.2084137746614,377.8996263027019,318.4015983613885,353.25169782069065
2531.888859312813,2286.206473540546,2075.8051415099835,1703.4910788773345,1653.416145347638,1833.5646116611906,1440.248164002506,1376.6156846590807,1365.5358413061658,1367.692597279392,1447.5319419797415,1207.442738573766,1208.2048481865918,1226.7766861743078,1114.603650828396,994.6403586579452,1000.0825256730632,1143.6504977160737,686.1340465374032,775.9645151462279,1526.6530666268245,2840.838027904297,2333.3539745264507,1822.4089073392179,1868.6688165294584,2007.7841076544855,2051.5742608450278,1976.5055682902873,1664.0596745833263,1683.1504437997226,1699.1968080445865,1681.1428150852034,1690.9755982316678,1587.6983092896564,1584.1558360121412,1538.8653899676142,1581.7055513660582,1563.812206811727,1602.418394274094,1539.0061548751091,1478.0467343881332,1454.1073504289204,1476.4175625078055,1481.625880447668,1464.0612405266684,1417.5162779137045,1355.0946484797792,1363.3560005820063,1425.7700255038658,1409.015401695754,1412.1938993605354,1403.2181101096812,1470.0727952052966,1399.592964653516,1425.6347847279453,1142.8798360193002,1252.0646195134375,1343.27201128128,1409.617642504396,637.9879008564476,658.877297625386,629.0862128842768,583.3814694466853,586.6509372688254,568.0979200173653,358.18891010227117,349.08738535163445,338.6880385458453,307.2892877084216,302.425197658321,420.29143801309397,452.951385212921,480.65502955006866,629.7376731989743,608.5037206842694,402.98021915286955,391.81931929961513,394.92331163141665,402.63893467049695,422.3452132173613,353.01994279733503,341.8469265047176,350.7247756497766,322.9631229355501,344.74162830891294,245.41764614864044,279.81399400710086,239.00861536789643,253.10527566242095,216.40878178198196
2344.1341984790315,2164.265041147498,1938.862559708518,1653.416145347638,1696.1603190343544,1786.9344372787832,1475.0707912818523,1406.586778205607,1347.5952518385034,1289.0567142253194,1434.3775674984438,1233.6898954043404,1254.3529690416935,1214.9221788466627,1082.4374560209153,969.1895958895689,996.7802343826272,1123.2548799045223,654.2396962009279,692.8101005793005,866.8551098945488,1388.6307352759363,2319.54835132506,1718.194528506595,1698.8033245629426,1893.4531922012254,1884.3422303571147,1913.4949301779789,1549.344827303781,1649.2640572146752,1636.35562658507,1594.815834980095,1638.057407150584,1498.5366848512435,1502.4956714694622,1449.017107981354,1545.4976224863003,1534.9010361798287,1516.1273367152926,1492.7278022547002,1445.6816346750384,1494.391062986515,1403.1894146767077,1418.8442619372377,1461.2192848230363,1312.0198489952793,1300.2370881565791,1335.0296109404803,1298.0731821165336,1380.8318977522881,1377.0880829375128,1419.8635597388136,1430.7238483023361,1376.4329503299014,1379.048348082528,1136.567472139369,1218.4718137929126,1488.1411971948396,1783.7786239658815,2157.5063613261427,724.0431781861763,664.8976690333014,673.676622630663,603.547583444989,618.2357760117717,359.53155198625177,358.9267071456137,325.846928132499,337.2075245185726,317.40679870548024,403.9200346374375,416.19839509468636,447.0917892685362,633.8693096119495,604.2198871827047,376.3035906625224,427.14485732479926,415.8799908136748,375.183319904366,407.019834300926,316.30510717167334,360.34201025383953,331.5191914449881,342.3412144518055,309.5399317148764,253.35982262026843,228.9322844379987,219.16602842733943,240.88399542781275,222.3011241219581
2571.59227742721,2358.5932474222145,2152.2066592933047,1833.5646116611906,1786.9344372787832,1969.6810998079131,1686.1191464075375,1466.760652502094,1422.681456521016,1408.2208362007311,1481.9152379473885,1272.8489700828363,1202.266682951409,1264.1139956408067,1204.1832643009109,992.9465931647763,995.0355163347332,1197.7786913518084,704.6693418369003,680.9388574914497,893.8761501492367,1109.6863817602407,2127.024722861892,4432.8861442784355,2839.0319343572132,2603.56497429705,2245.596306589498,1938.1446433168753,1743.2862716323345,1646.5454281214215,1729.7928234197489,1723.9785923374259,1686.8435230151042,1575.6508140357964,1580.8503374684346,1544.2102833083788,1601.5878541136503,1507.215644148304,1641.9342922242984,1586.165789603116,1504.1836991347243,1501.0639422455545,1495.7637237949239,1454.2336442654102,1468.3012310269403,1365.049589089309,1425.4815611224926,1420.9103133589374,1388.9704132123313,1354.661260758004,1482.7615025735379,1422.97460764664,1474.7409849546007,1411.074915120211,1444.1807066099418,1160.7993295397798,1076.8322978819988,1087.6918996256427,1059.601182169121,1049.1351581499425,1091.2010653345053,685.7471153524183,640.4060687058131,637.2640283727657,558.0675545612022,375.0835185254638,356.65017620465403,344.86639190502194,335.723319086061,337.05921200430447,442.7543310924243,428.99961925977425,491.84953027148157,673.669093522055,675.0784294650492,418.7899133870003,430.22919583125145,370.4236110206364,429.67768897105464,413.55405735824445,364.1509041094916,346.69116038218823,321.5930143549397,333.6323274001025,364.8724122894862,277.93598657274714,235.90690991915275,268.53042135803304,245.73092661501818,232.70378750486842
1822.694499007845,1674.247311323109,1530.6609420404402,1440.248164002506,1475.0707912818523,1686.1191464075375,1413.1793166833688,1339.570106831022,1264.180447755841,1294.3740045395732,1350.2622933362807,1201.9627015077456,1130.3850530147479,1165.3707839425413,1054.163631263793,928.1977873806098,896.238252093828,1091.2539897662878,565.8534919548474,596.5485650794021,710.7510360009632,780.1075505036508,902.776304078109,1408.3880885294293,2493.2271132494425,2326.109827913242,1971.2261455258852,1751.296064870838,1503.020719467259,1506.0899110703995,1605.480110032874,1594.7230654692341,1587.981967536592,1509.0568027297616,1452.654441166683,1458.8995529079752,1458.0266163302247,1459.415381806534,1461.1741828191118,1530.0508658949507,1364.9429910997137,1416.7223065072462,1343.4962876237141,1378.244319412096,1368.1094971795826,1336.2143389162748,1253.1380680232091,1297.0805060769949,1266.7588793912378,1280.79119518818,1304.2936941519365,1321.1598312052452,1356.5401739670974,1284.4196848782522,1316.1836316369352,984.3786738985161,991.5710008339349,978.6678317126598,944.2386979260066,1044.1598765423967,1063.2651383053314,1040.7935384383063,558.7071194602075,519.5583937995996,513.914310060096,324.0955017901512,280.8675774194586,292.2689361121271,266.6579312259139,264.2637865075199,352.96418694152726,330.89595246854003,375.84861691311926,552.6583673965208,545.0671434151551,346.2908410198688,366.26493534615474,330.96681185067087,339.6183832979044,305.1011257500012,290.0585862533353,288.34646091743883,272.67574694772065,251.97253592836927,263.7933631413517,210.89444679472743,198.72572196167786,188.19890141449497,198.52687278431918,178.83491736921798
1722.1807656980102,1607.236116350649,1450.1442410216887,1376.6156846590807,1406.586778205607,1466.760652502094,1339.570106831022,1245.7301679520062,1282.7818183379268,1312.7045252908376,1296.1701688643689,1167.3432986033197,1106.254755450416,1094.5007433528463,1046.217673345069,919.0268002435581,937.8618274082166,1085.3890613059552,581.3718715609663,572.3925853749786,693.3477659142172,719.5218820975095,752.5032469988864,821.3076655176685,1151.7651466285677,2255.586876143074,1946.8850997280113,1724.600828997607,1485.2086045692213,1499.095057825119,1524.0942131960594,1523.8642799054328,1519.9593377671772,1495.5165330920574,1408.3692350693107,1429.3700131296173,1494.1320486538398,1383.5156424704905,1423.4788913063203,1457.8099884366106,1307.0817049751472,1346.1456959735615,1319.8403731475505,1386.7874852699622,1322.3889595060268,1246.593321235032,1250.0702327566048,1333.9001020625237,1292.7394135147135,1248.9651649282637,1333.4848735409482,1377.4275855803974,1306.5448109833615,1256.8256844815423,1264.6024065998936,965.5009016300561,995.2489225333167,982.9311824496642,952.4279420491142,1006.8930067098847,1062.0325939964976,1215.3674683047886,1154.8446254601295,538.4752677132333,497.5343737545596,313.8377710256303,297.0373325794121,267.4495123980159,259.50697294723676,259.83324064487454,332.9707757251451,349.0786839767608,392.21792906323407,528.8013027551129,548.1672777524088,327.0757770369746,345.3627615280421,335.5177232411058,336.19752079665653,309.45263479400546,292.69390684917516,276.2852454163034,269.4084631421776,252.1097178468077,282.8285668125376,184.1601513623131,196.35428729222548,203.88021158960592,190.5528904227714,196.34195388745684
1631.960198774044,1535.7750255066737,1437.5538228992884,1365.5358413061658,1347.5952518385034,1422.681456521016,1264.180447755841,1282.7818183379268,1274.0118630263453,1313.3151949085452,1344.1706762050505,1140.1981483876689,1141.3461631920109,1159.6279371339801,1071.8481679059796,914.1211433172691,933.6923816417889,1110.9047721659012,590.9412370400239,613.6961704658456,733.8985629978666,749.8944633408086,712.9609984138649,737.4309795871518,814.7271404228015,1093.9647074135326,1844.3205424799667,1661.4516101953204,1470.4944266770374,1502.8022514634224,1540.6938095433457,1457.895034673784,1509.2824820718563,1414.1183879846135,1393.4316495680068,1407.0247447555387,1380.872021773171,1410.5885602833503,1388.0203574973207,1437.4937439149533,1335.3801445353074,1355.4583945914378,1401.6423544812315,1358.8198306051509,1386.5025250711867,1254.4526118018375,1289.40086519283,1245.3131998317976,1256.1599564066942,1251.3935812825105,1303.2514448943682,1282.485173161502,1324.6909025118878,1354.9886601150997,1201.761917667835,1004.2376412038379,967.6201935185602,1018.8466863885538,987.3922878339749,1058.7783921546297,1118.7888822993048,1255.0034863133847,1418.336775434499,1487.5430918363963,545.4521806239186,326.52622252004124,322.1454972550067,284.1914799021075,268.55308655224405,252.40156825114911,339.1942017532293,337.0624265489039,387.21230132792317,513.8266510262724,512.328323438129,357.94398736943685,359.92131282885,331.1972244248873,339.4004775652802,345.6363203483605,268.71359260537736,290.1954725456508,284.9276028685066,269.67323815610604,263.38383963648846,187.57426649638185,177.13474486842273,178.49039371133313,209.573554719674,180.06721433413216
1702.7301397232545,1531.7679941924323,1461.059376652771,1367.692597279392,1289.0567142253194,1408.2208362007311,1294.3740045395732,1312.7045252908376,1313.3151949085452,1393.6923593357208,1384.230739112394,1276.8243378630493,1225.5814068477653,1246.8029167880243,1115.8762741826881,987.2790122623815,979.4196096457881,1168.2872294789406,581.930683323639,621.693621031281,728.3895577826662,763.7109398356921,785.4924345335651,811.1715121099887,806.3342017967329,815.7585573131113,1060.4543440753325,1668.1582508859406,1448.917259701382,1492.0607645159014,1498.2707509958545,1476.7632993315715,1529.3360465406627,1481.8502695384227,1427.0891210149541,1446.4517094587243,1460.0953028288152,1434.118211179057,1436.6157704578757,1441.4818709148376,1348.6823846809548,1395.3544832508583,1413.7649911653057,1392.9258854340198,1388.1397070112407,1285.2556819949639,1326.0025783293636,1281.3279458805218,1252.1595647590398,1266.8669753138718,1323.615682853709,1308.0055498727645,1326.867971422551,1335.2797948727361,1326.5166617965072,998.0881967561272,1017.3262626197665,977.5359658537378,978.2418986705054,1021.5588701746888,1167.8748410520125,1293.1409846726406,1527.6167970154233,2042.0822965769703,2399.888409741913,413.5573662644408,414.73441468459106,362.5163293070977,318.3019773084107,308.98652476634857,375.76623118464016,352.4217591378583,415.60670224792705,565.3015143973571,542.9761231497588,366.36235534048313,355.3078726509272,347.38735246568996,361.59180739938563,338.52091935983515,304.88187270457354,300.9968716296165,263.37375522343467,272.85720996797903,262.14298211598486,196.5964237499533,210.1592188904675,195.66712553339138,202.1176587242187,174.59883761725024
1717.1909191105747,1581.4172708318324,1520.9943516656524,1447.5319419797415,1434.3775674984438,1481.9152379473885,1350.2622933362807,1296.1701688643689,1344.1706762050505,1384.230739112394,1430.2978132136025,1279.9767055297116,1195.954184983133,1191.0038255658571,1091.70380285713,920.0765797233058,973.7246734889399,1141.2328430221621,609.9214709105448,601.3896160293127,715.4156277516499,731.4370976419541,754.2802489785652,751.7989843119724,764.2457700971183,760.3864269341753,938.3917142220628,1683.2167866017057,3404.827266221251,2187.5006302087086,1853.7812616036117,1696.63552240169,1566.8029871874592,1416.1150481984203,1516.832429587717,1454.8739017523824,1461.2877937397445,1475.0068507226588,1487.1829129806656,1410.8379031438876,1349.0226536614532,1346.919357856521,1349.7419163449076,1357.5659946696483,1369.014685992884,1255.122739301102,1279.2352947062261,1313.4850840652362,1224.6121852089252,1345.7047711151563,1325.5310446343008,1313.947144736283,1307.1532858833439,1307.70407204775,1292.4842542250112,1003.3936833819981,992.2566295473127,996.1315770810018,989.5638373249776,1065.381260779256,1037.6126274654748,1068.748038225907,1087.689483240436,1106.205025595613,1140.3339305124605,686.8729532047829,340.6917755087988,327.63142019877614,303.91532032780094,287.5370469301107,328.1886174228076,367.6888075694565,401.8327661119032,532.1936794256393,534.5718403612545,340.38185389355647,349.87067861088036,343.40922614444514,334.72880807040195,329.2697194062085,280.76980750203137,305.7126556110872,273.51514893423456,288.52838524954257,279.6837848819835,175.2164966077974,210.9551818721134,201.33051752662044,190.6211115290929,197.17173870956003
1567.762642062162,1435.9942525554827,1356.8989894309598,1207.442738573766,1233.6898954043404,1272.8489700828363,1201.9627015077456,1167.3432986033197,1140.1981483876689,1276.8243378630493,1279.9767055297116,1156.7538692714222,1159.5162332012508,1125.7839653145527,1045.8409673985927,927.7916749580766,926.6154750160026,1079.2845737715186,561.6531205874752,590.8516963259506,701.9996291590364,676.2213675392859,674.8906110030248,691.6716171660074,698.4226363227275,701.3708719908201,729.9645196369394,796.7172644000614,1144.8206700320534,2073.5357433648396,1756.8202509412897,1563.9570879476719,1462.7712013790767,1323.8502234182129,1347.9636220599743,1403.578959064015,1414.233220988998,1393.000347675141,1350.1991321214755,1363.792821505077,1362.1390285136868,1337.7314463590765,1256.4127404778685,1310.2738032988636,1301.8933771085108,1207.7426663462109,1189.7547522202126,1276.3381369702663,1224.9421911291183,1145.5369476183466,1191.0981742521858,1263.8871149289657,1202.698713962473,1264.7645446624542,1162.0163356383227,995.2413570306073,967.1754758586376,891.8116937392847,865.7798294172719,963.2319410585313,1048.6077481720656,1022.8770444761387,1029.2509483890703,1040.4734196388667,1134.2612022621715,757.9816155908045,704.0450350466567,307.4280347001562,301.90555523944545,268.9772144109479,323.7279963499611,324.5975492552775,368.67914110393747,534.81719207367,498.01629309079226,328.36692352905993,322.8012526046644,342.6598153322477,319.5719788075595,317.41349027349605,274.3327998031517,266.6477441677644,266.0625558305317,277.4952558789109,267.1317573992461,167.4804317106255,198.50289533184127,170.74414616086676,172.6184660318137,189.28961347696696
1506.8522436162632,1351.9000973953148,1307.4370933213215,1208.2048481865918,1254.3529690416935,1202.266682951409,1130.3850530147479,1106.254755450416,1141.3461631920109,1225.5814068477653,1195.954184983133,1159.5162332012508,1089.1220351633401,1123.1652623934724,1100.9765367424454,915.788199814042,934.5387695607005,992.9266004932813,536.0729939331605,554.731563813683,629.3918320926439,701.8541458154496,692.0136788198424,712.812482000302,681.8523994780403,673.1896788741828,664.4820358993398,696.8309860077541,701.0751912941845,969.0723615007221,1689.9171334436699,1526.4020342200347,1386.6715368193886,1306.126940820354,1316.6045705133693,1361.833044271361,1368.5441073298439,1374.1690615676107,1337.4223350471598,1326.174235217613,1266.6135900181957,1309.8745985985722,1319.106672852313,1262.4166904697145,1240.1883974335365,1234.8937899635173,1209.9483954068291,1243.0879469209638,1161.3582280232777,1198.2115366775297,1222.8046874653705,1286.9128263154844,1186.9421697365283,1263.2365962899398,1147.736210772028,921.2277573918615,895.996417898453,932.2345979823797,897.3837106780917,915.2333612611917,978.0771477237679,1052.6941932390387,1037.0880787884646,1079.467480544622,1110.1914512495332,809.7873320007502,890.5460621765592,831.6938895347806,285.6716974978612,294.90374350324976,334.5290088287575,341.46902452384285,369.0971883087336,546.4713633056001,506.80379969639864,297.69537489076737,325.47710338112455,300.62852163788637,278.95079264155083,313.13629743830967,259.1814597399689,268.4794976508583,238.3543063409262,234.1707441187798,256.502529105538,177.60383437649423,206.51305101146596,194.4472237069773,185.58836640839652,167.2152673502848
1501.046504626739,1390.3067243402045,1314.4722527064937,1226.7766861743078,1214.9221788466627,1264.1139956408067,1165.3707839425413,1094.5007433528463,1159.6279371339801,1246.8029167880243,1191.0038255658571,1125.7839653145527,1123.1652623934724,1199.065149412534,1222.0842727304469,913.3142042872008,946.1572446530754,1058.0697704502495,539.1717766397226,588.9172241913119,698.8840697887491,681.0303528595313,721.4313025431886,723.027520638619,705.8591561786052,721.2266517146195,701.5297249041736,682.914384158235,709.5409276158844,730.8591205167046,951.2312657995226,1531.832323516981,1400.6103773542713,1318.5595969893182,1373.7866454200528,1342.582963346215,1380.2970390441897,1364.6781248169646,1386.1953759493645,1341.7984796020012,1352.9008194819305,1380.3895619934847,1312.8499714073196,1337.3805513611126,1342.1280123053668,1259.3057185683601,1205.260453024473,1265.61864657345,1184.1652568805125,1158.4179434403295,1275.7577542427066,1251.6351628741056,1266.9202833966112,1204.3019810055212,1262.278067508097,960.4002754873893,1009.1145455267097,862.713179400695,889.5163429377757,950.7625126025453,994.3101203286748,1013.71079040534,1037.6720028908298,1072.6684573782625,1087.2967290206532,782.1478851174859,945.406493452075,1066.2153927106626,1163.567380941147,326.0913125449422,373.3504611152102,361.1598256413168,383.41968380066226,554.9524554388728,532.6442921833543,340.1630325022014,349.23975666029446,319.6196906231031,321.36404638902286,310.135087533247,272.6066395197316,261.1486487613637,256.79551182229994,277.06182654166787,243.3623138618808,194.9704168740679,186.91957756899498,167.12014742140022,191.4724118096549,177.763550159773
1327.0642723012002,1240.2795329951375,1150.2262935662793,1114.603650828396,1082.4374560209153,1204.1832643009109,1054.163631263793,1046.217673345069,1071.8481679059796,1115.8762741826881,1091.70380285713,1045.8409673985927,1100.9765367424454,1222.0842727304469,1108.677994526583,809.0536560095118,879.836018659065,993.636939458525,433.82986028518377,460.1812800182558,573.7272243499458,585.789615885125,598.4534603243046,599.8382757857596,582.355245972448,520.2572203824543,531.0508760063537,541.0252343217327,510.9555012414488,567.7454753638168,596.7563470512113,635.0460785099051,705.1660850792301,719.9229025062399,751.1924319864755,713.0279146712753,747.0872357922065,731.5021766793855,751.7194399246864,737.6931461438295,735.4787537698161,720.6793312171213,711.4650107624658,732.4361380707609,682.9586938234073,654.6181019559168,655.8719534377026,669.7194352719545,667.6186540076453,654.8293310976205,717.057414466782,692.8645016902259,687.3857964648286,685.6316767967351,701.3785248189397,528.6487734221753,557.2636583530392,545.7543117003482,508.0592522155549,561.4371188773596,561.4375869572946,565.308157842152,526.9350270738005,580.4494101999467,575.0728641778659,417.12258457830234,441.1963982528025,539.8750629492718,701.6341560429671,706.7931182354882,323.9061016668234,319.2327333593422,337.9523365904316,354.65969765759917,338.0329664794737,228.70567061821737,237.1813758191761,209.38928234256198,197.53664803217004,207.3152659451872,166.4000021434388,163.21321651499966,152.7390913744392,169.68081810153714,169.36975713093784,120.78341848874865,123.47847790174005,114.48694790018556,116.78681388490278,111.71340520159194
1183.4193289030393,1101.9279119046657,1009.3632076591375,994.6403586579452,969.1895958895689,992.9465931647763,928.1977873806098,919.0268002435581,914.1211433172691,987.2790122623815,920.0765797233058,927.7916749580766,915.788199814042,913.3142042872008,809.0536560095118,721.6795690143799,724.1740226400832,895.1614447211502,425.2880627717654,430.82448028061447,485.4886279196615,516.0904439957679,508.81025654345444,493.95926179729986,511.3601258128133,460.2110738499827,472.0047051952122,452.95401695169454,480.2799077924436,450.8286217044661,485.15524940267187,537.3934245192548,636.1502397291038,823.8752348811596,726.175061848972,659.8410429929136,667.4388535352848,664.6978926055231,645.7343969303805,645.0843285253868,627.7174572520669,622.7838389788794,628.6239403364432,651.21371766228,652.1873693202721,587.2093049844981,604.9049438643964,564.6869213121446,604.9191789398261,607.2655194579086,667.9611968528368,625.2883716628237,624.625376538127,616.8586106160807,635.3106401967798,488.60195595680767,472.64050903355223,465.3796522316645,470.0307352456754,445.68459646225784,455.81470924253773,459.872170610046,459.0582817016328,460.39491017240556,441.10461186296106,277.001145316937,234.83912094115027,275.31057207578124,260.16491745078594,277.7186853559716,511.47487153995746,263.2920712214065,247.5379282485676,331.2608914342515,302.3336619789359,208.3474656923746,189.7202716219861,192.9123505864003,195.38919991673419,177.06364247731716,151.35642504137346,152.37283886260826,157.7685281146107,162.4454378409865,143.0434018635392,110.89771058447771,121.32749435712574,108.33339510163253,106.88493928717998,93.72918751775913
1172.5714990662575,1066.5580147650876,1026.3801913541338,1000.0825256730632,996.7802343826272,995.0355163347332,896.238252093828,937.8618274082166,933.6923816417889,979.4196096457881,973.7246734889399,926.6154750160026,934.5387695607005,946.1572446530754,879.836018659065,724.1740226400832,840.0607099336254,1099.6928842411028,418.2623611770733,437.8521006472163,509.01566536278943,532.4434216597317,555.6221439660172,561.0449214453865,555.5798167041617,497.57362421507537,488.67469698146255,502.25326896539906,488.17352151618354,483.5584427548613,490.3718064968865,511.65541029944995,508.6584854271907,594.5183220648734,693.302858673427,628.0785009801109,662.8601103829956,653.0481216778034,678.6116385826004,699.809525614003,659.2135843444486,645.011945149674,658.6575324338341,635.7660307385403,655.6606574046293,612.0883046397947,604.0210598971263,625.1104702813199,633.1721954919187,596.8523403139617,638.6790536645999,656.0688149902885,652.4576562620632,626.3942879742626,649.6297916583954,495.5114925488557,497.63152713895636,528.411626994594,494.31158460116905,451.1838085034876,466.17545217657016,455.6342956195344,479.2003437029507,461.0004427650323,448.39376298166394,275.7096860271915,254.649274002826,282.46151662388496,267.42907137106005,342.5735165766161,678.6838202275062,677.7206838112805,312.43943909945483,360.5945839759776,337.07026936249247,237.93685678896497,220.60343076461757,196.02153521995334,198.0538852928699,222.98992122015716,176.26681860374578,188.75604946541884,150.89760433902327,160.39114524643136,152.53872972251884,121.61141331192152,127.55461152288677,122.46477137570263,118.41393806676754,122.67985937248967
1567.9603213420337,1429.1211135829778,1267.0847120091137,1143.6504977160737,1123.2548799045223,1197.7786913518084,1091.2539897662878,1085.3890613059552,1110.9047721659012,1168.2872294789406,1141.2328430221621,1079.2845737715186,992.9266004932813,1058.0697704502495,993.636939458525,895.1614447211502,1099.6928842411028,1441.2249390418795,525.8672244972705,522.4211448972343,625.0762742891532,590.3341784819709,648.4552549897535,609.7830356894225,642.0820632004302,581.6844727548216,568.6503606960039,572.4217763591216,580.1626386811827,594.8410780268358,581.5029453383727,589.1938145373847,582.9024256556877,567.5587733644861,645.6166005374869,742.4768792789419,706.2823879429791,712.3173313491354,772.788894623347,764.6575142953461,723.0879761008492,712.138433727391,715.0856008477591,757.5039272480794,770.3529302308988,697.7731969667582,650.6046625173178,692.2422823786876,678.8389147815133,731.6848869208204,705.604308137581,751.9564495415132,725.8586593181205,729.0130331341422,705.3531951220778,575.5446401259868,570.6916078428276,562.7307027722828,553.9529755345022,546.8624418105089,563.2294166202576,556.8126845695358,547.3749131228193,556.4687856441622,526.6959287828824,321.9947379245327,342.53410672831603,353.7006974612566,334.3164692403312,444.35970081783785,919.3468278818445,1152.2780125016388,1316.2251449002079,554.597300990504,525.1605560617872,359.15262757339246,317.39887122155415,312.2181981396457,279.2300516847568,268.09751571144056,230.56500476281286,234.79914846099018,225.2737814760498,217.25517871043877,209.14194425561877,155.4048362803449,166.3209403185994,142.47728165942743,134.79536582459926,144.1087314851146
8579.701495784931,2232.3874513893384,985.1437256232052,686.1340465374032,654.2396962009279,704.6693418369003,565.8534919548474,581.3718715609663,590.9412370400239,581.930683323639,609.9214709105448,561.6531205874752,536.0729939331605,539.1717766397226,433.82986028518377,425.2880627717654,418.2623611770733,525.8672244972705,2219.7262704629998,2022.7176482764498,2134.5745542931245,2168.0285673941335,2024.4947393104553,2068.518841484904,2039.9029557831557,1430.8452989554194,1451.1238246188093,1423.0979852538285,1382.9503034563477,1385.8996006459563,1334.7314642524077,1349.9668938424425,1331.463610052309,1271.4548898773742,1321.3060738902418,1359.47017373053,1347.0362137204702,1395.4536110734066,1369.149835439463,1362.3989715047162,1282.7820753184583,1259.778964746144,1298.339345486154,1298.7743313487676,1276.6654831553476,1099.7887155373792,1054.9223781768333,1098.473638941743,1069.0941669051335,1091.2167930299722,1219.035748908614,1216.1618234047235,1237.5562068588508,1245.0062498269483,1204.2141023335016,838.5446925371972,851.0129286915984,824.6667300731624,835.391662477503,807.2914474980031,936.2086094962075,912.4260214549583,890.1225071838435,882.9613250230407,884.2074017576754,513.494900986637,528.3678312089012,504.232993669319,489.35579249104876,512.436435277649,731.1556576735218,760.5396086851731,773.6258592503003,735.7928118257536,707.0427921648418,481.6919362851712,460.9745972541722,456.8877915088391,441.7336860221456,465.12255598380165,365.72144933060696,367.65482427601887,350.6789290148443,318.29718472704474,335.9433539104472,269.00051492007276,278.61402317825485,243.31184468350745,273.1465376678568,225.10130606525394
5200.27663166415,4872.622519059328,1699.7913206711548,775.9645151462279,692.8101005793005,680.9388574914497,596.5485650794021,572.3925853749786,613.6961704658456,621.693621031281,601.3896160293127,590.8516963259506,554.731563813683,588.9172241913119,460.1812800182558,430.82448028061447,437.8521006472163,522.4211448972343,2022.7176482764498,1987.890302603285,2303.1001183148774,2065.5739182159004,2137.3197377787883,2013.7551768671665,2050.39285220396,1386.1899525479494,1420.6876504464635,1441.7550754025078,1430.8673850248806,1389.5357764569046,1355.2559784234024,1355.0936339474065,1340.3011734201912,1376.4167637316216,1317.3768371964495,1369.1898597149261,1383.0599706061666,1372.2957487985955,1402.8688590039985,1390.0342620079346,1325.8246441822494,1267.796522854311,1227.7199201406256,1297.793546865179,1298.206969011192,1106.068455161393,1116.7951465775934,1148.2611588617326,1099.309095706775,1112.7654446327324,1181.0004191232426,1201.317815735772,1187.9767661299525,1198.5486706102747,1193.064140723601,851.2267565123456,851.642145369401,827.8251275943765,835.6528525934565,809.232431029948,862.7165341429387,866.4514039937367,909.6546396414649,857.6070653936915,872.1775365244159,488.90561283835115,501.39155298807304,480.00299960021096,473.846752260985,435.294478369223,664.8936049998616,687.3086707465704,663.837575330613,632.0190633504607,669.8295268003878,399.02078399894225,399.60289038598785,394.2727278629661,360.523566179437,399.3296926117148,343.85066847792154,335.6601711128191,322.3324714133768,314.1601354498268,321.14896453594525,222.36640484114673,216.8004492874768,228.70214101532423,248.59117449055032,202.95871479060617
4826.282279790255,4394.36548856367,4054.478980387636,1526.6530666268245,866.8551098945488,893.8761501492367,710.7510360009632,693.3477659142172,733.8985629978666,728.3895577826662,715.4156277516499,701.9996291590364,629.3918320926439,698.8840697887491,573.7272243499458,485.4886279196615,509.01566536278943,625.0762742891532,2134.5745542931245,2303.1001183148774,2720.1966341336015,2726.5982676590115,2503.7518405716028,2531.9778818774485,2498.244678878406,1777.6372147193044,1661.1104820845535,1652.398522124422,1648.8713631250816,1733.2860648710573,1589.6914531326106,1665.5710625564207,1588.4410002554368,1552.684084501333,1576.4467220358667,1682.9992909910768,1665.6065179388916,1620.1816026455235,1638.1031349662167,1616.2999334876517,1558.7893265407974,1539.6366986761846,1555.6567454477195,1538.9504106266468,1526.73135932187,1333.9717175957862,1259.455719658062,1316.6701139910829,1257.015768618412,1311.7097522737495,1425.0691994101894,1430.3635075022453,1453.8460229791747,1449.2386102195076,1374.7845176323906,994.0353013855453,997.9387641198228,1015.3860657028536,987.0687851736644,997.8630262664863,1027.9966061040095,1030.0812232823714,1042.2383000288955,1005.0597608733185,1008.3887829844138,602.3658590040407,599.5335232768796,554.2331453702631,589.1856125224442,545.3649938468366,788.7223225283943,793.5934861455512,779.3849479668684,801.1655071135833,771.4723048329766,513.1309735488084,470.14974819682953,477.0810211547911,503.7036080394072,452.3070765268616,387.07851352914673,414.7684228253279,386.81794644282616,374.7868743513165,412.21309371413577,258.43477841410447,269.31174190869257,271.4998020266363,281.0578730614436,270.15785498038974
4270.309478060729,3718.0073739742315,3475.252782023725,2840.838027904297,1388.6307352759363,1109.6863817602407,780.1075505036508,719.5218820975095,749.8944633408086,763.7109398356921,731.4370976419541,676.2213675392859,701.8541458154496,681.0303528595313,585.789615885125,516.0904439957679,532.4434216597317,590.3341784819709,2168.0285673941335,2065.5739182159004,2726.5982676590115,2741.3562250818873,2724.591201049932,2578.335278138156,2657.183214475563,1866.1767794712591,1781.398817679064,1720.5652731999608,1679.7325751253343,1743.4100640240458,1659.343017799078,1639.1972430466005,1584.1700909460774,1626.029624030157,1624.9182606354361,1696.406994228908,1711.4459803041163,1691.5208743765093,1692.6301348249863,1720.5795566692375,1582.6844804648224,1577.7753768735422,1626.0228219894275,1655.8711327355545,1604.621086184355,1338.5188587899734,1416.660987910101,1380.3245272499944,1346.0697501734726,1363.429202248194,1459.000808145434,1435.4530429134948,1462.6797664054639,1445.1324810322246,1415.4300726282736,1034.523108557646,1016.4686870265169,986.7796263889924,1058.7172605956507,1004.5084387531471,1054.472055095974,1013.2070765210822,1043.3821866112826,1072.7177478216897,1037.6643555274304,612.1513725493796,583.9249937907583,580.906310568221,623.8846693427733,539.2235479256505,813.0592356793326,798.7344837910657,792.6169983341864,793.9660202022567,779.2232964949549,484.0823585548112,500.2502930777381,495.2004883931168,466.3134816062299,483.0718566088424,401.19143052802025,385.37154583597095,357.6613114829363,358.73130436297805,380.75853807084246,274.5970392087719,249.05082957244446,275.8529222895223,283.7111702665904,277.90551900558427
3390.2267380137464,3064.86792718912,2920.8502806553183,2333.3539745264507,2319.54835132506,2127.024722861892,902.776304078109,752.5032469988864,712.9609984138649,785.4924345335651,754.2802489785652,674.8906110030248,692.0136788198424,721.4313025431886,598.4534603243046,508.81025654345444,555.6221439660172,648.4552549897535,2024.4947393104553,2137.3197377787883,2503.7518405716028,2724.591201049932,2789.457966570666,2796.9705778809703,2587.381245642061,1927.2618409877145,1831.3669461017125,1836.765757978283,1717.0418192301536,1769.430831336132,1631.418943092135,1750.483262298338,1654.7277790380408,1578.1790434660363,1637.7953414643773,1700.7387203789249,1710.9180928539417,1691.4837584144598,1684.2436149910889,1668.2219342177166,1592.2636629558897,1641.5033035381155,1599.6816544929984,1589.603523625096,1606.9709685086743,1352.4195988541242,1411.0029590345605,1365.5525825523894,1373.9347656816958,1390.0812961694373,1507.3831527749503,1431.7864944741832,1434.2198974447404,1471.462611738542,1457.893461264222,1068.311420001755,1072.8430976121135,1063.2098261480314,1011.7648438550723,1073.9598608491701,1072.4149830137344,1053.4657577694718,1045.6777535360043,1029.2554874317218,1056.2076069464483,612.651344003057,618.7827594210385,625.4480836720628,619.4880865883151,569.3087396218491,804.5567362631934,785.3743403683264,826.3082068926235,830.0212414170896,775.0618083413474,488.4409038022369,464.85789155096654,507.8301808576359,494.8798221142296,495.6097103665075,416.24805221051963,415.875185976042,430.58274457537095,384.500248222245,393.81675045340194,268.1224881377897,269.21754918064653,284.50880377715475,291.79027419021503,258.7971162569148
2537.24296469585,2332.4432307109655,2192.9435001890847,1822.4089073392179,1718.194528506595,4432.8861442784355,1408.3880885294293,821.3076655176685,737.4309795871518,811.1715121099887,751.7989843119724,691.6716171660074,712.812482000302,723.027520638619,599.8382757857596,493.95926179729986,561.0449214453865,609.7830356894225,2068.518841484904,2013.7551768671665,2531.9778818774485,2578.335278138156,2796.9705778809703,2780.0986160040657,2866.566671475163,1883.8773001556992,1941.641943463883,1799.8852864730216,1780.0770690864772,1720.6269770015938,1659.1366831556643,1727.8232530123726,1770.4226328084274,1667.8534295346203,1638.4332722127238,1728.4783469973745,1741.742913443279,1738.0323677008405,1770.4776955225188,1725.126741500287,1608.854195959442,1542.3126317103029,1642.8015337225756,1641.0480666166113,1602.665170853305,1395.6624098219704,1342.1218971090098,1414.8420984975276,1365.3830709882022,1396.6376005030738,1528.8530407613562,1454.2746756368051,1492.9266156338385,1468.3061433394253,1423.0829941431812,1045.3968171150566,1077.5875198027964,1049.4859497070897,1060.5922517733886,1063.4808402161457,1127.3830387585165,1054.3924928062206,1058.0589272518564,1039.599870115557,985.4453358545592,592.0748241058203,621.7065794351231,617.8415217725204,606.0457411377861,561.6316304204338,802.0251413603031,803.830314582164,819.0210820498849,811.8909731932097,787.2047486611017,500.58332144605845,484.8712182521638,475.03508210628905,484.57234867092285,468.39948699794786,404.77673452877644,428.4092433750505,420.9651537668058,394.49351212614215,388.0086444360373,283.0880404067671,285.1443556135448,286.5363628938968,290.4674810478632,282.6421685428196
