8040,7211,5870,4892,4574,5050,4344,4098,3878,4045,4092,3745,3605,3583,3165,2816,2783,3285,10159,6801,6617,6046,4990,4152,3949,4408,4289,4067,3907,3738,3756,3778,3641,3565,3625,3462,3511,3454,3502,3496,3306,3180,3193,3255,3197,3066,3040,3030,3038,3068,3178,3207,3148,3107,3103,2247,1724,1789,1685,1747,1591,1563,1651,1536,1491,879,794,850,830,743,1056,1016,1137,1390,1387,892,882,840,866,847,719,700,698,688,655,521,506,514,485,493
7211,5904,5151,4608,4417,4729,3998,3812,3620,3634,3790,3423,3229,3314,2949,2618,2529,3034,3153,6352,6006,5324,4659,3833,3742,4042,3911,3876,3498,3499,3339,3391,3447,3321,3234,3212,3232,3271,3256,3247,3114,2997,2903,3052,2981,2921,2900,2961,2899,2871,2902,2822,2998,2945,2919,2216,2143,1587,1583,1544,1436,1425,1441,1374,1325,795,772,762,721,683,918,914,1043,1211,1193,782,790,781,735,754,697,644,688,593,675,475,493,515,436,447
5870,5151,4840,4326,4085,4409,3643,3455,3437,3486,3624,3231,3110,3127,2746,2409,2424,2751,1683,2688,5543,5001,4379,3643,3460,3654,3636,3537,3153,3274,3252,3287,3169,3082,3220,3030,3017,2991,3039,3036,2837,2879,2807,2900,2879,2720,2705,2743,2610,2687,2840,2710,2717,2665,2636,2220,2188,2164,1447,1411,1367,1408,1229,1351,1248,712,714,726,704,656,836,857,967,1180,1115,757,694,732,757,694,641,629,636,562,579,433,441,464,403,447
4892,4608,4326,3912,3776,4198,3425,3286,3253,3274,3441,2912,2903,2931,2661,2355,2366,2657,1470,1630,2772,4463,3894,3264,3313,3518,3537,3483,3065,3072,3115,3089,3081,2986,2977,2832,2894,2909,2916,2822,2715,2702,2710,2721,2693,2545,2495,2509,2596,2575,2562,2571,2663,2542,2532,2087,2267,2319,2380,1405,1368,1274,1245,1202,1172,712,702,684,607,599,815,868,890,1101,1051,688,682,690,690,716,612,619,614,563,607,453,481,415,443,399
4574,4417,4085,3776,3880,4094,3492,3339,3201,3071,3435,2948,3001,2866,2561,2299,2375,2642,1403,1522,1878,2630,3811,3077,3102,3339,3303,3388,2908,3065,3043,2993,3072,2850,2897,2721,2896,2852,2856,2795,2728,2788,2658,2675,2715,2427,2435,2483,2411,2545,2589,2588,2569,2527,2574,2071,2187,2571,2888,3409,1489,1359,1386,1246,1263,702,701,655,654,633,792,818,872,1078,1049,644,732,705,664,708,572,627,559,584,547,460,420,385,423,393
5050,4729,4409,4198,4094,4508,4034,3517,3391,3343,3506,3034,2852,2993,2872,2381,2381,2775,1509,1505,1965,2303,3685,6661,4631,4380,3916,3597,3251,3093,3257,3231,3198,3048,3066,2927,2988,2859,3080,2990,2813,2819,2832,2727,2770,2540,2645,2645,2612,2523,2737,2624,2699,2608,2676,2166,2018,2065,2022,1938,1946,1405,1338,1326,1123,752,712,694,667,653,856,823,904,1153,1155,745,767,673,736,730,623,613,580,592,632,465,413,471,413,417
4344,3998,3643,3425,3492,4034,3342,3172,2980,3082,3210,2871,2695,2786,2490,2216,2116,2589,1321,1381,1654,1836,2003,2728,4114,3907,3530,3243,2890,2907,3043,3014,3017,2919,2791,2741,2739,2758,2761,2882,2541,2678,2524,2596,2582,2492,2416,2436,2372,2362,2458,2500,2558,2459,2481,1924,1912,1881,1798,1972,1972,1924,1293,1201,1190,751,661,676,628,619,819,771,830,1081,1088,690,723,670,666,612,588,577,555,517,517,411,412,393,399,355
4098,3812,3455,3286,3339,3517,3172,2938,3057,3126,3104,2786,2644,2618,2495,2202,2236,2580,1338,1320,1606,1675,1749,1886,2344,3705,3399,3098,2800,2829,2870,2823,2858,2827,2712,2692,2794,2622,2692,2694,2482,2545,2499,2592,2497,2318,2290,2469,2392,2359,2515,2572,2449,2382,2383,1868,1891,1851,1839,1895,1971,2204,2098,1258,1164,743,693,634,608,596,787,810,854,1019,1078,667,690,680,675,622,605,555,528,512,553,366,413,412,396,398
3878,3620,3437,3253,3201,3391,2980,3057,3026,3125,3185,2718,2726,2743,2553,2176,2216,2644,1371,1425,1690,1727,1652,1702,1870,2181,3177,3035,2783,2833,2879,2750,2903,2701,2691,2621,2566,2688,2635,2706,2497,2514,2684,2533,2614,2342,2387,2319,2344,2324,2442,2442,2490,2538,2265,1921,1885,1915,1878,1969,2088,2228,2448,2524,1277,771,756,670,629,580,787,780,863,1015,985,705,738,646,671,672,541,586,565,532,541,381,354,380,399,354
4045,3634,3486,3274,3071,3343,3082,3126,3125,3316,3295,3042,2944,2969,2657,2365,2309,2759,1349,1454,1701,1762,1821,1864,1875,1877,2228,3045,2730,2768,2840,2813,2891,2859,2743,2762,2774,2679,2750,2719,2573,2619,2673,2686,2641,2409,2482,2391,2349,2368,2483,2486,2530,2540,2480,1933,1957,1866,1859,1923,2192,2348,2666,3427,3839,960,974,863,750,727,893,810,924,1119,1057,735,721,697,732,673,613,602,544,570,525,406,430,393,411,356
4092,3790,3624,3441,3435,3506,3210,3104,3185,3295,3388,3043,2837,2843,2607,2202,2320,2720,1437,1396,1632,1689,1743,1751,1777,1740,2058,3084,5332,3759,3336,3151,3005,2784,2939,2775,2765,2803,2799,2675,2569,2537,2552,2586,2555,2365,2429,2467,2327,2511,2510,2506,2464,2497,2427,1955,1907,1899,1883,2018,1964,2021,2043,2070,2074,1274,794,769,697,671,760,856,893,1077,1055,709,696,688,693,679,566,606,554,587,543,363,424,403,401,388
3745,3423,3231,2912,2948,3034,2871,2786,2718,3042,3043,2756,2741,2693,2477,2194,2217,2563,1297,1359,1631,1583,1567,1621,1624,1598,1690,1794,2257,3494,3096,2869,2727,2552,2560,2629,2616,2620,2532,2556,2529,2520,2356,2480,2428,2225,2206,2365,2243,2183,2260,2378,2306,2349,2247,1862,1848,1710,1624,1820,1950,1884,1926,1886,2044,1372,1249,711,708,626,766,758,817,1056,957,663,642,686,657,639,548,527,533,552,535,335,410,352,349,377
3605,3229,3110,2903,3001,2852,2695,2644,2726,2944,2837,2741,2602,2679,2617,2167,2214,2387,1252,1287,1462,1634,1587,1657,1581,1560,1538,1613,1601,2004,2941,2726,2590,2475,2518,2517,2534,2535,2528,2479,2356,2436,2512,2405,2299,2256,2231,2310,2179,2218,2305,2404,2206,2346,2166,1762,1716,1764,1712,1736,1808,1978,1930,1974,2033,1425,1529,1412,660,699,774,792,819,1062,998,604,665,609,565,586,528,527,470,479,523,358,424,383,369,337
3583,3314,3127,2931,2866,2993,2786,2618,2743,2969,2843,2693,2679,2842,2907,2180,2262,2513,1250,1387,1615,1594,1671,1688,1649,1656,1610,1572,1632,1698,1977,2738,2582,2513,2563,2482,2588,2567,2560,2514,2527,2572,2431,2466,2477,2292,2266,2340,2194,2132,2371,2379,2352,2274,2371,1836,1902,1655,1678,1787,1879,1875,1951,1989,2011,1390,1584,1781,1880,768,872,843,849,1090,1050,678,705,630,638,624,558,516,528,546,490,392,384,338,390,352
3165,2949,2746,2661,2561,2872,2490,2495,2553,2657,2607,2477,2617,2907,2600,1934,2102,2355,1025,1087,1382,1376,1429,1433,1406,1235,1269,1297,1229,1327,1421,1519,1678,1731,1770,1696,1773,1734,1780,1762,1757,1718,1714,1731,1630,1559,1567,1585,1582,1581,1704,1635,1635,1629,1667,1259,1325,1299,1220,1336,1337,1358,1269,1389,1371,1005,1033,1270,1670,1666,777,762,801,856,804,538,556,498,470,497,401,388,367,402,409,289,291,275,281,266
2816,2618,2409,2355,2299,2381,2216,2202,2176,2365,2202,2194,2167,2180,1934,1714,1755,2125,1012,1019,1162,1215,1215,1178,1213,1101,1123,1087,1133,1072,1158,1267,1523,1958,1726,1557,1587,1580,1543,1541,1490,1485,1499,1561,1544,1398,1427,1343,1449,1439,1580,1482,1481,1465,1499,1163,1127,1110,1125,1073,1096,1098,1089,1092,1041,654,549,657,615,675,1212,613,590,792,725,493,464,459,464,415,365,363,372,389,342,266,284,262,261,227
2783,2529,2424,2366,2375,2381,2116,2236,2216,2309,2320,2217,2214,2262,2102,1755,2008,2611,991,1038,1222,1275,1329,1307,1325,1185,1161,1189,1160,1147,1183,1206,1205,1406,1656,1500,1588,1556,1615,1671,1576,1547,1581,1514,1574,1440,1440,1488,1510,1413,1533,1562,1540,1503,1551,1194,1184,1248,1191,1074,1122,1082,1141,1092,1061,645,606,669,638,815,1611,1605,734,860,810,572,531,466,465,534,418,436,358,384,354,284,309,288,282,288
3285,3034,2751,2657,2642,2775,2589,2580,2644,2759,2720,2563,2387,2513,2355,2125,2611,3382,1180,1214,1424,1380,1497,1437,1483,1330,1313,1325,1329,1372,1369,1378,1359,1330,1521,1701,1649,1666,1808,1764,1694,1675,1690,1768,1801,1644,1527,1629,1589,1706,1642,1730,1685,1663,1622,1344,1325,1270,1279,1264,1237,1264,1205,1238,1160,703,733,753,722,959,1940,2479,2818,1182,1099,771,663,654,583,562,478,489,451,466,439,324,337,294,278,311
10159,3153,1683,1470,1403,1509,1321,1338,1371,1349,1437,1297,1252,1250,1025,1012,991,1180,4832,4633,4888,4919,4600,4776,4447,3154,3147,3117,3005,3077,3028,3083,3061,2930,2995,3105,3062,3161,3119,3093,2966,2879,2977,3001,2904,2515,2452,2538,2437,2523,2668,2682,2715,2744,2651,1868,1856,1834,1823,1776,1826,1727,1696,1689,1728,967,980,933,903,973,1275,1325,1352,1251,1243,847,786,794,801,799,634,637,608,575,588,467,483,419,486,400
6801,6352,2688,1630,1522,1505,1381,1320,1425,1454,1396,1359,1287,1387,1087,1019,1038,1214,4633,4610,5343,4820,5022,4673,4715,3176,3229,3267,3263,3147,3161,3165,3124,3208,3066,3210,3245,3212,3259,3216,3108,2944,2899,3022,3029,2583,2614,2661,2566,2598,2678,2744,2743,2748,2725,1943,1960,1883,1910,1857,1854,1871,1908,1831,1812,989,1041,1006,984,929,1334,1366,1337,1305,1341,787,812,803,746,793,682,681,659,620,635,440,439,470,496,411
6617,6006,5543,2772,1878,1965,1654,1606,1690,1701,1632,1631,1462,1615,1382,1162,1222,1424,4888,5343,6316,6387,5840,5932,5747,4050,3779,3785,3728,3929,3729,3871,3681,3611,3683,3895,3878,3766,3824,3798,3626,3591,3631,3604,3563,3127,2964,3083,2936,3076,3195,3283,3295,3275,3171,2239,2283,2332,2260,2287,2197,2196,2231,2160,2144,1235,1251,1155,1226,1157,1625,1622,1567,1613,1586,1034,955,944,1017,938,790,849,797,760,828,531,540,544,567,553
6046,5324,5001,4463,2630,2303,1836,1675,1727,1762,1689,1583,1634,1594,1376,1215,1275,1380,4919,4820,6387,6370,6398,6054,6104,4248,4065,3962,3864,4016,3883,3860,3718,3776,3798,3953,3988,3930,3925,3968,3693,3683,3801,3845,3773,3137,3298,3218,3166,3196,3334,3295,3337,3308,3223,2344,2362,2291,2409,2311,2268,2162,2274,2319,2233,1294,1220,1202,1298,1141,1669,1584,1643,1621,1606,985,1004,977,955,978,808,769,741,726,792,552,500,570,583,564
4990,4659,4379,3894,3811,3685,2003,1749,1652,1821,1743,1567,1587,1671,1429,1215,1329,1497,4600,5022,5840,6398,6510,6524,5976,4418,4153,4216,3972,4062,3820,4067,3845,3696,3824,3992,3980,3945,3961,3893,3737,3819,3736,3715,3764,3178,3274,3186,3188,3243,3448,3294,3275,3370,3333,2435,2458,2447,2299,2425,2340,2280,2271,2243,2309,1291,1301,1312,1277,1209,1653,1639,1703,1678,1586,997,979,1016,1006,1014,842,841,862,799,818,537,572,580,598,535
4152,3833,3643,3264,3077,6661,2728,1886,1702,1864,1751,1621,1657,1688,1433,1178,1307,1437,4776,4673,5932,6054,6524,6564,6622,4358,4467,4159,4104,3983,3922,4026,4140,3914,3838,4024,4041,4065,4127,4037,3773,3624,3836,3857,3771,3285,3171,3321,3198,3274,3497,3354,3447,3363,3269,2418,2480,2422,2433,2456,2441,2316,2323,2285,2178,1272,1317,1324,1298,1204,1666,1686,1675,1704,1679,1062,1027,996,1022,952,838,869,874,822,800,589,593,585,602,568
3949,3742,3460,3313,3102,4631,4114,2344,1870,1875,1777,1624,1581,1649,1406,1213,1325,1483,4447,4715,5747,6104,5976,6622,6452,5041,4489,4661,4196,4232,4031,3984,3999,4036,3827,4099,4191,4127,4043,3943,3797,3835,3788,3871,3802,3252,3204,3312,3307,3230,3461,3446,3465,3591,3458,2444,2408,2464,2381,2508,2444,2275,2288,2270,2218,1309,1282,1327,1324,1257,1794,1645,1670,1768,1733,1008,1098,988,1012,1008,842,835,836,841,808,639,605,607,637,570
4408,4042,3654,3518,3339,4380,3907,3705,2181,1877,1740,1598,1560,1656,1235,1101,1185,1330,3154,3176,4050,4248,4418,4358,5041,5220,5319,4890,4837,4503,4579,4207,4168,4147,4165,3645,3698,3725,3703,3686,3257,3504,3444,3499,3399,3463,3438,3369,3406,3462,3595,3591,3591,3674,3531,2742,2723,2616,2699,2615,2465,2520,2528,2546,2492,1412,1344,1365,1347,1296,1760,1763,1747,1780,1778,1138,1140,1033,1131,1058,894,891,902,855,864,596,604,615,610,597
4289,3911,3636,3537,3303,3916,3530,3399,3177,2228,2058,1690,1538,1610,1269,1123,1161,1313,3147,3229,3779,4065,4153,4467,4489,5319,5190,5328,4753,4802,4594,4496,4162,4312,4065,3701,3700,3770,3776,3848,3484,3393,3520,3369,3546,3573,3502,3410,3394,3488,3754,3757,3744,3594,3600,2706,2658,2644,2607,2651,2575,2563,2567,2485,2508,1489,1433,1393,1376,1356,1758,1808,1842,1810,1777,1089,1110,1061,1082,1079,891,857,888,818,884,612,624,598,612,605
4067,3876,3537,3483,3388,3597,3243,3098,3035,3045,3084,1794,1613,1572,1297,1087,1189,1325,3117,3267,3785,3962,4216,4159,4661,4890,5328,5390,5298,4856,4815,4551,4673,4229,4274,3805,3990,3740,3827,3787,3582,3622,3471,3570,3481,3480,3541,3574,3471,3458,3555,3708,3654,3728,3689,2716,2688,2698,2674,2715,2614,2651,2634,2551,2576,1447,1459,1340,1376,1371,1864,1849,1751,1838,1768,1124,1196,1068,1101,1049,918,843,891,855,903,617,615,656,633,596
3907,3498,3153,3065,2908,3251,2890,2800,2783,2730,5332,2257,1601,1632,1229,1133,1160,1329,3005,3263,3728,3864,3972,4104,4196,4837,4753,5298,5334,5398,4881,4823,4646,4502,4208,3754,3904,3954,3807,3713,3553,3493,3511,3420,3382,3450,3503,3501,3549,3403,3683,3691,3621,3668,3622,2734,2703,2712,2682,2685,2626,2542,2613,2636,2527,1478,1429,1395,1356,1357,1758,1815,1811,1787,1777,1163,1147,1117,1117,1078,892,916,919,947,860,612,636,625,646,623
3738,3499,3274,3072,3065,3093,2907,2829,2833,2768,3759,3494,2004,1698,1327,1072,1147,1372,3077,3147,3929,4016,4062,3983,4232,4503,4802,4856,5398,5620,5574,5005,4999,4604,4618,4002,3775,3822,3890,3793,3562,3511,3533,3644,3540,3545,3486,3490,3526,3442,3698,3751,3803,3603,3661,2849,2793,2725,2639,2683,2578,2586,2475,2534,2571,1431,1402,1411,1398,1359,1873,1745,1920,1809,1780,1161,1138,1128,1120,1100,921,905,909,900,872,649,629,646,623,620
3756,3339,3252,3115,3043,3257,3043,2870,2879,2840,3336,3096,2941,1977,1421,1158,1183,1369,3028,3161,3729,3883,3820,3922,4031,4579,4594,4815,4881,5574,5718,5570,4971,4946,4619,4179,3917,4006,3901,3909,3635,3591,3620,3620,3556,3577,3518,3523,3451,3619,3714,3750,3630,3688,3684,2774,2819,2700,2750,2724,2720,2684,2602,2622,2579,1462,1467,1375,1419,1362,1855,1931,1838,1787,1822,1185,1130,1061,1166,1035,932,949,942,866,874,667,665,649,651,629
3778,3391,3287,3089,2993,3231,3014,2823,2750,2813,3151,2869,2726,2738,1519,1267,1206,1378,3083,3165,3871,3860,4067,4026,3984,4207,4496,4551,4823,5005,5570,5622,5451,5071,4861,4239,4209,4141,3914,3945,3697,3632,3654,3635,3637,3595,3521,3528,3575,3504,3771,3736,3680,3751,3734,2797,2769,2786,2707,2761,2638,2572,2675,2597,2615,1471,1446,1362,1475,1374,1913,1893,1840,1839,1889,1161,1169,1122,1098,1094,909,926,902,921,863,621,608,580,641,619
3641,3447,3169,3081,3072,3198,3017,2858,2903,2891,3005,2727,2590,2582,1678,1523,1205,1359,3061,3124,3681,3718,3845,4140,3999,4168,4162,4673,4646,4999,4971,5451,5612,5578,5096,4569,4220,4193,3973,3972,3760,3678,3542,3514,3628,3651,3616,3540,3627,3522,3777,3782,3725,3635,3677,2841,2786,2873,2780,2795,2654,2647,2683,2596,2572,1497,1468,1476,1410,1391,1867,1892,1890,1849,1810,1179,1173,1091,1128,1061,907,908,912,934,915,611,604,638,598,615
3565,3321,3082,2986,2850,3048,2919,2827,2701,2859,2784,2552,2475,2513,1731,1958,1406,1330,2930,3208,3611,3776,3696,3914,4036,4147,4312,4229,4502,4604,4946,5071,5578,5492,5578,4540,4684,4337,4324,3972,3821,3786,3728,3589,3653,3707,3694,3665,3533,3637,3862,3778,3742,3662,3667,2856,2710,2788,2801,2708,2768,2696,2676,2622,2539,1541,1438,1519,1385,1421,1893,1782,1835,1881,1852,1168,1151,1114,1144,1123,912,940,938,987,905,590,647,666,629,626
3625,3234,3220,2977,2897,3066,2791,2712,2691,2743,2939,2560,2518,2563,1770,1726,1656,1521,2995,3066,3683,3798,3824,3838,3827,4165,4065,4274,4208,4618,4619,4861,5096,5578,5528,5099,4653,4657,4256,4285,3747,3730,3775,3884,3695,3652,3604,3641,3560,3577,3705,3814,3688,3857,3776,2870,2787,2778,2727,2739,2672,2671,2643,2685,2599,1520,1463,1426,1479,1357,1887,1846,1893,1937,1824,1134,1087,1094,1105,1107,993,964,915,917,919,649,655,644,665,593
3462,3212,3030,2832,2721,2927,2741,2692,2621,2762,2775,2629,2517,2482,1696,1557,1500,1701,3105,3210,3895,3953,3992,4024,4099,3645,3701,3805,3754,4002,4179,4239,4569,4540,5099,5308,5079,4507,4435,4187,4030,3617,3540,3681,3557,3316,3292,3227,3188,3231,3445,3333,3408,3249,3327,2732,2708,2649,2618,2648,2528,2590,2566,2468,2461,1453,1406,1374,1304,1312,1721,1809,1777,1748,1761,1113,1129,1042,1044,1054,890,829,895,894,819,548,612,631,626,615
3511,3232,3017,2894,2896,2988,2739,2794,2566,2774,2765,2616,2534,2588,1773,1587,1588,1649,3062,3245,3878,3988,3980,4041,4191,3698,3700,3990,3904,3775,3917,4209,4220,4684,4653,5079,5028,5045,4508,4594,3998,3954,3620,3445,3573,3393,3265,3341,3206,3278,3413,3333,3373,3479,3316,2635,2656,2591,2610,2655,2670,2505,2561,2414,2430,1418,1468,1376,1363,1349,1800,1810,1798,1778,1740,1109,1093,1030,1051,1045,891,880,830,815,849,624,634,606,600,562
3454,3271,2991,2909,2852,2859,2758,2622,2688,2679,2803,2620,2535,2567,1734,1580,1556,1666,3161,3212,3766,3930,3945,4065,4127,3725,3770,3740,3954,3822,4006,4141,4193,4337,4657,4507,5045,5068,5010,4627,4300,3764,3904,3700,3618,3441,3388,3337,3232,3300,3461,3375,3427,3420,3434,2634,2730,2664,2724,2586,2499,2494,2512,2516,2443,1441,1427,1412,1392,1367,1804,1856,1775,1808,1811,1142,1045,1059,1039,1067,878,881,950,836,873,651,631,605,667,578
3502,3256,3039,2916,2856,3080,2761,2692,2635,2750,2799,2532,2528,2560,1780,1543,1615,1808,3119,3259,3824,3925,3961,4127,4043,3703,3776,3827,3807,3890,3901,3914,3973,4324,4256,4435,4508,5010,5110,5191,4223,4245,4006,3955,3487,3454,3470,3456,3215,3455,3407,3542,3358,3361,3315,2722,2756,2629,2580,2612,2564,2430,2451,2516,2398,1415,1411,1449,1425,1331,1747,1782,1842,1784,1740,1150,1197,1084,1038,999,926,902,930,896,905,637,692,623,597,589
3496,3247,3036,2822,2795,2990,2882,2694,2706,2719,2675,2556,2479,2514,1762,1541,1671,1764,3093,3216,3798,3968,3893,4037,3943,3686,3848,3787,3713,3793,3909,3945,3972,3972,4285,4187,4594,4627,5191,4924,4752,4172,4202,3930,3875,3380,3389,3351,3341,3234,3441,3473,3437,3460,3354,2809,2764,2729,2679,2718,2551,2443,2597,2517,2506,1480,1407,1360,1393,1298,1883,1778,1840,1751,1749,1142,1095,1130,1051,1090,869,868,873,850,853,600,677,614,582,595
3306,3114,2837,2715,2728,2813,2541,2482,2497,2573,2569,2529,2356,2527,1757,1490,1576,1694,2966,3108,3626,3693,3737,3773,3797,3257,3484,3582,3553,3562,3635,3697,3760,3821,3747,4030,3998,4300,4223,4752,4634,4731,4079,4099,3740,3435,3350,3233,3271,3354,3205,3258,3242,3229,3355,2684,2587,2522,2495,2565,2471,2404,2416,2414,2331,1319,1407,1352,1278,1262,1706,1620,1715,1709,1690,1134,1027,1043,1062,980,807,880,845,838,771,593,572,625,573,585
3180,2997,2879,2702,2788,2819,2678,2545,2514,2619,2537,2520,2436,2572,1718,1485,1547,1675,2879,2944,3591,3683,3819,3624,3835,3504,3393,3622,3493,3511,3591,3632,3678,3786,3730,3617,3954,3764,4245,4172,4731,4664,4514,4082,4139,3588,3506,3233,3299,3255,3392,3198,3386,3297,3197,2670,2526,2531,2501,2464,2438,2436,2366,2356,2410,1393,1401,1398,1307,1305,1749,1723,1740,1700,1722,1112,1055,1140,1069,1072,867,820,836,852,830,600,564,597,585,599
3193,2903,2807,2710,2658,2832,2524,2499,2684,2673,2552,2356,2512,2431,1714,1499,1581,1690,2977,2899,3631,3801,3736,3836,3788,3444,3520,3471,3511,3533,3620,3654,3542,3728,3775,3540,3620,3904,4006,4202,4079,4514,4492,4620,4035,3865,3634,3678,3227,3289,3356,3382,3380,3234,3148,2609,2669,2468,2435,2493,2524,2524,2482,2460,2327,1349,1291,1316,1255,1293,1694,1731,1659,1741,1756,1006,1025,998,954,1006,866,849,853,873,829,589,618,594,559,532
3255,3052,2900,2721,2675,2727,2596,2592,2533,2686,2586,2480,2405,2466,1731,1561,1514,1768,3001,3022,3604,3845,3715,3857,3871,3499,3369,3570,3420,3644,3620,3635,3514,3589,3884,3681,3445,3700,3955,3930,4099,4082,4620,4856,4633,3851,3889,3523,3499,3260,3353,3507,3373,3308,3179,2681,2572,2598,2531,2480,2390,2410,2373,2421,2320,1360,1303,1338,1309,1356,1738,1729,1729,1713,1675,1065,1093,1042,1082,1046,853,858,801,823,901,592,614,606,548,558
3197,2981,2879,2693,2715,2770,2582,2497,2614,2641,2555,2428,2299,2477,1630,1544,1574,1801,2904,3029,3563,3773,3764,3771,3802,3399,3546,3481,3382,3540,3556,3637,3628,3653,3695,3557,3573,3618,3487,3875,3740,4139,4035,4633,4518,4401,3753,3906,3565,3468,3460,3503,3382,3351,3316,2592,2618,2658,2474,2440,2461,2395,2420,2471,2391,1392,1335,1351,1272,1297,1723,1703,1699,1667,1691,1113,1056,1030,1001,1000,880,883,890,820,827,600,674,588,579,593
3066,2921,2720,2545,2427,2540,2492,2318,2342,2409,2365,2225,2256,2292,1559,1398,1440,1644,2515,2583,3127,3137,3178,3285,3252,3463,3573,3480,3450,3545,3577,3595,3651,3707,3652,3316,3393,3441,3454,3380,3435,3588,3865,3851,4401,4474,4283,3841,3816,3418,3502,3265,3429,3283,3338,2546,2417,2465,2526,2499,2390,2229,2281,2261,2233,1342,1368,1255,1262,1291,1697,1737,1728,1653,1760,1110,1096,1041,1080,1072,897,899,888,843,876,628,611,606,554,602
3040,2900,2705,2495,2435,2645,2416,2290,2387,2482,2429,2206,2231,2266,1567,1427,1440,1527,2452,2614,2964,3298,3274,3171,3204,3438,3502,3541,3503,3486,3518,3521,3616,3694,3604,3292,3265,3388,3470,3389,3350,3506,3634,3889,3753,4283,4222,4395,3757,3856,3570,3631,3348,3360,3251,2657,2490,2465,2487,2427,2478,2293,2211,2346,2249,1413,1330,1346,1320,1287,1759,1736,1740,1754,1721,1145,1074,1087,991,1035,896,866,842,836,841,610,590,660,582,535
3030,2961,2743,2509,2483,2645,2436,2469,2319,2391,2467,2365,2310,2340,1585,1343,1488,1629,2538,2661,3083,3218,3186,3321,3312,3369,3410,3574,3501,3490,3523,3528,3540,3665,3641,3227,3341,3337,3456,3351,3233,3233,3678,3523,3906,3841,4395,4270,4284,3711,4075,3651,3637,3340,3301,2572,2622,2524,2450,2552,2393,2303,2398,2306,2209,1401,1422,1375,1313,1267,1674,1718,1776,1645,1664,1120,1079,1041,1086,1021,911,877,895,839,847,609,601,612,639,565
3038,2899,2610,2596,2411,2612,2372,2392,2344,2349,2327,2243,2179,2194,1582,1449,1510,1589,2437,2566,2936,3166,3188,3198,3307,3406,3394,3471,3549,3526,3451,3575,3627,3533,3560,3188,3206,3232,3215,3341,3271,3299,3227,3499,3565,3816,3757,4284,4352,4326,4029,3939,3641,3548,3268,2642,2586,2627,2439,2499,2327,2286,2328,2276,2106,1354,1427,1358,1295,1290,1738,1727,1713,1774,1708,1062,1059,1073,1049,995,892,871,831,843,859,584,639,637,579,578
3068,2871,2687,2575,2545,2523,2362,2359,2324,2368,2511,2183,2218,2132,1581,1439,1413,1706,2523,2598,3076,3196,3243,3274,3230,3462,3488,3458,3403,3442,3619,3504,3522,3637,3577,3231,3278,3300,3455,3234,3354,3255,3289,3260,3468,3418,3856,3711,4326,4196,4574,3997,4096,3524,3610,2664,2534,2479,2517,2488,2414,2370,2257,2269,2291,1364,1357,1342,1335,1277,1725,1730,1719,1691,1661,1129,1030,1048,1073,1008,882,855,833,817,840,583,605,632,604,565
3178,2902,2840,2562,2589,2737,2458,2515,2442,2483,2510,2260,2305,2371,1704,1580,1533,1642,2668,2678,3195,3334,3448,3497,3461,3595,3754,3555,3683,3698,3714,3771,3777,3862,3705,3445,3413,3461,3407,3441,3205,3392,3356,3353,3460,3502,3570,4075,4029,4574,4806,4725,4250,4056,3737,3084,2764,2819,2728,2720,2548,2418,2503,2403,2309,1494,1442,1481,1396,1421,1962,1741,1806,1729,1812,1177,1088,1086,1115,1054,935,953,887,931,901,667,657,589,669,620
3207,2822,2710,2571,2588,2624,2500,2572,2442,2486,2506,2378,2404,2379,1635,1482,1562,1730,2682,2744,3283,3295,3294,3354,3446,3591,3757,3708,3691,3751,3750,3736,3782,3778,3814,3333,3333,3375,3542,3473,3258,3198,3382,3507,3503,3265,3631,3651,3939,3997,4725,4782,4795,4190,4266,3077,3100,2668,2757,2738,2627,2486,2514,2427,2363,1545,1401,1386,1461,1432,1826,1880,1801,1860,1797,1138,1131,1056,1087,1074,864,898,907,862,885,611,635,648,592,608
3148,2998,2717,2663,2569,2699,2558,2449,2490,2530,2464,2306,2206,2352,1635,1481,1540,1685,2715,2743,3295,3337,3275,3447,3465,3591,3744,3654,3621,3803,3630,3680,3725,3742,3688,3408,3373,3427,3358,3437,3242,3386,3380,3373,3382,3429,3348,3637,3641,4096,4250,4795,4684,4613,4131,3523,3140,2981,2697,2731,2633,2672,2490,2339,2443,1468,1455,1431,1434,1399,1850,1773,1892,1833,1715,1190,1175,1134,1078,1081,946,897,908,848,819,628,622,647,647,638
3107,2945,2665,2542,2527,2608,2459,2382,2538,2540,2497,2349,2346,2274,1629,1465,1503,1663,2744,2748,3275,3308,3370,3363,3591,3674,3594,3728,3668,3603,3688,3751,3635,3662,3857,3249,3479,3420,3361,3460,3229,3297,3234,3308,3351,3283,3360,3340,3548,3524,4056,4190,4613,4664,4768,3424,3407,3039,2954,2742,2633,2592,2551,2355,2377,1457,1469,1469,1351,1381,1853,1853,1824,1860,1738,1150,1154,1126,1071,1035,885,894,850,924,852,614,631,617,599,667
3103,2919,2636,2532,2574,2676,2481,2383,2265,2480,2427,2247,2166,2371,1667,1499,1551,1622,2651,2725,3171,3223,3333,3269,3458,3531,3600,3689,3622,3661,3684,3734,3677,3667,3776,3327,3316,3434,3315,3354,3355,3197,3148,3179,3316,3338,3251,3301,3268,3610,3737,4266,4131,4768,4684,3781,3306,3435,3010,3076,2540,2622,2571,2515,2432,1479,1536,1467,1500,1413,1871,1797,1916,1894,1782,1103,1131,1104,1043,1117,915,892,883,892,926,581,663,625,595,645
2247,2216,2220,2087,2071,2166,1924,1868,1921,1933,1955,1862,1762,1836,1259,1163,1194,1344,1868,1943,2239,2344,2435,2418,2444,2742,2706,2716,2734,2849,2774,2797,2841,2856,2870,2732,2635,2634,2722,2809,2684,2670,2609,2681,2592,2546,2657,2572,2642,2664,3084,3077,3523,3424,3781,3168,3236,2710,2772,2454,2415,2104,2125,2079,2119,1245,1258,1181,1181,1179,1495,1579,1489,1526,1465,944,915,907,856,895,771,771,707,733,702,496,501,525,506,512
1724,2143,2188,2267,2187,2018,1912,1891,1885,1957,1907,1848,1716,1902,1325,1127,1184,1325,1856,1960,2283,2362,2458,2480,2408,2723,2658,2688,2703,2793,2819,2769,2786,2710,2787,2708,2656,2730,2756,2764,2587,2526,2669,2572,2618,2417,2490,2622,2586,2534,2764,3100,3140,3407,3306,3236,3158,3240,2698,2723,2318,2321,2127,2144,2089,1312,1282,1201,1099,1202,1591,1583,1565,1496,1428,957,890,924,888,841,750,758,727,681,724,503,526,502,524,506
1789,1587,2164,2319,2571,2065,1881,1851,1915,1866,1899,1710,1764,1655,1299,1110,1248,1270,1834,1883,2332,2291,2447,2422,2464,2616,2644,2698,2712,2725,2700,2786,2873,2788,2778,2649,2591,2664,2629,2729,2522,2531,2468,2598,2658,2465,2465,2524,2627,2479,2819,2668,2981,3039,3435,2710,3240,3142,3241,2589,2591,2280,2324,2132,2011,1368,1273,1161,1123,1122,1474,1514,1449,1511,1488,948,984,926,896,875,698,707,693,675,711,552,511,489,503,532
1685,1583,1447,2380,2888,2022,1798,1839,1878,1859,1883,1624,1712,1678,1220,1125,1191,1279,1823,1910,2260,2409,2299,2433,2381,2699,2607,2674,2682,2639,2750,2707,2780,2801,2727,2618,2610,2724,2580,2679,2495,2501,2435,2531,2474,2526,2487,2450,2439,2517,2728,2757,2697,2954,3010,2772,2698,3241,3238,3152,2586,2630,2382,2310,2084,1379,1315,1260,1219,1138,1470,1541,1533,1450,1408,945,970,913,871,864,700,730,729,735,705,511,485,537,524,494
1747,1544,1411,1405,3409,1938,1972,1895,1969,1923,2018,1820,1736,1787,1336,1073,1074,1264,1776,1857,2287,2311,2425,2456,2508,2615,2651,2715,2685,2683,2724,2761,2795,2708,2739,2648,2655,2586,2612,2718,2565,2464,2493,2480,2440,2499,2427,2552,2499,2488,2720,2738,2731,2742,3076,2454,2723,2589,3152,3248,2989,2607,2646,2377,2322,1368,1288,1248,1276,1173,1461,1532,1534,1519,1501,960,938,906,889,854,771,704,731,688,726,539,557,540,522,476
1591,1436,1367,1368,1489,1946,1972,1971,2088,2192,1964,1950,1808,1879,1337,1096,1122,1237,1826,1854,2197,2268,2340,2441,2444,2465,2575,2614,2626,2578,2720,2638,2654,2768,2672,2528,2670,2499,2564,2551,2471,2438,2524,2390,2461,2390,2478,2393,2327,2414,2548,2627,2633,2633,2540,2415,2318,2591,2586,2989,2904,2956,2532,2503,2185,1535,1281,1319,1258,1264,1425,1457,1540,1510,1439,923,908,885,873,924,723,718,667,675,689,480,482,495,472,452
1563,1425,1408,1274,1359,1405,1924,2204,2228,2348,2021,1884,1978,1875,1358,1098,1082,1264,1727,1871,2196,2162,2280,2316,2275,2520,2563,2651,2542,2586,2684,2572,2647,2696,2671,2590,2505,2494,2430,2443,2404,2436,2524,2410,2395,2229,2293,2303,2286,2370,2418,2486,2672,2592,2622,2104,2321,2280,2630,2607,2956,2850,2925,2455,2372,1461,1482,1237,1241,1135,1579,1472,1456,1428,1394,969,888,876,868,831,716,770,705,697,699,486,487,484,483,466
1651,1441,1229,1245,1386,1338,1293,2098,2448,2666,2043,1926,1930,1951,1269,1089,1141,1205,1696,1908,2231,2274,2271,2323,2288,2528,2567,2634,2613,2475,2602,2675,2683,2676,2643,2566,2561,2512,2451,2597,2416,2366,2482,2373,2420,2281,2211,2398,2328,2257,2503,2514,2490,2551,2571,2125,2127,2324,2382,2646,2532,2925,2860,2885,2433,1768,1441,1460,1216,1246,1530,1550,1510,1384,1440,944,924,806,881,821,739,726,762,684,658,507,499,504,483,453
1536,1374,1351,1202,1246,1326,1201,1258,2524,3427,2070,1886,1974,1989,1389,1092,1092,1238,1689,1831,2160,2319,2243,2285,2270,2546,2485,2551,2636,2534,2622,2597,2596,2622,2685,2468,2414,2516,2516,2517,2414,2356,2460,2421,2471,2261,2346,2306,2276,2269,2403,2427,2339,2355,2515,2079,2144,2132,2310,2377,2503,2455,2885,2716,2766,1659,1637,1452,1407,1134,1589,1468,1584,1414,1459,922,916,856,893,841,748,728,733,721,664,456,454,476,482,426
1491,1325,1248,1172,1263,1123,1190,1164,1277,3839,2074,2044,2033,2011,1371,1041,1061,1160,1728,1812,2144,2233,2309,2178,2218,2492,2508,2576,2527,2571,2579,2615,2572,2539,2599,2461,2430,2443,2398,2506,2331,2410,2327,2320,2391,2233,2249,2209,2106,2291,2309,2363,2443,2377,2432,2119,2089,2011,2084,2322,2185,2372,2433,2766,2750,1889,1673,1620,1393,1383,1475,1492,1546,1582,1413,928,880,927,869,826,690,650,623,718,666,485,487,491,435,437
879,795,712,712,702,752,751,743,771,960,1274,1372,1425,1390,1005,654,645,703,967,989,1235,1294,1291,1272,1309,1412,1489,1447,1478,1431,1462,1471,1497,1541,1520,1453,1418,1441,1415,1480,1319,1393,1349,1360,1392,1342,1413,1401,1354,1364,1494,1545,1468,1457,1479,1245,1312,1368,1379,1368,1535,1461,1768,1659,1889,1206,1198,1003,1084,843,1096,954,1011,995,971,596,626,627,578,577,440,476,438,463,438,319,313,296,309,300
794,772,714,702,701,712,661,693,756,974,794,1249,1529,1584,1033,549,606,733,980,1041,1251,1220,1301,1317,1282,1344,1433,1459,1429,1402,1467,1446,1468,1438,1463,1406,1468,1427,1411,1407,1407,1401,1291,1303,1335,1368,1330,1422,1427,1357,1442,1401,1455,1469,1536,1258,1282,1273,1315,1288,1281,1482,1441,1637,1673,1198,1062,1210,999,999,1057,1142,973,972,962,566,614,586,523,573,499,422,488,461,431,324,305,312,299,273
850,762,726,684,655,694,676,634,670,863,769,711,1412,1781,1270,657,669,753,933,1006,1155,1202,1312,1324,1327,1365,1393,1340,1395,1411,1375,1362,1476,1519,1426,1374,1376,1412,1449,1360,1352,1398,1316,1338,1351,1255,1346,1375,1358,1342,1481,1386,1431,1469,1467,1181,1201,1161,1260,1248,1319,1237,1460,1452,1620,1003,1210,1200,1112,908,1154,1074,1072,956,1002,650,634,563,536,482,456,470,430,422,398,280,325,324,301,310
830,721,704,607,654,667,628,608,629,750,697,708,660,1880,1670,615,638,722,903,984,1226,1298,1277,1298,1324,1347,1376,1376,1356,1398,1419,1475,1410,1385,1479,1304,1363,1392,1425,1393,1278,1307,1255,1309,1272,1262,1320,1313,1295,1335,1396,1461,1434,1351,1500,1181,1099,1123,1219,1276,1258,1241,1216,1407,1393,1084,999,1112,1148,1184,1165,1219,1084,1077,940,670,594,601,516,498,486,446,434,437,399,333,313,307,280,292
743,683,656,599,633,653,619,596,580,727,671,626,699,768,1666,675,815,959,973,929,1157,1141,1209,1204,1257,1296,1356,1371,1357,1359,1362,1374,1391,1421,1357,1312,1349,1367,1331,1298,1262,1305,1293,1356,1297,1291,1287,1267,1290,1277,1421,1432,1399,1381,1413,1179,1202,1122,1138,1173,1264,1135,1246,1134,1383,843,999,908,1184,1146,1414,1179,1220,1068,984,599,584,601,597,545,436,430,474,448,423,340,300,315,298,267
1056,918,836,815,792,856,819,787,787,893,760,766,774,872,777,1212,1611,1940,1275,1334,1625,1669,1653,1666,1794,1760,1758,1864,1758,1873,1855,1913,1867,1893,1887,1721,1800,1804,1747,1883,1706,1749,1694,1738,1723,1697,1759,1674,1738,1725,1962,1826,1850,1853,1871,1495,1591,1474,1470,1461,1425,1579,1530,1589,1475,1096,1057,1154,1165,1414,1868,1720,1639,1642,1425,986,795,779,778,784,612,634,620,600,577,412,399,430,424,373
1016,914,857,868,818,823,771,810,780,810,856,758,792,843,762,613,1605,2479,1325,1366,1622,1584,1639,1686,1645,1763,1808,1849,1815,1745,1931,1893,1892,1782,1846,1809,1810,1856,1782,1778,1620,1723,1731,1729,1703,1737,1736,1718,1727,1730,1741,1880,1773,1853,1797,1579,1583,1514,1541,1532,1457,1472,1550,1468,1492,954,1142,1074,1219,1179,1720,1846,1934,1589,1506,1001,949,807,836,849,688,653,560,642,612,427,412,376,383,393
1137,1043,967,890,872,904,830,854,863,924,893,817,819,849,801,590,734,2818,1352,1337,1567,1643,1703,1675,1670,1747,1842,1751,1811,1920,1838,1840,1890,1835,1893,1777,1798,1775,1842,1840,1715,1740,1659,1729,1699,1728,1740,1776,1713,1719,1806,1801,1892,1824,1916,1489,1565,1449,1533,1534,1540,1456,1510,1584,1546,1011,973,1072,1084,1220,1639,1934,1884,1874,1618,1100,969,876,849,779,696,724,612,584,644,440,448,441,390,367
1390,1211,1180,1101,1078,1153,1081,1019,1015,1119,1077,1056,1062,1090,856,792,860,1182,1251,1305,1613,1621,1678,1704,1768,1780,1810,1838,1787,1809,1787,1839,1849,1881,1937,1748,1778,1808,1784,1751,1709,1700,1741,1713,1667,1653,1754,1645,1774,1691,1729,1860,1833,1860,1894,1526,1496,1511,1450,1519,1510,1428,1384,1414,1582,995,972,956,1077,1068,1642,1589,1874,1874,1868,1076,1090,985,942,804,665,685,709,637,566,461,432,433,413,405
1387,1193,1115,1051,1049,1155,1088,1078,985,1057,1055,957,998,1050,804,725,810,1099,1243,1341,1586,1606,1586,1679,1733,1778,1777,1768,1777,1780,1822,1889,1810,1852,1824,1761,1740,1811,1740,1749,1690,1722,1756,1675,1691,1760,1721,1664,1708,1661,1812,1797,1715,1738,1782,1465,1428,1488,1408,1501,1439,1394,1440,1459,1413,971,962,1002,940,984,1425,1506,1618,1868,1932,1295,1119,1090,974,978,662,697,657,660,552,419,423,467,397,383
892,782,757,688,644,745,690,667,705,735,709,663,604,678,538,493,572,771,847,787,1034,985,997,1062,1008,1138,1089,1124,1163,1161,1185,1161,1179,1168,1134,1113,1109,1142,1150,1142,1134,1112,1006,1065,1113,1110,1145,1120,1062,1129,1177,1138,1190,1150,1103,944,957,948,945,960,923,969,944,922,928,596,566,650,670,599,986,1001,1100,1076,1295,826,874,741,703,571,516,464,446,448,419,305,263,300,305,273
882,790,694,682,732,767,723,690,738,721,696,642,665,705,556,464,531,663,786,812,955,1004,979,1027,1098,1140,1110,1196,1147,1138,1130,1169,1173,1151,1087,1129,1093,1045,1197,1095,1027,1055,1025,1093,1056,1096,1074,1079,1059,1030,1088,1131,1175,1154,1131,915,890,984,970,938,908,888,924,916,880,626,614,634,594,584,795,949,969,1090,1119,874,880,819,731,661,520,484,412,428,429,272,289,277,262,295
840,781,732,690,705,673,670,680,646,697,688,686,609,630,498,459,466,654,794,803,944,977,1016,996,988,1033,1061,1068,1117,1128,1061,1122,1091,1114,1094,1042,1030,1059,1084,1130,1043,1140,998,1042,1030,1041,1087,1041,1073,1048,1086,1056,1134,1126,1104,907,924,926,913,906,885,876,806,856,927,627,586,563,601,601,779,807,876,985,1090,741,819,798,847,666,564,487,506,383,415,327,318,285,262,250
866,735,757,690,664,736,666,675,671,732,693,657,565,638,470,464,465,583,801,746,1017,955,1006,1022,1012,1131,1082,1101,1117,1120,1166,1098,1128,1144,1105,1044,1051,1039,1038,1051,1062,1069,954,1082,1001,1080,991,1086,1049,1073,1115,1087,1078,1071,1043,856,888,896,871,889,873,868,881,893,869,578,523,536,516,597,778,836,849,942,974,703,731,847,798,839,601,633,447,521,408,282,284,322,253,274
847,754,694,716,708,730,612,622,672,673,679,639,586,624,497,415,534,562,799,793,938,978,1014,952,1008,1058,1079,1049,1078,1100,1035,1094,1061,1123,1107,1054,1045,1067,999,1090,980,1072,1006,1046,1000,1072,1035,1021,995,1008,1054,1074,1081,1035,1117,895,841,875,864,854,924,831,821,841,826,577,573,482,498,545,784,849,779,804,978,571,661,666,839,886,724,569,609,480,471,298,322,333,275,231
719,697,641,612,572,623,588,605,541,613,566,548,528,558,401,365,418,478,634,682,790,808,842,838,842,894,891,918,892,921,932,909,907,912,993,890,891,878,926,869,807,867,866,853,880,897,896,911,892,882,935,864,946,885,915,771,750,698,700,771,723,716,739,748,690,440,499,456,486,436,612,688,696,665,662,516,520,564,601,724,680,691,523,511,408,315,264,258,279,264
700,644,629,619,627,613,577,555,586,602,606,527,527,516,388,363,436,489,637,681,849,769,841,869,835,891,857,843,916,905,949,926,908,940,964,829,880,881,902,868,880,820,849,858,883,899,866,877,871,855,953,898,897,894,892,771,758,707,730,704,718,770,726,728,650,476,422,470,446,430,634,653,724,685,697,464,484,487,633,569,691,622,655,540,559,314,341,270,259,271
698,688,636,614,559,580,555,528,565,544,554,533,470,528,367,372,358,451,608,659,797,741,862,874,836,902,888,891,919,909,942,902,912,938,915,895,830,950,930,873,845,836,853,801,890,888,842,895,831,833,887,907,908,850,883,707,727,693,729,731,667,705,762,733,623,438,488,430,434,474,620,560,612,709,657,446,412,506,447,609,523,655,610,683,494,446,342,333,264,265
688,593,562,563,584,592,517,512,532,570,587,552,479,546,402,389,384,466,575,620,760,726,799,822,841,855,818,855,947,900,866,921,934,987,917,894,815,836,896,850,838,852,873,823,820,843,836,839,843,817,931,862,848,924,892,733,681,675,735,688,675,697,684,721,718,463,461,422,437,448,600,642,584,637,660,448,428,383,521,480,511,540,683,720,706,440,426,307,360,251
655,675,579,607,547,632,517,553,541,525,543,535,523,490,409,342,354,439,588,635,828,792,818,800,808,864,884,903,860,872,874,863,915,905,919,819,849,873,905,853,771,830,829,901,827,876,841,847,859,840,901,885,819,852,926,702,724,711,705,726,689,699,658,664,666,438,431,398,399,423,577,612,644,566,552,419,429,415,408,471,408,559,494,706,702,598,419,472,335,373
521,475,433,453,460,465,411,366,381,406,363,335,358,392,289,266,284,324,467,440,531,552,537,589,639,596,612,617,612,649,667,621,611,590,649,548,624,651,637,600,593,600,589,592,600,628,610,609,584,583,667,611,628,614,581,496,503,552,511,539,480,486,507,456,485,319,324,280,333,340,412,427,440,461,419,305,272,327,282,298,315,314,446,440,598,474,461,338,323,255
506,493,441,481,420,413,412,413,354,430,424,410,424,384,291,284,309,337,483,439,540,500,572,593,605,604,624,615,636,629,665,608,604,647,655,612,634,631,692,677,572,564,618,614,674,611,590,601,639,605,657,635,622,631,663,501,526,511,485,557,482,487,499,454,487,313,305,325,313,300,399,412,448,432,423,263,289,318,284,322,264,341,342,426,419,461,490,487,349,405
514,515,464,415,385,471,393,412,380,393,403,352,383,338,275,262,288,294,419,470,544,570,580,585,607,615,598,656,625,646,649,580,638,666,644,631,606,605,623,614,625,597,594,606,588,606,660,612,637,632,589,648,647,617,625,525,502,489,537,540,495,484,504,476,491,296,312,324,307,315,430,376,441,433,467,300,277,285,322,333,258,270,333,307,472,338,487,534,582,434
485,436,403,443,423,413,399,396,399,411,401,349,369,390,281,261,282,278,486,496,567,583,598,602,637,610,612,633,646,623,651,641,598,629,665,626,600,667,597,582,573,585,559,548,579,554,582,639,579,604,669,592,647,599,595,506,524,503,524,522,472,483,483,482,435,309,299,301,280,298,424,383,390,413,397,305,262,262,253,275,279,259,264,360,335,323,349,582,582,662
493,447,447,399,393,417,355,398,354,356,388,377,337,352,266,227,288,311,400,411,553,564,535,568,570,597,605,596,623,620,629,619,615,626,593,615,562,578,589,595,585,599,532,558,593,602,535,565,578,565,620,608,638,667,645,512,506,532,494,476,452,466,453,426,437,300,273,310,292,267,373,393,367,405,383,273,295,250,274,231,264,271,265,251,373,255,405,434,662,762
