Total: 0.48106111882618646
Home: 0.6427124346533932
School: 0.7794313442135781
Work: 0.5176152730072034