25166.0,10230.0,6317.0,4499.0,3462.0,3842.0,2995.0,2664.0,2362.0,2178.0,2367.0,2083.0,1854.0,1665.0,1680.0,1575.0,1404.0,1347.0,37672.0,25205.0,19131.0,16002.0,13072.0,9879.0,8925.0,8871.0,8608.0,8259.0,7078.0,6771.0,6346.0,6172.0,5751.0,5626.0,5475.0,5127.0,4916.0,4997.0,4794.0,4736.0,4323.0,4348.0,4245.0,4199.0,4236.0,4235.0,4011.0,4143.0,4047.0,4082.0,3989.0,3990.0,3997.0,3874.0,4003.0,3170.0,3125.0,3150.0,2949.0,2953.0,2752.0,2679.0,2735.0,2643.0,2674.0,1355.0,1434.0,1376.0,1299.0,1323.0,1659.0,1695.0,1736.0,1715.0,1626.0,1082.0,1029.0,998.0,972.0,961.0,854.0,755.0,781.0,728.0,735.0,473.0,440.0,443.0,435.0,384.0
10230.0,10046.0,6140.0,4448.0,3448.0,3714.0,3001.0,2669.0,2467.0,2102.0,2328.0,2098.0,1829.0,1701.0,1654.0,1468.0,1340.0,1294.0,6613.0,20307.0,15407.0,12950.0,11250.0,8120.0,8016.0,7921.0,7591.0,7290.0,6343.0,6063.0,5750.0,5559.0,5433.0,5104.0,5086.0,4571.0,4579.0,4571.0,4524.0,4366.0,4093.0,4107.0,3950.0,3833.0,3925.0,3729.0,3644.0,3838.0,3707.0,3671.0,3691.0,3769.0,3670.0,3722.0,3653.0,2891.0,2936.0,2795.0,2822.0,2784.0,2605.0,2514.0,2458.0,2503.0,2422.0,1371.0,1208.0,1306.0,1187.0,1283.0,1559.0,1512.0,1590.0,1620.0,1476.0,977.0,937.0,938.0,886.0,917.0,776.0,781.0,738.0,712.0,663.0,438.0,462.0,437.0,404.0,392.0
6317.0,6140.0,6166.0,4355.0,3486.0,3659.0,2997.0,2659.0,2321.0,2163.0,2239.0,2004.0,1771.0,1729.0,1635.0,1485.0,1341.0,1272.0,3642.0,4405.0,13665.0,11575.0,9888.0,7292.0,6982.0,7242.0,7024.0,6698.0,5840.0,5832.0,5327.0,5151.0,5058.0,4596.0,4724.0,4419.0,4377.0,4234.0,4276.0,4200.0,3869.0,3841.0,3876.0,3814.0,3642.0,3648.0,3613.0,3628.0,3646.0,3599.0,3563.0,3611.0,3553.0,3511.0,3542.0,2805.0,2767.0,2716.0,2729.0,2712.0,2372.0,2444.0,2431.0,2308.0,2294.0,1263.0,1248.0,1274.0,1221.0,1214.0,1464.0,1528.0,1435.0,1462.0,1455.0,901.0,929.0,883.0,855.0,850.0,713.0,707.0,654.0,682.0,612.0,374.0,426.0,406.0,364.0,364.0
4499.0,4448.0,4355.0,4416.0,3466.0,3583.0,2938.0,2558.0,2372.0,2118.0,2190.0,1983.0,1804.0,1708.0,1516.0,1410.0,1327.0,1317.0,2902.0,2892.0,3515.0,10493.0,8949.0,6433.0,6632.0,6768.0,6551.0,6489.0,5547.0,5433.0,5287.0,5070.0,4783.0,4441.0,4466.0,4136.0,4140.0,4206.0,4119.0,4000.0,3755.0,3718.0,3553.0,3396.0,3566.0,3513.0,3523.0,3503.0,3444.0,3542.0,3378.0,3511.0,3488.0,3415.0,3413.0,2690.0,2582.0,2508.0,2690.0,2455.0,2401.0,2336.0,2261.0,2259.0,2239.0,1327.0,1143.0,1185.0,1182.0,1155.0,1506.0,1504.0,1455.0,1443.0,1447.0,908.0,800.0,845.0,839.0,854.0,702.0,652.0,680.0,667.0,630.0,423.0,397.0,364.0,375.0,377.0
3462.0,3448.0,3486.0,3466.0,3322.0,3688.0,2953.0,2640.0,2310.0,2061.0,2173.0,1968.0,1776.0,1698.0,1590.0,1430.0,1339.0,1340.0,2415.0,2575.0,2556.0,2963.0,8245.0,5798.0,5928.0,6184.0,6124.0,6141.0,5141.0,5081.0,4848.0,4989.0,4863.0,4369.0,4411.0,4168.0,3988.0,4076.0,4009.0,3963.0,3683.0,3602.0,3586.0,3477.0,3468.0,3419.0,3531.0,3503.0,3303.0,3476.0,3356.0,3328.0,3327.0,3311.0,3371.0,2547.0,2525.0,2474.0,2506.0,2420.0,2405.0,2365.0,2243.0,2242.0,2242.0,1266.0,1150.0,1180.0,1150.0,1115.0,1407.0,1476.0,1462.0,1378.0,1372.0,842.0,857.0,856.0,828.0,792.0,710.0,636.0,657.0,638.0,653.0,407.0,372.0,379.0,405.0,314.0
3842.0,3714.0,3659.0,3583.0,3688.0,7082.0,3635.0,2721.0,2383.0,2066.0,2256.0,1929.0,1712.0,1689.0,1584.0,1446.0,1257.0,1230.0,2820.0,2726.0,3010.0,3067.0,3870.0,16939.0,10671.0,8721.0,7990.0,6884.0,6072.0,5649.0,5225.0,5254.0,5343.0,4673.0,4521.0,4381.0,4194.0,4260.0,4063.0,4143.0,3807.0,3719.0,3581.0,3611.0,3653.0,3628.0,3430.0,3452.0,3383.0,3430.0,3492.0,3442.0,3402.0,3410.0,3309.0,2673.0,2686.0,2601.0,2667.0,2489.0,2421.0,2412.0,2353.0,2225.0,2196.0,1225.0,1133.0,1145.0,1222.0,1150.0,1485.0,1447.0,1508.0,1388.0,1441.0,812.0,878.0,854.0,822.0,840.0,704.0,670.0,675.0,653.0,597.0,397.0,374.0,399.0,371.0,349.0
2995.0,3001.0,2997.0,2938.0,2953.0,3635.0,3602.0,2747.0,2280.0,2051.0,2308.0,1926.0,1759.0,1644.0,1543.0,1423.0,1384.0,1229.0,2143.0,2238.0,2232.0,2398.0,2350.0,2927.0,9205.0,7486.0,6669.0,6048.0,5139.0,5182.0,4916.0,4804.0,4704.0,4501.0,4344.0,3886.0,3881.0,3996.0,3915.0,3817.0,3474.0,3655.0,3482.0,3471.0,3456.0,3460.0,3349.0,3372.0,3396.0,3315.0,3345.0,3255.0,3188.0,3166.0,3171.0,2575.0,2598.0,2527.0,2516.0,2502.0,2320.0,2331.0,2194.0,2076.0,1993.0,1127.0,1099.0,1085.0,1063.0,1052.0,1399.0,1414.0,1355.0,1393.0,1357.0,866.0,778.0,864.0,794.0,736.0,690.0,640.0,622.0,614.0,619.0,371.0,394.0,370.0,366.0,321.0
2664.0,2669.0,2659.0,2558.0,2640.0,2721.0,2747.0,2756.0,2345.0,2063.0,2239.0,1984.0,1810.0,1566.0,1524.0,1349.0,1277.0,1224.0,2013.0,1998.0,2016.0,2072.0,2171.0,2249.0,2550.0,6895.0,5949.0,5344.0,4770.0,4572.0,4674.0,4552.0,4496.0,4150.0,4192.0,3877.0,3824.0,3785.0,3724.0,3713.0,3396.0,3434.0,3397.0,3314.0,3475.0,3327.0,3321.0,3249.0,3178.0,3256.0,3059.0,3251.0,3149.0,3155.0,3206.0,2477.0,2373.0,2366.0,2388.0,2313.0,2265.0,2220.0,2189.0,2227.0,2076.0,1125.0,1131.0,1114.0,1082.0,1037.0,1423.0,1427.0,1396.0,1367.0,1257.0,788.0,818.0,859.0,785.0,809.0,658.0,667.0,630.0,568.0,545.0,400.0,345.0,363.0,327.0,333.0
2362.0,2467.0,2321.0,2372.0,2310.0,2383.0,2280.0,2345.0,2330.0,2061.0,2219.0,1925.0,1755.0,1612.0,1515.0,1382.0,1274.0,1299.0,2004.0,1881.0,1949.0,2023.0,1982.0,2011.0,2077.0,2231.0,5609.0,4965.0,4323.0,4391.0,4233.0,4360.0,4481.0,4043.0,3900.0,3834.0,3703.0,3745.0,3667.0,3589.0,3429.0,3305.0,3231.0,3362.0,3403.0,3290.0,3232.0,3208.0,3147.0,3279.0,3150.0,3216.0,3208.0,3205.0,3086.0,2441.0,2528.0,2375.0,2396.0,2445.0,2211.0,2147.0,2176.0,2139.0,2058.0,1189.0,1104.0,1016.0,1043.0,1045.0,1364.0,1357.0,1285.0,1306.0,1291.0,774.0,864.0,808.0,794.0,780.0,652.0,644.0,646.0,598.0,581.0,364.0,360.0,292.0,322.0,323.0
2178.0,2102.0,2163.0,2118.0,2061.0,2066.0,2051.0,2063.0,2061.0,1940.0,2231.0,1871.0,1760.0,1562.0,1476.0,1395.0,1284.0,1231.0,1875.0,1847.0,1824.0,1852.0,1874.0,1896.0,1974.0,1709.0,1915.0,4529.0,3740.0,4095.0,4101.0,4093.0,4085.0,3794.0,3767.0,3643.0,3608.0,3560.0,3535.0,3580.0,3367.0,3272.0,3454.0,3260.0,3241.0,3179.0,3085.0,3116.0,3208.0,3103.0,3061.0,3159.0,3045.0,2928.0,3061.0,2444.0,2370.0,2400.0,2233.0,2283.0,2134.0,2105.0,2069.0,1980.0,1995.0,1105.0,1036.0,1091.0,1046.0,1048.0,1331.0,1332.0,1270.0,1267.0,1236.0,811.0,782.0,736.0,750.0,719.0,635.0,620.0,641.0,605.0,575.0,363.0,358.0,361.0,336.0,299.0
2367.0,2328.0,2239.0,2190.0,2173.0,2256.0,2308.0,2239.0,2219.0,2231.0,3712.0,2075.0,1788.0,1535.0,1488.0,1354.0,1227.0,1177.0,1956.0,1876.0,1908.0,1941.0,1922.0,2026.0,2081.0,1987.0,2024.0,2626.0,10807.0,6791.0,5622.0,5060.0,4580.0,4228.0,4074.0,3877.0,3720.0,3786.0,3634.0,3667.0,3391.0,3275.0,3310.0,3215.0,3233.0,3162.0,3130.0,3094.0,3052.0,3138.0,3122.0,3123.0,3026.0,2969.0,2938.0,2373.0,2364.0,2303.0,2386.0,2248.0,2152.0,2064.0,1994.0,2007.0,1933.0,1072.0,1100.0,1048.0,1015.0,1005.0,1262.0,1290.0,1228.0,1255.0,1207.0,795.0,750.0,731.0,771.0,756.0,658.0,602.0,612.0,569.0,553.0,388.0,371.0,352.0,324.0,312.0
2083.0,2098.0,2004.0,1983.0,1968.0,1929.0,1926.0,1984.0,1925.0,1871.0,2075.0,2046.0,1781.0,1539.0,1485.0,1353.0,1189.0,1097.0,1812.0,1777.0,1771.0,1739.0,1753.0,1698.0,1805.0,1522.0,1683.0,1777.0,1977.0,6204.0,4944.0,4409.0,4090.0,3821.0,3808.0,3505.0,3448.0,3513.0,3470.0,3380.0,3183.0,3118.0,3099.0,3209.0,3145.0,3063.0,3127.0,3036.0,3108.0,2967.0,2994.0,2977.0,2971.0,2932.0,2901.0,2282.0,2204.0,2197.0,2204.0,2261.0,2044.0,2059.0,1891.0,1850.0,1856.0,1108.0,981.0,1028.0,1070.0,1041.0,1275.0,1282.0,1253.0,1217.0,1203.0,778.0,731.0,733.0,721.0,664.0,603.0,565.0,571.0,544.0,576.0,368.0,371.0,329.0,319.0,287.0
1854.0,1829.0,1771.0,1804.0,1776.0,1712.0,1759.0,1810.0,1755.0,1760.0,1788.0,1781.0,1852.0,1573.0,1515.0,1371.0,1222.0,1118.0,1647.0,1707.0,1695.0,1725.0,1733.0,1709.0,1703.0,1413.0,1432.0,1501.0,1611.0,1838.0,4483.0,3911.0,3647.0,3496.0,3511.0,3366.0,3354.0,3409.0,3295.0,3407.0,3156.0,3008.0,3054.0,3108.0,2999.0,2982.0,3000.0,2938.0,2864.0,3005.0,2855.0,2960.0,2971.0,2833.0,2865.0,2294.0,2273.0,2133.0,2227.0,2186.0,1992.0,2128.0,1981.0,1902.0,1875.0,1112.0,997.0,1080.0,1038.0,941.0,1264.0,1262.0,1243.0,1294.0,1212.0,728.0,718.0,726.0,708.0,708.0,602.0,564.0,563.0,562.0,520.0,324.0,345.0,322.0,307.0,289.0
1665.0,1701.0,1729.0,1708.0,1698.0,1689.0,1644.0,1566.0,1612.0,1562.0,1535.0,1539.0,1573.0,1552.0,1479.0,1341.0,1197.0,1166.0,1670.0,1635.0,1632.0,1634.0,1544.0,1662.0,1647.0,1345.0,1318.0,1374.0,1432.0,1460.0,1591.0,3547.0,3403.0,3176.0,3271.0,3158.0,3320.0,3112.0,3193.0,3305.0,3007.0,3041.0,3015.0,2923.0,2886.0,2874.0,2914.0,2958.0,2872.0,2902.0,2906.0,3051.0,2842.0,2913.0,2841.0,2219.0,2183.0,2117.0,2138.0,2263.0,1957.0,2016.0,1968.0,1817.0,1806.0,1083.0,963.0,970.0,911.0,1018.0,1215.0,1258.0,1240.0,1123.0,1160.0,787.0,671.0,704.0,689.0,614.0,542.0,563.0,566.0,507.0,530.0,330.0,328.0,309.0,282.0,276.0
1680.0,1654.0,1635.0,1516.0,1590.0,1584.0,1543.0,1524.0,1515.0,1476.0,1488.0,1485.0,1515.0,1479.0,1532.0,1278.0,1185.0,1104.0,1582.0,1662.0,1636.0,1602.0,1564.0,1599.0,1664.0,1249.0,1280.0,1314.0,1295.0,1397.0,1372.0,1500.0,3130.0,3099.0,3130.0,3108.0,3065.0,3168.0,3197.0,3201.0,2886.0,2895.0,2904.0,2983.0,3003.0,2796.0,2820.0,2906.0,2881.0,2914.0,2873.0,2937.0,2731.0,2851.0,2740.0,2279.0,2081.0,2175.0,2203.0,2119.0,2009.0,1937.0,1852.0,1855.0,1778.0,987.0,956.0,1039.0,919.0,940.0,1191.0,1248.0,1193.0,1227.0,1189.0,705.0,712.0,686.0,712.0,689.0,577.0,549.0,535.0,517.0,567.0,348.0,339.0,293.0,316.0,304.0
1575.0,1468.0,1485.0,1410.0,1430.0,1446.0,1423.0,1349.0,1382.0,1395.0,1354.0,1353.0,1371.0,1341.0,1278.0,1454.0,1138.0,1071.0,1512.0,1567.0,1555.0,1504.0,1576.0,1608.0,1527.0,1204.0,1172.0,1175.0,1213.0,1236.0,1317.0,1257.0,1583.0,5317.0,3763.0,3028.0,3169.0,3188.0,3006.0,2982.0,2798.0,2896.0,2881.0,2869.0,2854.0,2841.0,2697.0,2794.0,2750.0,2816.0,2760.0,2750.0,2802.0,2769.0,2708.0,2161.0,2019.0,2098.0,2058.0,2016.0,1984.0,1866.0,1863.0,1834.0,1716.0,1016.0,981.0,916.0,900.0,987.0,1201.0,1204.0,1188.0,1189.0,1082.0,677.0,753.0,707.0,690.0,651.0,553.0,563.0,571.0,552.0,518.0,317.0,351.0,320.0,295.0,273.0
1404.0,1340.0,1341.0,1327.0,1339.0,1257.0,1384.0,1277.0,1274.0,1284.0,1227.0,1189.0,1222.0,1197.0,1185.0,1138.0,1144.0,1099.0,1490.0,1489.0,1416.0,1476.0,1391.0,1457.0,1494.0,1163.0,1108.0,1133.0,1184.0,1133.0,1121.0,1209.0,1258.0,1314.0,3250.0,2610.0,2730.0,2908.0,2891.0,2921.0,2824.0,2764.0,2725.0,2823.0,2720.0,2679.0,2778.0,2716.0,2689.0,2752.0,2732.0,2744.0,2731.0,2677.0,2685.0,2023.0,2033.0,2110.0,2027.0,2016.0,1907.0,1871.0,1756.0,1735.0,1742.0,1050.0,928.0,930.0,910.0,903.0,1162.0,1183.0,1157.0,1191.0,1126.0,735.0,702.0,736.0,689.0,672.0,604.0,531.0,528.0,518.0,512.0,319.0,337.0,287.0,291.0,267.0
1347.0,1294.0,1272.0,1317.0,1340.0,1230.0,1229.0,1224.0,1299.0,1231.0,1177.0,1097.0,1118.0,1166.0,1104.0,1071.0,1099.0,1080.0,1481.0,1438.0,1475.0,1493.0,1413.0,1537.0,1446.0,1097.0,1105.0,1112.0,1155.0,1121.0,1076.0,1185.0,1206.0,1124.0,1271.0,2512.0,2538.0,2695.0,2768.0,2818.0,2669.0,2648.0,2629.0,2809.0,2793.0,2682.0,2721.0,2712.0,2656.0,2711.0,2773.0,2705.0,2671.0,2677.0,2674.0,2055.0,2049.0,2001.0,2080.0,2037.0,1888.0,1907.0,1746.0,1656.0,1796.0,955.0,955.0,973.0,914.0,933.0,1192.0,1158.0,1165.0,1138.0,1136.0,711.0,707.0,682.0,654.0,665.0,570.0,523.0,552.0,538.0,537.0,334.0,330.0,321.0,311.0,296.0
37672.0,6613.0,3642.0,2902.0,2415.0,2820.0,2143.0,2013.0,2004.0,1875.0,1956.0,1812.0,1647.0,1670.0,1582.0,1512.0,1490.0,1481.0,39190.0,37048.0,28900.0,27921.0,36425.0,37167.0,33487.0,29123.0,29534.0,28935.0,28261.0,28484.0,30975.0,30912.0,31195.0,30532.0,30117.0,31243.0,31138.0,31394.0,31362.0,30631.0,29091.0,28676.0,29088.0,28909.0,28482.0,27863.0,27838.0,27966.0,27761.0,27933.0,24914.0,25003.0,24854.0,24683.0,25015.0,20248.0,19871.0,20229.0,20190.0,19917.0,10492.0,10334.0,10303.0,10234.0,10109.0,1416.0,1321.0,1329.0,1326.0,1341.0,1667.0,1762.0,1720.0,1694.0,1648.0,1017.0,1025.0,961.0,990.0,969.0,834.0,798.0,812.0,755.0,809.0,524.0,432.0,495.0,450.0,430.0
25205.0,20307.0,4405.0,2892.0,2575.0,2726.0,2238.0,1998.0,1881.0,1847.0,1876.0,1777.0,1707.0,1635.0,1662.0,1567.0,1489.0,1438.0,37048.0,35204.0,33846.0,27360.0,39776.0,37019.0,35548.0,29583.0,29691.0,29234.0,29437.0,28775.0,31410.0,31139.0,31317.0,30848.0,30591.0,31632.0,31502.0,32140.0,31363.0,31282.0,29401.0,28858.0,29287.0,29451.0,28728.0,28222.0,28333.0,28321.0,28805.0,28124.0,25084.0,25350.0,25408.0,25248.0,25014.0,20570.0,20835.0,20295.0,20198.0,19834.0,10480.0,10496.0,10579.0,10197.0,10292.0,1462.0,1358.0,1356.0,1322.0,1260.0,1747.0,1819.0,1796.0,1761.0,1735.0,1026.0,1038.0,1005.0,1022.0,1039.0,867.0,844.0,845.0,765.0,831.0,514.0,459.0,463.0,414.0,460.0
19131.0,15407.0,13665.0,3515.0,2556.0,3010.0,2232.0,2016.0,1949.0,1824.0,1908.0,1771.0,1695.0,1632.0,1636.0,1555.0,1416.0,1475.0,28900.0,33846.0,32430.0,31364.0,39333.0,39700.0,35719.0,31637.0,29862.0,29131.0,29235.0,29539.0,31123.0,31019.0,31003.0,30931.0,31050.0,31990.0,31874.0,31765.0,31723.0,31653.0,29884.0,28901.0,29506.0,29208.0,29033.0,28070.0,28293.0,28472.0,28531.0,28349.0,25493.0,25257.0,25164.0,25068.0,25436.0,20913.0,20511.0,20398.0,20535.0,20071.0,10475.0,10491.0,10587.0,10467.0,10449.0,1405.0,1332.0,1373.0,1361.0,1341.0,1769.0,1767.0,1737.0,1677.0,1713.0,995.0,990.0,1029.0,992.0,986.0,814.0,792.0,831.0,777.0,768.0,477.0,443.0,474.0,439.0,447.0
16002.0,12950.0,11575.0,10493.0,2963.0,3067.0,2398.0,2072.0,2023.0,1852.0,1941.0,1739.0,1725.0,1634.0,1602.0,1504.0,1476.0,1493.0,27921.0,27360.0,31364.0,30374.0,42940.0,39305.0,37740.0,31602.0,31719.0,29131.0,29383.0,29647.0,32239.0,31078.0,31314.0,31150.0,31161.0,32423.0,31966.0,32250.0,31815.0,31560.0,29840.0,29389.0,29408.0,29159.0,28732.0,28471.0,28450.0,28525.0,28658.0,28407.0,25640.0,25592.0,25537.0,25160.0,25464.0,20427.0,20627.0,20291.0,20521.0,20028.0,10625.0,10794.0,10574.0,10431.0,10331.0,1363.0,1281.0,1252.0,1309.0,1305.0,1658.0,1768.0,1722.0,1706.0,1663.0,1031.0,939.0,1037.0,980.0,1024.0,857.0,754.0,800.0,833.0,794.0,511.0,441.0,503.0,439.0,439.0
13072.0,11250.0,9888.0,8949.0,8245.0,3870.0,2350.0,2171.0,1982.0,1874.0,1922.0,1753.0,1733.0,1544.0,1564.0,1576.0,1391.0,1413.0,36425.0,39776.0,39333.0,42940.0,69306.0,69740.0,63157.0,58383.0,56071.0,55434.0,53262.0,54260.0,59737.0,59225.0,58626.0,58325.0,57948.0,58238.0,58313.0,57942.0,57686.0,57450.0,54175.0,53463.0,53583.0,53489.0,52802.0,53488.0,53312.0,53827.0,53263.0,53183.0,47515.0,47546.0,47397.0,46405.0,46988.0,39660.0,38941.0,38705.0,38551.0,38161.0,18535.0,18502.0,18524.0,18058.0,18317.0,1365.0,1341.0,1338.0,1334.0,1366.0,1707.0,1767.0,1788.0,1713.0,1646.0,1004.0,1016.0,986.0,967.0,975.0,823.0,811.0,777.0,808.0,825.0,486.0,463.0,453.0,409.0,395.0
9879.0,8120.0,7292.0,6433.0,5798.0,16939.0,2927.0,2249.0,2011.0,1896.0,2026.0,1698.0,1709.0,1662.0,1599.0,1608.0,1457.0,1537.0,37167.0,37019.0,39700.0,39305.0,69740.0,71242.0,67779.0,59509.0,59214.0,56407.0,56551.0,54902.0,61072.0,60696.0,60080.0,59581.0,59290.0,59344.0,59200.0,59102.0,58666.0,58590.0,54618.0,54621.0,54631.0,54836.0,54061.0,54654.0,54485.0,54485.0,55064.0,54438.0,48635.0,48120.0,47759.0,47678.0,48300.0,39859.0,39584.0,39608.0,39074.0,38880.0,19337.0,18929.0,19072.0,18871.0,18227.0,1331.0,1347.0,1312.0,1315.0,1325.0,1727.0,1767.0,1676.0,1644.0,1727.0,1021.0,1010.0,995.0,961.0,954.0,812.0,787.0,756.0,805.0,785.0,493.0,456.0,467.0,464.0,431.0
8925.0,8016.0,6982.0,6632.0,5928.0,10671.0,9205.0,2550.0,2077.0,1974.0,2081.0,1805.0,1703.0,1647.0,1664.0,1527.0,1494.0,1446.0,33487.0,35548.0,35719.0,37740.0,63157.0,67779.0,65314.0,59604.0,56474.0,55778.0,53994.0,54109.0,57941.0,57787.0,57462.0,57186.0,55931.0,56394.0,56255.0,56233.0,56310.0,55620.0,51967.0,51845.0,52269.0,51934.0,52138.0,51482.0,51412.0,51755.0,51958.0,51714.0,45895.0,46235.0,45795.0,45645.0,46009.0,38208.0,37346.0,37405.0,37045.0,36504.0,18131.0,18154.0,17945.0,18015.0,17396.0,1320.0,1299.0,1268.0,1285.0,1358.0,1698.0,1733.0,1750.0,1726.0,1662.0,976.0,1004.0,988.0,970.0,919.0,785.0,802.0,772.0,736.0,796.0,451.0,481.0,479.0,469.0,410.0
8871.0,7921.0,7242.0,6768.0,6184.0,8721.0,7486.0,6895.0,2231.0,1709.0,1987.0,1522.0,1413.0,1345.0,1249.0,1204.0,1163.0,1097.0,29123.0,29583.0,31637.0,31602.0,58383.0,59509.0,59604.0,58974.0,58595.0,54667.0,54789.0,52285.0,57751.0,55999.0,55807.0,55244.0,55290.0,51140.0,51392.0,51054.0,51281.0,50825.0,47354.0,47161.0,47416.0,47152.0,46419.0,49965.0,49356.0,50663.0,49864.0,49776.0,44217.0,44263.0,43910.0,43941.0,43964.0,36752.0,36188.0,36137.0,35699.0,35848.0,17878.0,17655.0,17753.0,17431.0,17142.0,1460.0,1530.0,1502.0,1575.0,1487.0,1964.0,1943.0,1926.0,2063.0,1971.0,1171.0,1124.0,1176.0,1145.0,1127.0,945.0,957.0,902.0,987.0,957.0,559.0,526.0,595.0,513.0,496.0
8608.0,7591.0,7024.0,6551.0,6124.0,7990.0,6669.0,5949.0,5609.0,1915.0,2024.0,1683.0,1432.0,1318.0,1280.0,1172.0,1108.0,1105.0,29534.0,29691.0,29862.0,31719.0,56071.0,59214.0,56474.0,58595.0,58862.0,58137.0,54476.0,54925.0,58271.0,57761.0,55929.0,55447.0,55316.0,52300.0,51240.0,51103.0,51063.0,50762.0,47743.0,46807.0,47320.0,47322.0,46920.0,50116.0,50102.0,50241.0,50527.0,49651.0,44829.0,44689.0,44617.0,43973.0,44239.0,36846.0,36562.0,36071.0,36226.0,35718.0,17693.0,17425.0,17900.0,17412.0,17432.0,1627.0,1477.0,1548.0,1438.0,1463.0,2026.0,1957.0,1988.0,2077.0,2026.0,1177.0,1133.0,1129.0,1172.0,1123.0,936.0,929.0,932.0,952.0,946.0,563.0,561.0,516.0,515.0,531.0
8259.0,7290.0,6698.0,6489.0,6141.0,6884.0,6048.0,5344.0,4965.0,4529.0,2626.0,1777.0,1501.0,1374.0,1314.0,1175.0,1133.0,1112.0,28935.0,29234.0,29131.0,29131.0,55434.0,56407.0,55778.0,54667.0,58137.0,56870.0,57376.0,54339.0,59430.0,56876.0,56889.0,55203.0,54504.0,51573.0,51733.0,50815.0,50781.0,49910.0,46731.0,46697.0,46561.0,46844.0,46437.0,49151.0,49614.0,49431.0,49745.0,49148.0,44078.0,43866.0,43852.0,43432.0,43675.0,36191.0,35971.0,35528.0,35675.0,35223.0,17797.0,17503.0,17579.0,17329.0,16790.0,1585.0,1454.0,1485.0,1497.0,1502.0,1994.0,1951.0,1984.0,1988.0,1918.0,1178.0,1206.0,1163.0,1109.0,1104.0,919.0,937.0,947.0,914.0,912.0,528.0,527.0,496.0,503.0,486.0
7078.0,6343.0,5840.0,5547.0,5141.0,6072.0,5139.0,4770.0,4323.0,3740.0,10807.0,1977.0,1611.0,1432.0,1295.0,1213.0,1184.0,1155.0,28261.0,29437.0,29235.0,29383.0,53262.0,56551.0,53994.0,54789.0,54476.0,57376.0,57846.0,57933.0,60188.0,59456.0,57421.0,56563.0,55090.0,52164.0,51751.0,51817.0,50706.0,50937.0,47266.0,47222.0,47268.0,46649.0,46489.0,50003.0,49719.0,49850.0,50035.0,49805.0,44161.0,44274.0,43530.0,43580.0,43822.0,36465.0,36018.0,36136.0,35839.0,35430.0,17843.0,17607.0,17576.0,17332.0,16938.0,1703.0,1487.0,1465.0,1538.0,1481.0,2026.0,1984.0,1944.0,1860.0,1982.0,1145.0,1180.0,1192.0,1143.0,1151.0,955.0,973.0,849.0,899.0,925.0,572.0,506.0,544.0,512.0,506.0
6771.0,6063.0,5832.0,5433.0,5081.0,5649.0,5182.0,4572.0,4391.0,4095.0,6791.0,6204.0,1838.0,1460.0,1397.0,1236.0,1133.0,1121.0,28484.0,28775.0,29539.0,29647.0,54260.0,54902.0,54109.0,52285.0,54925.0,54339.0,57933.0,58584.0,63857.0,60329.0,59824.0,57670.0,57056.0,52780.0,51891.0,52570.0,52214.0,50818.0,47928.0,47528.0,47567.0,47527.0,47092.0,49986.0,50395.0,50562.0,50273.0,50295.0,44984.0,44524.0,44126.0,44027.0,44222.0,36969.0,36530.0,36039.0,35990.0,35810.0,18019.0,17821.0,17700.0,17500.0,17046.0,1534.0,1421.0,1540.0,1573.0,1548.0,2030.0,2046.0,1973.0,1963.0,1954.0,1177.0,1073.0,1133.0,1128.0,1085.0,1025.0,892.0,909.0,882.0,894.0,565.0,579.0,560.0,530.0,477.0
6346.0,5750.0,5327.0,5287.0,4848.0,5225.0,4916.0,4674.0,4233.0,4101.0,5622.0,4944.0,4483.0,1591.0,1372.0,1317.0,1121.0,1076.0,30975.0,31410.0,31123.0,32239.0,59737.0,61072.0,57941.0,57751.0,58271.0,59430.0,60188.0,63857.0,68664.0,68739.0,65730.0,65757.0,63534.0,59459.0,57790.0,58054.0,57986.0,57564.0,52838.0,52854.0,52565.0,52705.0,52774.0,55889.0,55543.0,55708.0,55603.0,55781.0,49608.0,48898.0,48835.0,48941.0,48779.0,41051.0,40554.0,40087.0,39937.0,39763.0,19598.0,19456.0,19716.0,19067.0,18849.0,1451.0,1431.0,1467.0,1451.0,1437.0,1962.0,1882.0,1932.0,1926.0,1880.0,1122.0,1098.0,1104.0,1120.0,1121.0,902.0,836.0,847.0,886.0,860.0,540.0,578.0,526.0,494.0,489.0
6172.0,5559.0,5151.0,5070.0,4989.0,5254.0,4804.0,4552.0,4360.0,4093.0,5060.0,4409.0,3911.0,3547.0,1500.0,1257.0,1209.0,1185.0,30912.0,31139.0,31019.0,31078.0,59225.0,60696.0,57787.0,55999.0,57761.0,56876.0,59456.0,60329.0,68739.0,69172.0,68906.0,65217.0,65063.0,59219.0,59598.0,57631.0,57590.0,57420.0,53717.0,51848.0,52953.0,52796.0,52266.0,55873.0,55434.0,55156.0,55625.0,55447.0,49681.0,49460.0,48825.0,49143.0,48863.0,40387.0,40546.0,40317.0,39982.0,39363.0,19574.0,19331.0,19717.0,19122.0,19286.0,1474.0,1421.0,1485.0,1449.0,1388.0,1925.0,1928.0,1883.0,1889.0,1832.0,1164.0,1107.0,1095.0,1110.0,1119.0,917.0,897.0,862.0,905.0,880.0,525.0,493.0,561.0,541.0,511.0
5751.0,5433.0,5058.0,4783.0,4863.0,5343.0,4704.0,4496.0,4481.0,4085.0,4580.0,4090.0,3647.0,3403.0,3130.0,1583.0,1258.0,1206.0,31195.0,31317.0,31003.0,31314.0,58626.0,60080.0,57462.0,55807.0,55929.0,56889.0,57421.0,59824.0,65730.0,68906.0,68932.0,68385.0,65085.0,61602.0,59614.0,59446.0,57568.0,57295.0,53379.0,53248.0,52780.0,52536.0,52347.0,55795.0,55929.0,55367.0,55890.0,55497.0,49532.0,49604.0,49141.0,48559.0,48959.0,40463.0,39692.0,40158.0,39825.0,39833.0,19685.0,19547.0,19658.0,18951.0,19034.0,1513.0,1521.0,1435.0,1430.0,1376.0,1923.0,1902.0,1876.0,1974.0,1868.0,1203.0,1130.0,1073.0,1119.0,1154.0,882.0,888.0,864.0,930.0,876.0,553.0,508.0,550.0,533.0,509.0
5626.0,5104.0,4596.0,4441.0,4369.0,4673.0,4501.0,4150.0,4043.0,3794.0,4228.0,3821.0,3496.0,3176.0,3099.0,5317.0,1314.0,1124.0,30532.0,30848.0,30931.0,31150.0,58325.0,59581.0,57186.0,55244.0,55447.0,55203.0,56563.0,57670.0,65757.0,65217.0,68385.0,67618.0,67482.0,60894.0,60790.0,58648.0,58741.0,57086.0,53215.0,52987.0,52876.0,52520.0,52192.0,55620.0,55498.0,55477.0,55069.0,54871.0,49276.0,49080.0,48940.0,48524.0,48679.0,40595.0,40231.0,39957.0,39618.0,39455.0,19527.0,19449.0,19491.0,19046.0,18806.0,1496.0,1416.0,1494.0,1392.0,1351.0,1808.0,1888.0,1872.0,1857.0,1902.0,1114.0,1052.0,1074.0,1142.0,1121.0,880.0,936.0,903.0,893.0,840.0,555.0,497.0,514.0,458.0,453.0
5475.0,5086.0,4724.0,4466.0,4411.0,4521.0,4344.0,4192.0,3900.0,3767.0,4074.0,3808.0,3511.0,3271.0,3130.0,3763.0,3250.0,1271.0,30117.0,30591.0,31050.0,31161.0,57948.0,59290.0,55931.0,55290.0,55316.0,54504.0,55090.0,57056.0,63534.0,65063.0,65085.0,67482.0,67556.0,64357.0,61013.0,60411.0,58768.0,58576.0,52692.0,52475.0,52752.0,52549.0,51632.0,55078.0,54813.0,54827.0,55178.0,54689.0,48710.0,48938.0,48336.0,48179.0,48376.0,40503.0,40075.0,39804.0,39297.0,39159.0,19256.0,19338.0,19464.0,18793.0,18939.0,1470.0,1386.0,1463.0,1455.0,1480.0,1879.0,1882.0,1886.0,1898.0,1887.0,1076.0,1066.0,1065.0,1089.0,1093.0,950.0,867.0,864.0,847.0,786.0,545.0,546.0,510.0,490.0,526.0
5127.0,4571.0,4419.0,4136.0,4168.0,4381.0,3886.0,3877.0,3834.0,3643.0,3877.0,3505.0,3366.0,3158.0,3108.0,3028.0,2610.0,2512.0,31243.0,31632.0,31990.0,32423.0,58238.0,59344.0,56394.0,51140.0,52300.0,51573.0,52164.0,52780.0,59459.0,59219.0,61602.0,60894.0,64357.0,61608.0,61335.0,58628.0,58135.0,55799.0,52458.0,50392.0,50794.0,50604.0,50208.0,51084.0,51217.0,51454.0,51848.0,51740.0,45348.0,45856.0,45041.0,44919.0,45313.0,38879.0,37791.0,37766.0,37840.0,37190.0,18386.0,18755.0,18639.0,17833.0,17854.0,1337.0,1356.0,1282.0,1277.0,1355.0,1754.0,1698.0,1704.0,1674.0,1702.0,1011.0,1051.0,954.0,984.0,1070.0,835.0,810.0,786.0,795.0,781.0,488.0,473.0,502.0,466.0,451.0
4916.0,4579.0,4377.0,4140.0,3988.0,4194.0,3881.0,3824.0,3703.0,3608.0,3720.0,3448.0,3354.0,3320.0,3065.0,3169.0,2730.0,2538.0,31138.0,31502.0,31874.0,31966.0,58313.0,59200.0,56255.0,51392.0,51240.0,51733.0,51751.0,51891.0,57790.0,59598.0,59614.0,60790.0,61013.0,61335.0,61318.0,60803.0,58016.0,57380.0,52672.0,51912.0,50834.0,50673.0,50593.0,52000.0,51265.0,51662.0,51340.0,51320.0,46171.0,45409.0,45030.0,44779.0,45257.0,38500.0,38292.0,37985.0,37876.0,37805.0,18543.0,18390.0,18400.0,18258.0,17849.0,1381.0,1434.0,1374.0,1304.0,1271.0,1922.0,1795.0,1730.0,1706.0,1608.0,1067.0,1035.0,988.0,994.0,994.0,832.0,784.0,764.0,798.0,820.0,498.0,493.0,422.0,465.0,436.0
4997.0,4571.0,4234.0,4206.0,4076.0,4260.0,3996.0,3785.0,3745.0,3560.0,3786.0,3513.0,3409.0,3112.0,3168.0,3188.0,2908.0,2695.0,31394.0,32140.0,31765.0,32250.0,57942.0,59102.0,56233.0,51054.0,51103.0,50815.0,51817.0,52570.0,58054.0,57631.0,59446.0,58648.0,60411.0,58628.0,60803.0,61506.0,60946.0,57852.0,54018.0,51823.0,52133.0,50223.0,50180.0,52144.0,51992.0,51228.0,51373.0,51453.0,45600.0,45671.0,44935.0,45243.0,45133.0,38856.0,38349.0,38305.0,37764.0,37360.0,18448.0,18168.0,18215.0,18169.0,17755.0,1405.0,1326.0,1343.0,1349.0,1307.0,1735.0,1781.0,1703.0,1752.0,1672.0,1012.0,998.0,994.0,1037.0,951.0,811.0,798.0,829.0,767.0,852.0,499.0,459.0,468.0,463.0,449.0
4794.0,4524.0,4276.0,4119.0,4009.0,4063.0,3915.0,3724.0,3667.0,3535.0,3634.0,3470.0,3295.0,3193.0,3197.0,3006.0,2891.0,2768.0,31362.0,31363.0,31723.0,31815.0,57686.0,58666.0,56310.0,51281.0,51063.0,50781.0,50706.0,52214.0,57986.0,57590.0,57568.0,58741.0,58768.0,58135.0,58016.0,60946.0,60752.0,60165.0,53806.0,53219.0,51927.0,52271.0,50132.0,51994.0,52106.0,52293.0,51509.0,52033.0,45219.0,45329.0,45409.0,44630.0,44717.0,38301.0,37976.0,37950.0,38136.0,37298.0,18404.0,18378.0,18236.0,18038.0,17873.0,1312.0,1286.0,1270.0,1402.0,1342.0,1818.0,1737.0,1776.0,1759.0,1638.0,988.0,986.0,1031.0,1038.0,989.0,812.0,800.0,762.0,767.0,786.0,458.0,448.0,449.0,450.0,468.0
4736.0,4366.0,4200.0,4000.0,3963.0,4143.0,3817.0,3713.0,3589.0,3580.0,3667.0,3380.0,3407.0,3305.0,3201.0,2982.0,2921.0,2818.0,30631.0,31282.0,31653.0,31560.0,57450.0,58590.0,55620.0,50825.0,50762.0,49910.0,50937.0,50818.0,57564.0,57420.0,57295.0,57086.0,58576.0,55799.0,57380.0,57852.0,60165.0,60622.0,56672.0,53078.0,53302.0,51614.0,51413.0,51931.0,51372.0,51510.0,51651.0,50799.0,45585.0,45426.0,44905.0,44403.0,44812.0,37910.0,38191.0,37997.0,37423.0,37305.0,18175.0,18350.0,18029.0,18012.0,17758.0,1339.0,1348.0,1360.0,1372.0,1306.0,1767.0,1720.0,1787.0,1739.0,1703.0,967.0,1027.0,997.0,986.0,980.0,768.0,802.0,803.0,757.0,786.0,477.0,497.0,505.0,426.0,478.0
4323.0,4093.0,3869.0,3755.0,3683.0,3807.0,3474.0,3396.0,3429.0,3367.0,3391.0,3183.0,3156.0,3007.0,2886.0,2798.0,2824.0,2669.0,29091.0,29401.0,29884.0,29840.0,54175.0,54618.0,51967.0,47354.0,47743.0,46731.0,47266.0,47928.0,52838.0,53717.0,53379.0,53215.0,52692.0,52458.0,52672.0,54018.0,53806.0,56672.0,53026.0,52756.0,50043.0,50807.0,48026.0,49944.0,49007.0,48864.0,48271.0,48695.0,42399.0,42459.0,42421.0,41994.0,42201.0,35797.0,35637.0,35366.0,35152.0,34730.0,16934.0,16924.0,16869.0,16799.0,16867.0,1302.0,1225.0,1176.0,1194.0,1219.0,1616.0,1682.0,1523.0,1610.0,1556.0,920.0,928.0,904.0,905.0,912.0,733.0,744.0,747.0,681.0,697.0,437.0,450.0,433.0,428.0,399.0
4348.0,4107.0,3841.0,3718.0,3602.0,3719.0,3655.0,3434.0,3305.0,3272.0,3275.0,3118.0,3008.0,3041.0,2895.0,2896.0,2764.0,2648.0,28676.0,28858.0,28901.0,29389.0,53463.0,54621.0,51845.0,47161.0,46807.0,46697.0,47222.0,47528.0,52854.0,51848.0,53248.0,52987.0,52475.0,50392.0,51912.0,51823.0,53219.0,53078.0,52756.0,52232.0,52242.0,50024.0,49528.0,49589.0,49527.0,48149.0,48712.0,48316.0,42928.0,41980.0,41821.0,41721.0,41609.0,36203.0,35577.0,34960.0,34894.0,34555.0,17171.0,16993.0,16526.0,16665.0,16571.0,1187.0,1294.0,1234.0,1198.0,1245.0,1572.0,1588.0,1675.0,1598.0,1581.0,944.0,904.0,891.0,919.0,875.0,719.0,693.0,708.0,706.0,705.0,462.0,427.0,446.0,373.0,380.0
4245.0,3950.0,3876.0,3553.0,3586.0,3581.0,3482.0,3397.0,3231.0,3454.0,3310.0,3099.0,3054.0,3015.0,2904.0,2881.0,2725.0,2629.0,29088.0,29287.0,29506.0,29408.0,53583.0,54631.0,52269.0,47416.0,47320.0,46561.0,47268.0,47567.0,52565.0,52953.0,52780.0,52876.0,52752.0,50794.0,50834.0,52133.0,51927.0,53302.0,50043.0,52242.0,53026.0,52674.0,49977.0,51989.0,50242.0,50215.0,48801.0,48634.0,43328.0,43010.0,42006.0,41736.0,41550.0,36311.0,35521.0,35004.0,35287.0,34783.0,17630.0,17079.0,16992.0,16716.0,16278.0,1312.0,1191.0,1212.0,1193.0,1187.0,1613.0,1660.0,1518.0,1533.0,1512.0,921.0,907.0,887.0,906.0,851.0,739.0,718.0,696.0,710.0,727.0,437.0,415.0,419.0,410.0,422.0
4199.0,3833.0,3814.0,3396.0,3477.0,3611.0,3471.0,3314.0,3362.0,3260.0,3215.0,3209.0,3108.0,2923.0,2983.0,2869.0,2823.0,2809.0,28909.0,29451.0,29208.0,29159.0,53489.0,54836.0,51934.0,47152.0,47322.0,46844.0,46649.0,47527.0,52705.0,52796.0,52536.0,52520.0,52549.0,50604.0,50673.0,50223.0,52271.0,51614.0,50807.0,50024.0,52674.0,52574.0,52350.0,51828.0,51866.0,49702.0,49968.0,48776.0,43350.0,43408.0,42508.0,42318.0,41867.0,35833.0,35801.0,35708.0,35091.0,34621.0,17242.0,17133.0,16858.0,16705.0,16224.0,1222.0,1198.0,1234.0,1222.0,1186.0,1627.0,1613.0,1616.0,1616.0,1520.0,917.0,923.0,912.0,918.0,957.0,748.0,716.0,793.0,782.0,724.0,431.0,460.0,444.0,397.0,412.0
4236.0,3925.0,3642.0,3566.0,3468.0,3653.0,3456.0,3475.0,3403.0,3241.0,3233.0,3145.0,2999.0,2886.0,3003.0,2854.0,2720.0,2793.0,28482.0,28728.0,29033.0,28732.0,52802.0,54061.0,52138.0,46419.0,46920.0,46437.0,46489.0,47092.0,52774.0,52266.0,52347.0,52192.0,51632.0,50208.0,50593.0,50180.0,50132.0,51413.0,48026.0,49528.0,49977.0,52350.0,52616.0,54182.0,51147.0,51606.0,49811.0,49354.0,42443.0,42847.0,42631.0,42002.0,41834.0,35872.0,35413.0,35225.0,35031.0,34580.0,17021.0,16946.0,16873.0,16784.0,16537.0,1173.0,1182.0,1209.0,1214.0,1213.0,1580.0,1651.0,1438.0,1595.0,1591.0,937.0,925.0,917.0,883.0,911.0,728.0,728.0,751.0,693.0,685.0,447.0,465.0,423.0,423.0,393.0
4235.0,3729.0,3648.0,3513.0,3419.0,3628.0,3460.0,3327.0,3290.0,3179.0,3162.0,3063.0,2982.0,2874.0,2796.0,2841.0,2679.0,2682.0,27863.0,28222.0,28070.0,28471.0,53488.0,54654.0,51482.0,49965.0,50116.0,49151.0,50003.0,49986.0,55889.0,55873.0,55795.0,55620.0,55078.0,51084.0,52000.0,52144.0,51994.0,51931.0,49944.0,49589.0,51989.0,51828.0,54182.0,55954.0,56271.0,53701.0,54193.0,51679.0,45833.0,44545.0,44123.0,44268.0,43912.0,36770.0,35816.0,36001.0,35786.0,35736.0,17250.0,16912.0,16879.0,16770.0,16460.0,1339.0,1287.0,1252.0,1222.0,1274.0,1711.0,1673.0,1691.0,1734.0,1625.0,1046.0,981.0,984.0,1016.0,910.0,811.0,744.0,715.0,758.0,791.0,485.0,433.0,438.0,427.0,437.0
4011.0,3644.0,3613.0,3523.0,3531.0,3430.0,3349.0,3321.0,3232.0,3085.0,3130.0,3127.0,3000.0,2914.0,2820.0,2697.0,2778.0,2721.0,27838.0,28333.0,28293.0,28450.0,53312.0,54485.0,51412.0,49356.0,50102.0,49614.0,49719.0,50395.0,55543.0,55434.0,55929.0,55498.0,54813.0,51217.0,51265.0,51992.0,52106.0,51372.0,49007.0,49527.0,50242.0,51866.0,51147.0,56271.0,55542.0,56330.0,53792.0,53368.0,46221.0,45751.0,44335.0,43695.0,44123.0,37235.0,35872.0,35796.0,35818.0,35735.0,17228.0,17057.0,17041.0,16685.0,16391.0,1425.0,1295.0,1296.0,1340.0,1280.0,1676.0,1680.0,1656.0,1703.0,1596.0,996.0,1042.0,976.0,1019.0,947.0,831.0,782.0,766.0,732.0,742.0,468.0,437.0,449.0,429.0,410.0
4143.0,3838.0,3628.0,3503.0,3503.0,3452.0,3372.0,3249.0,3208.0,3116.0,3094.0,3036.0,2938.0,2958.0,2906.0,2794.0,2716.0,2712.0,27966.0,28321.0,28472.0,28525.0,53827.0,54485.0,51755.0,50663.0,50241.0,49431.0,49850.0,50562.0,55708.0,55156.0,55367.0,55477.0,54827.0,51454.0,51662.0,51228.0,52293.0,51510.0,48864.0,48149.0,50215.0,49702.0,51606.0,53701.0,56330.0,56370.0,56848.0,53577.0,48192.0,45733.0,46145.0,44273.0,44207.0,37188.0,36876.0,35979.0,35975.0,35888.0,17516.0,17272.0,16739.0,16723.0,16514.0,1298.0,1279.0,1395.0,1295.0,1273.0,1654.0,1644.0,1625.0,1578.0,1638.0,985.0,948.0,979.0,991.0,1000.0,775.0,771.0,803.0,780.0,733.0,446.0,457.0,431.0,430.0,403.0
4047.0,3707.0,3646.0,3444.0,3303.0,3383.0,3396.0,3178.0,3147.0,3208.0,3052.0,3108.0,2864.0,2872.0,2881.0,2750.0,2689.0,2656.0,27761.0,28805.0,28531.0,28658.0,53263.0,55064.0,51958.0,49864.0,50527.0,49745.0,50035.0,50273.0,55603.0,55625.0,55890.0,55069.0,55178.0,51848.0,51340.0,51373.0,51509.0,51651.0,48271.0,48712.0,48801.0,49968.0,49811.0,54193.0,53792.0,56848.0,56464.0,57047.0,47884.0,48093.0,45349.0,45788.0,44485.0,37185.0,37082.0,37003.0,35840.0,35485.0,17410.0,17168.0,17335.0,16842.0,16725.0,1397.0,1287.0,1293.0,1309.0,1282.0,1658.0,1650.0,1593.0,1701.0,1670.0,999.0,961.0,927.0,959.0,947.0,811.0,772.0,791.0,758.0,769.0,433.0,451.0,471.0,493.0,434.0
4082.0,3671.0,3599.0,3542.0,3476.0,3430.0,3315.0,3256.0,3279.0,3103.0,3138.0,2967.0,3005.0,2902.0,2914.0,2816.0,2752.0,2711.0,27933.0,28124.0,28349.0,28407.0,53183.0,54438.0,51714.0,49776.0,49651.0,49148.0,49805.0,50295.0,55781.0,55447.0,55497.0,54871.0,54689.0,51740.0,51320.0,51453.0,52033.0,50799.0,48695.0,48316.0,48634.0,48776.0,49354.0,51679.0,53368.0,53577.0,57047.0,56428.0,50812.0,47847.0,47373.0,45424.0,45569.0,37170.0,37154.0,36521.0,36495.0,35454.0,17419.0,17289.0,17222.0,16842.0,16402.0,1300.0,1328.0,1310.0,1289.0,1363.0,1643.0,1723.0,1714.0,1706.0,1668.0,1045.0,952.0,990.0,1000.0,936.0,804.0,740.0,736.0,759.0,787.0,451.0,449.0,478.0,449.0,440.0
3989.0,3691.0,3563.0,3378.0,3356.0,3492.0,3345.0,3059.0,3150.0,3061.0,3122.0,2994.0,2855.0,2906.0,2873.0,2760.0,2732.0,2773.0,24914.0,25084.0,25493.0,25640.0,47515.0,48635.0,45895.0,44217.0,44829.0,44078.0,44161.0,44984.0,49608.0,49681.0,49532.0,49276.0,48710.0,45348.0,46171.0,45600.0,45219.0,45585.0,42399.0,42928.0,43328.0,43350.0,42443.0,45833.0,46221.0,48192.0,47884.0,50812.0,46220.0,45922.0,42766.0,42506.0,40870.0,34299.0,32683.0,33159.0,32556.0,32053.0,15653.0,15370.0,15749.0,14940.0,15090.0,1364.0,1335.0,1342.0,1358.0,1360.0,1803.0,1612.0,1670.0,1791.0,1690.0,1062.0,974.0,1011.0,986.0,959.0,865.0,741.0,766.0,772.0,772.0,463.0,461.0,398.0,427.0,405.0
3990.0,3769.0,3611.0,3511.0,3328.0,3442.0,3255.0,3251.0,3216.0,3159.0,3123.0,2977.0,2960.0,3051.0,2937.0,2750.0,2744.0,2705.0,25003.0,25350.0,25257.0,25592.0,47546.0,48120.0,46235.0,44263.0,44689.0,43866.0,44274.0,44524.0,48898.0,49460.0,49604.0,49080.0,48938.0,45856.0,45409.0,45671.0,45329.0,45426.0,42459.0,41980.0,43010.0,43408.0,42847.0,44545.0,45751.0,45733.0,48093.0,47847.0,45922.0,45950.0,45360.0,42362.0,42537.0,34192.0,34002.0,32260.0,31990.0,31967.0,16121.0,15469.0,15413.0,14919.0,14942.0,1610.0,1332.0,1287.0,1287.0,1307.0,1720.0,1766.0,1740.0,1643.0,1673.0,1007.0,960.0,960.0,953.0,960.0,797.0,780.0,777.0,762.0,736.0,437.0,447.0,437.0,438.0,455.0
3997.0,3670.0,3553.0,3488.0,3327.0,3402.0,3188.0,3149.0,3208.0,3045.0,3026.0,2971.0,2971.0,2842.0,2731.0,2802.0,2731.0,2671.0,24854.0,25408.0,25164.0,25537.0,47397.0,47759.0,45795.0,43910.0,44617.0,43852.0,43530.0,44126.0,48835.0,48825.0,49141.0,48940.0,48336.0,45041.0,45030.0,44935.0,45409.0,44905.0,42421.0,41821.0,42006.0,42508.0,42631.0,44123.0,44335.0,46145.0,45349.0,47373.0,42766.0,45360.0,45296.0,45394.0,42659.0,35451.0,33813.0,33454.0,32269.0,31793.0,15921.0,16122.0,15380.0,15206.0,14875.0,1563.0,1544.0,1311.0,1329.0,1312.0,1819.0,1754.0,1847.0,1687.0,1612.0,996.0,978.0,957.0,945.0,1019.0,779.0,752.0,768.0,744.0,760.0,442.0,454.0,419.0,412.0,437.0
3874.0,3722.0,3511.0,3415.0,3311.0,3410.0,3166.0,3155.0,3205.0,2928.0,2969.0,2932.0,2833.0,2913.0,2851.0,2769.0,2677.0,2677.0,24683.0,25248.0,25068.0,25160.0,46405.0,47678.0,45645.0,43941.0,43973.0,43432.0,43580.0,44027.0,48941.0,49143.0,48559.0,48524.0,48179.0,44919.0,44779.0,45243.0,44630.0,44403.0,41994.0,41721.0,41736.0,42318.0,42002.0,44268.0,43695.0,44273.0,45788.0,45424.0,42506.0,42362.0,45394.0,44176.0,44720.0,35366.0,35429.0,33540.0,33424.0,31692.0,15919.0,15523.0,15878.0,14978.0,14867.0,1622.0,1554.0,1486.0,1369.0,1280.0,1779.0,1786.0,1736.0,1785.0,1626.0,938.0,905.0,968.0,980.0,925.0,829.0,784.0,719.0,735.0,722.0,456.0,478.0,436.0,433.0,419.0
4003.0,3653.0,3542.0,3413.0,3371.0,3309.0,3171.0,3206.0,3086.0,3061.0,2938.0,2901.0,2865.0,2841.0,2740.0,2708.0,2685.0,2674.0,25015.0,25014.0,25436.0,25464.0,46988.0,48300.0,46009.0,43964.0,44239.0,43675.0,43822.0,44222.0,48779.0,48863.0,48959.0,48679.0,48376.0,45313.0,45257.0,45133.0,44717.0,44812.0,42201.0,41609.0,41550.0,41867.0,41834.0,43912.0,44123.0,44207.0,44485.0,45569.0,40870.0,42537.0,42659.0,44720.0,45172.0,38331.0,35362.0,35228.0,33276.0,33065.0,15989.0,15819.0,15743.0,15841.0,14844.0,1563.0,1510.0,1520.0,1537.0,1284.0,1734.0,1727.0,1747.0,1814.0,1735.0,962.0,1017.0,962.0,975.0,858.0,779.0,796.0,782.0,762.0,751.0,446.0,471.0,492.0,419.0,417.0
3170.0,2891.0,2805.0,2690.0,2547.0,2673.0,2575.0,2477.0,2441.0,2444.0,2373.0,2282.0,2294.0,2219.0,2279.0,2161.0,2023.0,2055.0,20248.0,20570.0,20913.0,20427.0,39660.0,39859.0,38208.0,36752.0,36846.0,36191.0,36465.0,36969.0,41051.0,40387.0,40463.0,40595.0,40503.0,38879.0,38500.0,38856.0,38301.0,37910.0,35797.0,36203.0,36311.0,35833.0,35872.0,36770.0,37235.0,37188.0,37185.0,37170.0,34299.0,34192.0,35451.0,35366.0,38331.0,32674.0,32748.0,30294.0,30130.0,28218.0,14689.0,13311.0,13309.0,13391.0,13167.0,1069.0,961.0,1106.0,1035.0,1035.0,1101.0,1151.0,1139.0,1148.0,1169.0,716.0,664.0,567.0,648.0,574.0,467.0,471.0,493.0,429.0,506.0,328.0,310.0,285.0,238.0,284.0
3125.0,2936.0,2767.0,2582.0,2525.0,2686.0,2598.0,2373.0,2528.0,2370.0,2364.0,2204.0,2273.0,2183.0,2081.0,2019.0,2033.0,2049.0,19871.0,20835.0,20511.0,20627.0,38941.0,39584.0,37346.0,36188.0,36562.0,35971.0,36018.0,36530.0,40554.0,40546.0,39692.0,40231.0,40075.0,37791.0,38292.0,38349.0,37976.0,38191.0,35637.0,35577.0,35521.0,35801.0,35413.0,35816.0,35872.0,36876.0,37082.0,37154.0,32683.0,34002.0,33813.0,35429.0,35362.0,32748.0,32436.0,32184.0,29449.0,29271.0,14784.0,14461.0,13315.0,13037.0,13005.0,1323.0,1056.0,1034.0,1071.0,1067.0,1303.0,1182.0,1144.0,1196.0,1083.0,655.0,690.0,577.0,595.0,571.0,512.0,466.0,486.0,469.0,479.0,269.0,282.0,279.0,290.0,279.0
3150.0,2795.0,2716.0,2508.0,2474.0,2601.0,2527.0,2366.0,2375.0,2400.0,2303.0,2197.0,2133.0,2117.0,2175.0,2098.0,2110.0,2001.0,20229.0,20295.0,20398.0,20291.0,38705.0,39608.0,37405.0,36137.0,36071.0,35528.0,36136.0,36039.0,40087.0,40317.0,40158.0,39957.0,39804.0,37766.0,37985.0,38305.0,37950.0,37997.0,35366.0,34960.0,35004.0,35708.0,35225.0,36001.0,35796.0,35979.0,37003.0,36521.0,33159.0,32260.0,33454.0,33540.0,35228.0,30294.0,32184.0,31926.0,32226.0,29528.0,15934.0,14695.0,14478.0,13236.0,13100.0,1353.0,1354.0,1074.0,1005.0,1027.0,1297.0,1339.0,1141.0,1070.0,1110.0,640.0,654.0,673.0,646.0,535.0,494.0,472.0,441.0,472.0,479.0,278.0,268.0,297.0,262.0,267.0
2949.0,2822.0,2729.0,2690.0,2506.0,2667.0,2516.0,2388.0,2396.0,2233.0,2386.0,2204.0,2227.0,2138.0,2203.0,2058.0,2027.0,2080.0,20190.0,20198.0,20535.0,20521.0,38551.0,39074.0,37045.0,35699.0,36226.0,35675.0,35839.0,35990.0,39937.0,39982.0,39825.0,39618.0,39297.0,37840.0,37876.0,37764.0,38136.0,37423.0,35152.0,34894.0,35287.0,35091.0,35031.0,35786.0,35818.0,35975.0,35840.0,36495.0,32556.0,31990.0,32269.0,33424.0,33276.0,30130.0,29449.0,32226.0,31982.0,31673.0,15785.0,15874.0,14330.0,14212.0,13052.0,1393.0,1292.0,1363.0,1022.0,1083.0,1339.0,1301.0,1329.0,1110.0,1133.0,639.0,628.0,651.0,607.0,596.0,487.0,483.0,461.0,476.0,398.0,259.0,304.0,261.0,275.0,268.0
2953.0,2784.0,2712.0,2455.0,2420.0,2489.0,2502.0,2313.0,2445.0,2283.0,2248.0,2261.0,2186.0,2263.0,2119.0,2016.0,2016.0,2037.0,19917.0,19834.0,20071.0,20028.0,38161.0,38880.0,36504.0,35848.0,35718.0,35223.0,35430.0,35810.0,39763.0,39363.0,39833.0,39455.0,39159.0,37190.0,37805.0,37360.0,37298.0,37305.0,34730.0,34555.0,34783.0,34621.0,34580.0,35736.0,35735.0,35888.0,35485.0,35454.0,32053.0,31967.0,31793.0,31692.0,33065.0,28218.0,29271.0,29528.0,31673.0,31836.0,17956.0,15699.0,15638.0,13980.0,14016.0,1335.0,1282.0,1340.0,1297.0,1020.0,1273.0,1315.0,1299.0,1311.0,1155.0,709.0,648.0,635.0,644.0,635.0,495.0,510.0,457.0,471.0,458.0,292.0,289.0,265.0,233.0,255.0
2752.0,2605.0,2372.0,2401.0,2405.0,2421.0,2320.0,2265.0,2211.0,2134.0,2152.0,2044.0,1992.0,1957.0,2009.0,1984.0,1907.0,1888.0,10492.0,10480.0,10475.0,10625.0,18535.0,19337.0,18131.0,17878.0,17693.0,17797.0,17843.0,18019.0,19598.0,19574.0,19685.0,19527.0,19256.0,18386.0,18543.0,18448.0,18404.0,18175.0,16934.0,17171.0,17630.0,17242.0,17021.0,17250.0,17228.0,17516.0,17410.0,17419.0,15653.0,16121.0,15921.0,15919.0,15989.0,14689.0,14784.0,15934.0,15785.0,17956.0,12058.0,11918.0,9718.0,9695.0,8067.0,1911.0,1220.0,1286.0,1187.0,1212.0,1219.0,1236.0,1188.0,1211.0,1250.0,607.0,651.0,573.0,651.0,607.0,517.0,417.0,413.0,422.0,414.0,261.0,260.0,246.0,240.0,237.0
