25048.0,10220.0,6261.0,4547.0,3588.0,3874.0,3042.0,2682.0,2386.0,2197.0,2452.0,2050.0,1769.0,1805.0,1648.0,1555.0,1385.0,1368.0,37270.0,25030.0,19033.0,16001.0,13286.0,10112.0,8951.0,9280.0,8523.0,8323.0,6861.0,6641.0,6435.0,6248.0,5923.0,5435.0,5627.0,4949.0,5053.0,4894.0,4773.0,4673.0,4284.0,4225.0,4215.0,4273.0,4206.0,4148.0,4110.0,3979.0,4074.0,4137.0,4040.0,4100.0,4113.0,3959.0,3924.0,3082.0,3137.0,3019.0,2936.0,2966.0,2783.0,2751.0,2804.0,2648.0,2621.0,1415.0,1334.0,1324.0,1380.0,1299.0,1758.0,1577.0,1730.0,1734.0,1686.0,1027.0,1014.0,1035.0,935.0,915.0,792.0,776.0,739.0,747.0,698.0,512.0,443.0,450.0,429.0,427.0
10220.0,10302.0,6304.0,4493.0,3528.0,3722.0,2945.0,2553.0,2369.0,2235.0,2376.0,1994.0,1718.0,1677.0,1607.0,1471.0,1282.0,1304.0,6433.0,20974.0,15389.0,12941.0,11225.0,8293.0,7906.0,7872.0,7603.0,7497.0,6384.0,6113.0,5663.0,5608.0,5431.0,5017.0,4994.0,4644.0,4496.0,4494.0,4484.0,4455.0,4048.0,3909.0,3859.0,3901.0,3952.0,3822.0,3823.0,3663.0,3661.0,3664.0,3855.0,3756.0,3769.0,3696.0,3734.0,2961.0,2940.0,2888.0,2879.0,2856.0,2544.0,2558.0,2526.0,2479.0,2442.0,1313.0,1337.0,1320.0,1268.0,1295.0,1666.0,1661.0,1573.0,1514.0,1554.0,985.0,935.0,889.0,930.0,853.0,712.0,762.0,735.0,707.0,694.0,489.0,424.0,410.0,386.0,357.0
6261.0,6304.0,6098.0,4315.0,3355.0,3806.0,2951.0,2547.0,2341.0,2181.0,2380.0,2044.0,1817.0,1716.0,1673.0,1592.0,1403.0,1242.0,3647.0,4366.0,13500.0,11410.0,9890.0,7210.0,7121.0,7251.0,6875.0,6673.0,5764.0,5752.0,5569.0,5342.0,5163.0,4808.0,4883.0,4442.0,4392.0,4294.0,4196.0,4179.0,3883.0,3790.0,3718.0,3766.0,3761.0,3701.0,3669.0,3641.0,3624.0,3521.0,3665.0,3706.0,3596.0,3406.0,3595.0,2912.0,2778.0,2762.0,2650.0,2625.0,2457.0,2392.0,2309.0,2369.0,2351.0,1232.0,1245.0,1199.0,1223.0,1198.0,1596.0,1545.0,1587.0,1451.0,1435.0,965.0,928.0,891.0,875.0,847.0,722.0,721.0,683.0,704.0,719.0,426.0,428.0,420.0,351.0,346.0
4547.0,4493.0,4315.0,4366.0,3339.0,3762.0,2903.0,2582.0,2419.0,1981.0,2325.0,1930.0,1799.0,1687.0,1638.0,1434.0,1327.0,1313.0,3044.0,3064.0,3423.0,10290.0,9072.0,6495.0,6508.0,6649.0,6564.0,6409.0,5374.0,5391.0,5210.0,5004.0,4904.0,4402.0,4481.0,4453.0,4261.0,4163.0,4112.0,4082.0,3739.0,3745.0,3702.0,3592.0,3619.0,3720.0,3589.0,3528.0,3540.0,3555.0,3463.0,3442.0,3339.0,3490.0,3452.0,2796.0,2657.0,2676.0,2687.0,2517.0,2408.0,2284.0,2320.0,2291.0,2228.0,1280.0,1181.0,1225.0,1173.0,1156.0,1496.0,1497.0,1460.0,1457.0,1428.0,902.0,906.0,861.0,844.0,803.0,740.0,688.0,648.0,661.0,605.0,394.0,410.0,371.0,346.0,337.0
3588.0,3528.0,3355.0,3339.0,3440.0,3734.0,2905.0,2587.0,2234.0,2143.0,2212.0,1937.0,1787.0,1710.0,1662.0,1403.0,1268.0,1289.0,2357.0,2592.0,2597.0,2976.0,8231.0,5896.0,5952.0,6107.0,6148.0,6074.0,5176.0,5011.0,4915.0,5096.0,4728.0,4549.0,4338.0,4149.0,4060.0,3937.0,4015.0,3916.0,3661.0,3571.0,3688.0,3514.0,3569.0,3389.0,3448.0,3445.0,3345.0,3396.0,3364.0,3415.0,3370.0,3324.0,3301.0,2665.0,2643.0,2634.0,2630.0,2523.0,2351.0,2304.0,2271.0,2210.0,2281.0,1195.0,1174.0,1179.0,1206.0,1177.0,1401.0,1400.0,1477.0,1506.0,1385.0,856.0,898.0,861.0,809.0,834.0,715.0,677.0,723.0,662.0,630.0,381.0,421.0,394.0,357.0,382.0
3874.0,3722.0,3806.0,3762.0,3734.0,7026.0,3574.0,2681.0,2304.0,2130.0,2167.0,1832.0,1721.0,1636.0,1588.0,1436.0,1254.0,1263.0,2749.0,2678.0,2931.0,2935.0,4012.0,16539.0,10683.0,8901.0,7822.0,6826.0,6205.0,5709.0,5312.0,5278.0,5118.0,4608.0,4569.0,4271.0,4186.0,4065.0,3979.0,4103.0,3580.0,3795.0,3694.0,3639.0,3578.0,3486.0,3548.0,3577.0,3611.0,3415.0,3422.0,3365.0,3460.0,3349.0,3443.0,2678.0,2630.0,2601.0,2619.0,2696.0,2355.0,2318.0,2380.0,2274.0,2205.0,1142.0,1180.0,1200.0,1183.0,1144.0,1398.0,1441.0,1478.0,1469.0,1434.0,905.0,882.0,816.0,814.0,865.0,686.0,631.0,633.0,650.0,662.0,425.0,386.0,404.0,384.0,347.0
3042.0,2945.0,2951.0,2903.0,2905.0,3574.0,3518.0,2623.0,2178.0,2110.0,2183.0,1941.0,1858.0,1621.0,1531.0,1421.0,1285.0,1247.0,2185.0,2199.0,2177.0,2416.0,2488.0,2938.0,9271.0,7386.0,6436.0,5968.0,5082.0,5006.0,4862.0,4702.0,4595.0,4329.0,4200.0,3960.0,3825.0,3984.0,3952.0,3808.0,3535.0,3558.0,3523.0,3499.0,3495.0,3392.0,3437.0,3391.0,3376.0,3370.0,3333.0,3187.0,3272.0,3360.0,3206.0,2566.0,2550.0,2463.0,2555.0,2382.0,2280.0,2278.0,2215.0,2165.0,2169.0,1138.0,1162.0,1095.0,1167.0,1083.0,1367.0,1438.0,1399.0,1393.0,1271.0,879.0,873.0,797.0,799.0,780.0,663.0,652.0,636.0,641.0,589.0,391.0,379.0,341.0,295.0,342.0
2682.0,2553.0,2547.0,2582.0,2587.0,2681.0,2623.0,2672.0,2254.0,1969.0,2245.0,1863.0,1780.0,1681.0,1540.0,1395.0,1285.0,1242.0,2126.0,1949.0,2128.0,2054.0,2166.0,2221.0,2516.0,6573.0,5854.0,5300.0,4689.0,4642.0,4658.0,4455.0,4448.0,4062.0,4066.0,3761.0,3797.0,3764.0,3790.0,3735.0,3342.0,3333.0,3382.0,3365.0,3409.0,3152.0,3287.0,3184.0,3203.0,3220.0,3272.0,3214.0,3267.0,3173.0,3141.0,2503.0,2466.0,2560.0,2406.0,2423.0,2258.0,2186.0,2161.0,2200.0,2117.0,1136.0,1041.0,1097.0,1016.0,1115.0,1331.0,1405.0,1416.0,1331.0,1278.0,781.0,819.0,761.0,784.0,742.0,668.0,618.0,621.0,610.0,594.0,351.0,370.0,336.0,324.0,338.0
2386.0,2369.0,2341.0,2419.0,2234.0,2304.0,2178.0,2254.0,2226.0,2085.0,2185.0,1922.0,1707.0,1674.0,1613.0,1369.0,1310.0,1240.0,1973.0,1887.0,1844.0,1831.0,1985.0,2071.0,2074.0,2018.0,5462.0,4923.0,4139.0,4401.0,4252.0,4379.0,4284.0,4033.0,3961.0,3792.0,3674.0,3679.0,3663.0,3717.0,3325.0,3429.0,3410.0,3340.0,3337.0,3279.0,3238.0,3149.0,3194.0,3270.0,3234.0,3201.0,3117.0,3213.0,3140.0,2426.0,2400.0,2450.0,2401.0,2399.0,2123.0,2163.0,2113.0,2050.0,2013.0,1125.0,1095.0,1084.0,1067.0,1098.0,1287.0,1341.0,1323.0,1291.0,1280.0,814.0,842.0,825.0,761.0,754.0,619.0,597.0,656.0,601.0,545.0,340.0,340.0,380.0,313.0,302.0
2197.0,2235.0,2181.0,1981.0,2143.0,2130.0,2110.0,1969.0,2085.0,2044.0,2187.0,1846.0,1744.0,1574.0,1516.0,1379.0,1299.0,1215.0,1849.0,1814.0,1791.0,1843.0,1915.0,1839.0,1915.0,1715.0,1959.0,4478.0,3906.0,3976.0,4174.0,4070.0,4166.0,3830.0,3986.0,3691.0,3722.0,3655.0,3653.0,3415.0,3204.0,3216.0,3323.0,3235.0,3233.0,3168.0,3179.0,3215.0,3173.0,3075.0,3180.0,2995.0,3149.0,3169.0,3023.0,2496.0,2382.0,2280.0,2394.0,2235.0,2163.0,2128.0,2107.0,2035.0,2042.0,1150.0,1097.0,1131.0,988.0,1011.0,1347.0,1305.0,1264.0,1288.0,1277.0,810.0,827.0,749.0,771.0,761.0,552.0,606.0,650.0,622.0,594.0,377.0,370.0,321.0,314.0,329.0
2452.0,2376.0,2380.0,2325.0,2212.0,2167.0,2183.0,2245.0,2185.0,2187.0,3538.0,2104.0,1729.0,1612.0,1505.0,1380.0,1239.0,1219.0,2009.0,1971.0,1916.0,1912.0,1958.0,1992.0,1972.0,1932.0,1996.0,2599.0,10761.0,7054.0,5604.0,5165.0,4646.0,4171.0,3939.0,3791.0,3739.0,3724.0,3690.0,3509.0,3374.0,3296.0,3330.0,3322.0,3240.0,3224.0,3153.0,3197.0,3194.0,3024.0,3163.0,3095.0,3116.0,2963.0,2915.0,2439.0,2430.0,2325.0,2280.0,2301.0,2117.0,2053.0,2052.0,1992.0,2026.0,1085.0,1034.0,1068.0,973.0,1054.0,1306.0,1331.0,1231.0,1218.0,1285.0,769.0,764.0,775.0,714.0,761.0,613.0,608.0,618.0,538.0,586.0,375.0,355.0,365.0,344.0,329.0
2050.0,1994.0,2044.0,1930.0,1937.0,1832.0,1941.0,1863.0,1922.0,1846.0,2104.0,2092.0,1717.0,1579.0,1476.0,1370.0,1182.0,1210.0,1717.0,1771.0,1755.0,1691.0,1750.0,1816.0,1808.0,1578.0,1647.0,1689.0,1961.0,6119.0,4904.0,4251.0,4150.0,3602.0,3712.0,3544.0,3312.0,3374.0,3348.0,3460.0,3059.0,3146.0,3171.0,3135.0,3129.0,3000.0,2977.0,2992.0,3137.0,2981.0,3022.0,3047.0,2985.0,2908.0,2848.0,2311.0,2253.0,2194.0,2298.0,2253.0,2076.0,1930.0,1940.0,1934.0,1867.0,1079.0,1043.0,1016.0,1031.0,1026.0,1348.0,1256.0,1303.0,1209.0,1227.0,756.0,755.0,763.0,797.0,761.0,598.0,565.0,612.0,540.0,531.0,350.0,314.0,320.0,332.0,289.0
1769.0,1718.0,1817.0,1799.0,1787.0,1721.0,1858.0,1780.0,1707.0,1744.0,1729.0,1717.0,1718.0,1550.0,1562.0,1325.0,1219.0,1176.0,1661.0,1684.0,1695.0,1672.0,1671.0,1676.0,1763.0,1382.0,1419.0,1505.0,1535.0,1686.0,4352.0,3837.0,3606.0,3375.0,3505.0,3220.0,3314.0,3319.0,3353.0,3249.0,3006.0,3005.0,2992.0,2920.0,3012.0,2950.0,2956.0,2936.0,2916.0,2866.0,2947.0,3037.0,2903.0,2750.0,2886.0,2202.0,2249.0,2224.0,2249.0,2187.0,2053.0,2029.0,1978.0,1895.0,1874.0,1018.0,988.0,1014.0,1036.0,1035.0,1316.0,1291.0,1189.0,1221.0,1218.0,786.0,724.0,717.0,722.0,672.0,591.0,569.0,581.0,571.0,567.0,351.0,324.0,346.0,277.0,287.0
1805.0,1677.0,1716.0,1687.0,1710.0,1636.0,1621.0,1681.0,1674.0,1574.0,1612.0,1579.0,1550.0,1610.0,1515.0,1323.0,1232.0,1099.0,1596.0,1630.0,1720.0,1680.0,1675.0,1655.0,1633.0,1300.0,1286.0,1388.0,1358.0,1434.0,1557.0,3637.0,3385.0,3176.0,3237.0,3303.0,3161.0,3235.0,3207.0,3242.0,3088.0,3010.0,2914.0,3066.0,2962.0,2983.0,2863.0,2928.0,2926.0,2896.0,2863.0,2873.0,2895.0,2920.0,2766.0,2281.0,2196.0,2194.0,2191.0,2196.0,2009.0,1962.0,1923.0,1863.0,1835.0,1091.0,948.0,1023.0,975.0,996.0,1241.0,1290.0,1263.0,1177.0,1167.0,743.0,707.0,721.0,672.0,669.0,556.0,583.0,549.0,530.0,538.0,367.0,349.0,317.0,320.0,320.0
1648.0,1607.0,1673.0,1638.0,1662.0,1588.0,1531.0,1540.0,1613.0,1516.0,1505.0,1476.0,1562.0,1515.0,1508.0,1341.0,1226.0,1191.0,1592.0,1590.0,1686.0,1515.0,1548.0,1592.0,1566.0,1331.0,1293.0,1280.0,1344.0,1383.0,1362.0,1548.0,3182.0,2896.0,3096.0,3060.0,3057.0,3116.0,3109.0,3102.0,2890.0,2970.0,2837.0,2982.0,3011.0,3007.0,2855.0,2981.0,2901.0,2923.0,2821.0,2897.0,2880.0,2875.0,2699.0,2189.0,2116.0,2159.0,2186.0,2162.0,1972.0,1946.0,1870.0,1847.0,1765.0,1030.0,998.0,1056.0,1022.0,979.0,1204.0,1274.0,1262.0,1174.0,1176.0,745.0,706.0,735.0,736.0,700.0,615.0,537.0,553.0,544.0,563.0,338.0,341.0,334.0,297.0,284.0
1555.0,1471.0,1592.0,1434.0,1403.0,1436.0,1421.0,1395.0,1369.0,1379.0,1380.0,1370.0,1325.0,1323.0,1341.0,1456.0,1184.0,1091.0,1496.0,1462.0,1631.0,1609.0,1625.0,1572.0,1549.0,1209.0,1229.0,1221.0,1191.0,1293.0,1348.0,1343.0,1572.0,5340.0,3670.0,3090.0,3048.0,3047.0,3135.0,2928.0,2883.0,2897.0,2891.0,2839.0,2733.0,2764.0,2780.0,2731.0,2776.0,2643.0,2711.0,2791.0,2742.0,2690.0,2693.0,2111.0,2025.0,2086.0,2100.0,2009.0,1973.0,1880.0,1792.0,1838.0,1844.0,1006.0,950.0,942.0,987.0,965.0,1130.0,1226.0,1223.0,1129.0,1212.0,731.0,695.0,729.0,701.0,674.0,608.0,534.0,587.0,535.0,567.0,340.0,371.0,385.0,287.0,313.0
1385.0,1282.0,1403.0,1327.0,1268.0,1254.0,1285.0,1285.0,1310.0,1299.0,1239.0,1182.0,1219.0,1232.0,1226.0,1184.0,1066.0,1065.0,1533.0,1491.0,1467.0,1460.0,1452.0,1481.0,1561.0,1055.0,1058.0,1099.0,1089.0,1128.0,1141.0,1150.0,1227.0,1356.0,3160.0,2594.0,2750.0,2823.0,2744.0,2929.0,2744.0,2706.0,2715.0,2791.0,2721.0,2694.0,2793.0,2739.0,2728.0,2627.0,2788.0,2768.0,2677.0,2717.0,2642.0,2072.0,2059.0,2079.0,2056.0,2056.0,1864.0,1886.0,1808.0,1758.0,1806.0,961.0,932.0,965.0,969.0,936.0,1182.0,1197.0,1185.0,1122.0,1173.0,702.0,709.0,691.0,679.0,619.0,511.0,593.0,553.0,537.0,535.0,357.0,340.0,293.0,285.0,255.0
1368.0,1304.0,1242.0,1313.0,1289.0,1263.0,1247.0,1242.0,1240.0,1215.0,1219.0,1210.0,1176.0,1099.0,1191.0,1091.0,1065.0,1016.0,1403.0,1412.0,1468.0,1463.0,1442.0,1558.0,1490.0,1073.0,1056.0,1098.0,1119.0,1135.0,1082.0,1132.0,1135.0,1236.0,1284.0,2515.0,2574.0,2683.0,2741.0,2887.0,2640.0,2736.0,2634.0,2742.0,2699.0,2753.0,2632.0,2703.0,2663.0,2798.0,2710.0,2705.0,2745.0,2614.0,2576.0,2089.0,1992.0,2069.0,2113.0,2049.0,1943.0,1822.0,1767.0,1758.0,1743.0,941.0,992.0,921.0,895.0,891.0,1149.0,1230.0,1141.0,1184.0,1123.0,747.0,717.0,691.0,687.0,689.0,583.0,499.0,528.0,502.0,479.0,361.0,363.0,308.0,289.0,291.0
37270.0,6433.0,3647.0,3044.0,2357.0,2749.0,2185.0,2126.0,1973.0,1849.0,2009.0,1717.0,1661.0,1596.0,1592.0,1496.0,1533.0,1403.0,27204.0,24788.0,16823.0,15642.0,12118.0,11754.0,9443.0,6682.0,6710.0,6645.0,5620.0,5606.0,5550.0,5554.0,5375.0,4839.0,4967.0,7273.0,7190.0,7157.0,7191.0,6890.0,6211.0,6386.0,6211.0,6432.0,6386.0,4618.0,4582.0,4671.0,4532.0,4717.0,4639.0,4590.0,4543.0,4558.0,4581.0,3168.0,3276.0,3127.0,3100.0,3069.0,2793.0,2907.0,2925.0,2808.0,2725.0,1385.0,1317.0,1354.0,1302.0,1386.0,1671.0,1660.0,1690.0,1699.0,1729.0,1003.0,1000.0,1013.0,920.0,1021.0,836.0,770.0,832.0,763.0,801.0,456.0,489.0,490.0,407.0,429.0
25030.0,20974.0,4366.0,3064.0,2592.0,2678.0,2199.0,1949.0,1887.0,1814.0,1971.0,1771.0,1684.0,1630.0,1590.0,1462.0,1491.0,1412.0,24788.0,22724.0,21483.0,14893.0,14638.0,11502.0,11421.0,6799.0,6679.0,6600.0,6459.0,5620.0,5508.0,5590.0,5357.0,5367.0,5097.0,7258.0,7172.0,7298.0,7237.0,7165.0,6377.0,6400.0,6325.0,6376.0,6279.0,4760.0,4660.0,4634.0,4684.0,4667.0,4784.0,4662.0,4612.0,4631.0,4572.0,3295.0,3184.0,3308.0,3199.0,3212.0,2920.0,2867.0,3014.0,2843.0,2887.0,1351.0,1311.0,1364.0,1339.0,1358.0,1870.0,1804.0,1722.0,1764.0,1832.0,990.0,976.0,977.0,1001.0,991.0,845.0,815.0,839.0,827.0,820.0,538.0,493.0,461.0,470.0,451.0
19033.0,15389.0,13500.0,3423.0,2597.0,2931.0,2177.0,2128.0,1844.0,1791.0,1916.0,1755.0,1695.0,1720.0,1686.0,1631.0,1467.0,1468.0,16823.0,21483.0,20376.0,19043.0,14191.0,13677.0,11286.0,8721.0,6625.0,6466.0,6472.0,6455.0,5398.0,5444.0,5407.0,5367.0,5417.0,7192.0,7268.0,7222.0,7111.0,7260.0,6780.0,6403.0,6325.0,6287.0,6484.0,4536.0,4540.0,4725.0,4596.0,4641.0,4650.0,4706.0,4781.0,4568.0,4577.0,3154.0,3153.0,3146.0,3118.0,3094.0,2939.0,2827.0,3035.0,2746.0,2793.0,1363.0,1319.0,1295.0,1284.0,1337.0,1831.0,1727.0,1790.0,1704.0,1810.0,1013.0,988.0,1020.0,979.0,1016.0,797.0,790.0,830.0,781.0,783.0,522.0,461.0,454.0,471.0,503.0
16001.0,12941.0,11410.0,10290.0,2976.0,2935.0,2416.0,2054.0,1831.0,1843.0,1912.0,1691.0,1672.0,1680.0,1515.0,1609.0,1460.0,1463.0,15642.0,14893.0,19043.0,18412.0,17877.0,13342.0,13350.0,8491.0,8332.0,6454.0,6320.0,6414.0,6075.0,5394.0,5417.0,5393.0,5337.0,7588.0,7053.0,7053.0,7276.0,7151.0,6483.0,6521.0,6223.0,6442.0,6420.0,4588.0,4587.0,4691.0,4698.0,4582.0,4552.0,4663.0,4525.0,4518.0,4586.0,3336.0,3087.0,3123.0,3051.0,3102.0,2890.0,2818.0,2830.0,2837.0,2730.0,1366.0,1405.0,1390.0,1399.0,1317.0,1799.0,1700.0,1756.0,1643.0,1699.0,1006.0,1006.0,1006.0,948.0,961.0,803.0,798.0,776.0,793.0,758.0,471.0,488.0,472.0,458.0,463.0
13286.0,11225.0,9890.0,9072.0,8231.0,4012.0,2488.0,2166.0,1985.0,1915.0,1958.0,1750.0,1671.0,1675.0,1548.0,1625.0,1452.0,1442.0,12118.0,14638.0,14191.0,17877.0,17254.0,16913.0,13119.0,10896.0,8388.0,8184.0,6291.0,6275.0,6172.0,6050.0,5365.0,5322.0,5374.0,7781.0,7386.0,7255.0,7063.0,7287.0,6515.0,6678.0,6379.0,6438.0,6414.0,4605.0,4599.0,4624.0,4599.0,4484.0,4713.0,4563.0,4586.0,4574.0,4587.0,3252.0,3204.0,3182.0,3118.0,2969.0,2789.0,2885.0,2776.0,2699.0,2675.0,1361.0,1344.0,1350.0,1364.0,1309.0,1763.0,1754.0,1727.0,1687.0,1662.0,990.0,957.0,1032.0,1018.0,909.0,820.0,808.0,813.0,756.0,807.0,514.0,486.0,491.0,455.0,463.0
10112.0,8293.0,7210.0,6495.0,5896.0,16539.0,2938.0,2221.0,2071.0,1839.0,1992.0,1816.0,1676.0,1655.0,1592.0,1572.0,1481.0,1558.0,11754.0,11502.0,13677.0,13342.0,16913.0,16626.0,16229.0,10557.0,10400.0,8122.0,8043.0,6113.0,6095.0,6093.0,6070.0,5132.0,5457.0,7643.0,7447.0,7397.0,7310.0,7220.0,6444.0,6652.0,6414.0,6644.0,6389.0,4432.0,4545.0,4604.0,4486.0,4565.0,4614.0,4637.0,4584.0,4668.0,4684.0,3262.0,3191.0,3162.0,3072.0,3158.0,2750.0,2857.0,2889.0,2792.0,2796.0,1347.0,1265.0,1267.0,1335.0,1252.0,1733.0,1755.0,1721.0,1694.0,1646.0,1011.0,1004.0,1044.0,1066.0,970.0,837.0,818.0,848.0,750.0,854.0,496.0,443.0,471.0,446.0,459.0
8951.0,7906.0,7121.0,6508.0,5952.0,10683.0,9271.0,2516.0,2074.0,1915.0,1972.0,1808.0,1763.0,1633.0,1566.0,1549.0,1561.0,1490.0,9443.0,11421.0,11286.0,13350.0,13119.0,16229.0,16162.0,14087.0,10477.0,10410.0,8108.0,8085.0,6342.0,6063.0,5899.0,6021.0,5207.0,7533.0,7417.0,7476.0,7365.0,7113.0,6329.0,6636.0,6415.0,6518.0,6482.0,4502.0,4472.0,4519.0,4530.0,4493.0,4593.0,4533.0,4494.0,4437.0,4456.0,3234.0,3193.0,3210.0,3161.0,3085.0,2867.0,2831.0,2816.0,2730.0,2831.0,1341.0,1334.0,1338.0,1298.0,1357.0,1654.0,1772.0,1658.0,1725.0,1703.0,1002.0,950.0,982.0,928.0,979.0,783.0,790.0,782.0,763.0,786.0,508.0,448.0,494.0,445.0,422.0
9280.0,7872.0,7251.0,6649.0,6107.0,8901.0,7386.0,6573.0,2018.0,1715.0,1932.0,1578.0,1382.0,1300.0,1331.0,1209.0,1055.0,1073.0,6682.0,6799.0,8721.0,8491.0,10896.0,10557.0,14087.0,15464.0,15414.0,11466.0,11357.0,9024.0,8822.0,7113.0,6718.0,6843.0,6856.0,4814.0,4894.0,4830.0,4793.0,4904.0,3978.0,4158.0,4095.0,4259.0,4213.0,5467.0,5307.0,5270.0,5242.0,5240.0,5505.0,5361.0,5162.0,5254.0,5322.0,3726.0,3591.0,3687.0,3687.0,3619.0,3313.0,3295.0,3322.0,3285.0,3121.0,1488.0,1551.0,1512.0,1530.0,1500.0,1904.0,2029.0,2073.0,2026.0,1961.0,1176.0,1207.0,1125.0,1111.0,1177.0,919.0,909.0,965.0,902.0,902.0,561.0,544.0,518.0,562.0,517.0
8523.0,7603.0,6875.0,6564.0,6148.0,7822.0,6436.0,5854.0,5462.0,1959.0,1996.0,1647.0,1419.0,1286.0,1293.0,1229.0,1058.0,1056.0,6710.0,6679.0,6625.0,8332.0,8388.0,10400.0,10477.0,15414.0,14906.0,14956.0,11174.0,11063.0,8759.0,8705.0,6942.0,6766.0,6700.0,5822.0,4842.0,4801.0,4764.0,4793.0,4409.0,4109.0,4133.0,4027.0,4181.0,5435.0,5541.0,5183.0,5354.0,5197.0,5381.0,5293.0,5139.0,5195.0,5277.0,3738.0,3606.0,3783.0,3544.0,3590.0,3425.0,3250.0,3335.0,3298.0,3204.0,1539.0,1449.0,1539.0,1559.0,1486.0,1958.0,1951.0,1971.0,2000.0,1947.0,1100.0,1178.0,1156.0,1106.0,1172.0,973.0,920.0,932.0,895.0,846.0,548.0,533.0,505.0,519.0,506.0
8323.0,7497.0,6673.0,6409.0,6074.0,6826.0,5968.0,5300.0,4923.0,4478.0,2599.0,1689.0,1505.0,1388.0,1280.0,1221.0,1099.0,1098.0,6645.0,6600.0,6466.0,6454.0,8184.0,8122.0,10410.0,11466.0,14956.0,14708.0,14702.0,11305.0,10820.0,8568.0,8635.0,6787.0,6969.0,5675.0,5577.0,4952.0,4925.0,4802.0,4396.0,4481.0,4085.0,4181.0,3978.0,5521.0,5472.0,5498.0,5236.0,5344.0,5305.0,5505.0,5299.0,5169.0,5128.0,3669.0,3595.0,3641.0,3583.0,3721.0,3357.0,3319.0,3239.0,3356.0,3220.0,1526.0,1549.0,1580.0,1485.0,1617.0,2079.0,1980.0,2035.0,2023.0,1908.0,1224.0,1145.0,1148.0,1176.0,1127.0,963.0,919.0,910.0,926.0,879.0,552.0,531.0,504.0,516.0,506.0
6861.0,6384.0,5764.0,5374.0,5176.0,6205.0,5082.0,4689.0,4139.0,3906.0,10761.0,1961.0,1535.0,1358.0,1344.0,1191.0,1089.0,1119.0,5620.0,6459.0,6472.0,6320.0,6291.0,8043.0,8108.0,11357.0,11174.0,14702.0,14454.0,14443.0,10605.0,10973.0,8573.0,8451.0,6772.0,5629.0,5540.0,5506.0,4782.0,4708.0,4393.0,4400.0,4328.0,4015.0,4123.0,5332.0,5418.0,5369.0,5339.0,5125.0,5375.0,5319.0,5279.0,5249.0,5276.0,3822.0,3629.0,3678.0,3611.0,3674.0,3280.0,3320.0,3285.0,3192.0,3284.0,1590.0,1494.0,1543.0,1445.0,1517.0,2027.0,2008.0,1969.0,1997.0,1916.0,1118.0,1152.0,1146.0,1148.0,1092.0,884.0,937.0,987.0,871.0,897.0,563.0,537.0,553.0,542.0,530.0
6641.0,6113.0,5752.0,5391.0,5011.0,5709.0,5006.0,4642.0,4401.0,3976.0,7054.0,6119.0,1686.0,1434.0,1383.0,1293.0,1128.0,1135.0,5606.0,5620.0,6455.0,6414.0,6275.0,6113.0,8085.0,9024.0,11063.0,11305.0,14443.0,14604.0,14315.0,10848.0,10867.0,8408.0,8482.0,5675.0,5628.0,5558.0,5500.0,4925.0,4418.0,4417.0,4477.0,4495.0,4213.0,5382.0,5318.0,5460.0,5356.0,5341.0,5241.0,5218.0,5269.0,5241.0,5156.0,3694.0,3686.0,3587.0,3545.0,3603.0,3225.0,3317.0,3332.0,3224.0,3210.0,1560.0,1560.0,1523.0,1448.0,1627.0,1999.0,1994.0,1958.0,1902.0,1867.0,1201.0,1077.0,1150.0,1087.0,1120.0,954.0,908.0,898.0,855.0,863.0,573.0,553.0,514.0,469.0,452.0
6435.0,5663.0,5569.0,5210.0,4915.0,5312.0,4862.0,4658.0,4252.0,4174.0,5604.0,4904.0,4352.0,1557.0,1362.0,1348.0,1141.0,1082.0,5550.0,5508.0,5398.0,6075.0,6172.0,6095.0,6342.0,8822.0,8759.0,10820.0,10605.0,14315.0,14018.0,13815.0,10357.0,10367.0,8433.0,7157.0,5481.0,5545.0,5468.0,5557.0,4291.0,4249.0,4354.0,4352.0,4324.0,5346.0,5290.0,5276.0,5240.0,5160.0,5378.0,5220.0,5161.0,5164.0,5137.0,3537.0,3603.0,3575.0,3515.0,3532.0,3229.0,3209.0,3131.0,3166.0,3066.0,1481.0,1449.0,1509.0,1537.0,1436.0,1887.0,1888.0,1960.0,1883.0,1886.0,1137.0,1093.0,1068.0,1103.0,1045.0,913.0,909.0,936.0,861.0,845.0,465.0,492.0,478.0,473.0,495.0
6248.0,5608.0,5342.0,5004.0,5096.0,5278.0,4702.0,4455.0,4379.0,4070.0,5165.0,4251.0,3837.0,3637.0,1548.0,1343.0,1150.0,1132.0,5554.0,5590.0,5444.0,5394.0,6050.0,6093.0,6063.0,7113.0,8705.0,8568.0,10973.0,10848.0,13815.0,13708.0,13633.0,10369.0,10325.0,7195.0,6965.0,5629.0,5536.0,5439.0,5098.0,4215.0,4357.0,4229.0,4238.0,5552.0,5183.0,5215.0,5223.0,5023.0,5350.0,5223.0,5176.0,4990.0,5089.0,3607.0,3630.0,3514.0,3572.0,3488.0,3115.0,3154.0,3086.0,3124.0,3092.0,1504.0,1431.0,1462.0,1447.0,1456.0,2014.0,1910.0,1915.0,1904.0,1820.0,1073.0,1130.0,1127.0,1088.0,1172.0,889.0,861.0,861.0,841.0,870.0,545.0,544.0,523.0,466.0,474.0
5923.0,5431.0,5163.0,4904.0,4728.0,5118.0,4595.0,4448.0,4284.0,4166.0,4646.0,4150.0,3606.0,3385.0,3182.0,1572.0,1227.0,1135.0,5375.0,5357.0,5407.0,5417.0,5365.0,6070.0,5899.0,6718.0,6942.0,8635.0,8573.0,10867.0,10357.0,13633.0,13810.0,13721.0,10486.0,9037.0,7060.0,7046.0,5413.0,5432.0,4946.0,5091.0,4216.0,4398.0,4396.0,5603.0,5539.0,5233.0,5210.0,5156.0,5261.0,5227.0,5317.0,5134.0,5044.0,3646.0,3521.0,3500.0,3488.0,3592.0,3200.0,3268.0,3107.0,3174.0,3131.0,1418.0,1457.0,1450.0,1441.0,1509.0,1895.0,1966.0,1815.0,1893.0,1959.0,1139.0,1098.0,1083.0,1020.0,1089.0,910.0,959.0,889.0,862.0,828.0,521.0,539.0,530.0,508.0,512.0
5435.0,5017.0,4808.0,4402.0,4549.0,4608.0,4329.0,4062.0,4033.0,3830.0,4171.0,3602.0,3375.0,3176.0,2896.0,5340.0,1356.0,1236.0,4839.0,5367.0,5367.0,5393.0,5322.0,5132.0,6021.0,6843.0,6766.0,6787.0,8451.0,8408.0,10367.0,10369.0,13721.0,13498.0,13356.0,9004.0,8893.0,6847.0,6880.0,5441.0,4810.0,5070.0,4926.0,4087.0,4258.0,5496.0,5399.0,5458.0,5175.0,5114.0,5165.0,5241.0,5305.0,5219.0,4837.0,3630.0,3509.0,3503.0,3414.0,3462.0,3189.0,3080.0,3130.0,3013.0,3067.0,1394.0,1449.0,1415.0,1457.0,1471.0,1877.0,1925.0,1783.0,1921.0,1837.0,1128.0,1128.0,1104.0,1071.0,1078.0,898.0,872.0,843.0,858.0,799.0,539.0,510.0,485.0,515.0,483.0
5627.0,4994.0,4883.0,4481.0,4338.0,4569.0,4200.0,4066.0,3961.0,3986.0,3939.0,3712.0,3505.0,3237.0,3096.0,3670.0,3160.0,1284.0,4967.0,5097.0,5417.0,5337.0,5374.0,5457.0,5207.0,6856.0,6700.0,6969.0,6772.0,8482.0,8433.0,10325.0,10486.0,13356.0,13626.0,12235.0,9038.0,9187.0,7024.0,7060.0,4821.0,4837.0,4826.0,4885.0,4215.0,5473.0,5538.0,5564.0,5428.0,5053.0,5136.0,5140.0,5246.0,5280.0,5004.0,3504.0,3506.0,3308.0,3460.0,3568.0,3121.0,3170.0,3122.0,3080.0,3005.0,1431.0,1482.0,1487.0,1452.0,1490.0,1938.0,1897.0,1936.0,1910.0,1825.0,1114.0,1165.0,1028.0,1037.0,1035.0,886.0,909.0,817.0,828.0,857.0,538.0,527.0,501.0,471.0,463.0
4949.0,4644.0,4442.0,4453.0,4149.0,4271.0,3960.0,3761.0,3792.0,3691.0,3791.0,3544.0,3220.0,3303.0,3060.0,3090.0,2594.0,2515.0,7273.0,7258.0,7192.0,7588.0,7781.0,7643.0,7533.0,4814.0,5822.0,5675.0,5629.0,5675.0,7157.0,7195.0,9037.0,9004.0,12235.0,11450.0,11419.0,8581.0,8566.0,6507.0,6036.0,4747.0,4508.0,4572.0,4433.0,3760.0,3783.0,3690.0,3807.0,3759.0,3524.0,3587.0,3524.0,3403.0,3563.0,3437.0,3217.0,3116.0,3237.0,3173.0,2866.0,2943.0,2831.0,2971.0,2926.0,1361.0,1380.0,1296.0,1336.0,1339.0,1836.0,1826.0,1744.0,1833.0,1676.0,1021.0,1008.0,1028.0,995.0,942.0,858.0,809.0,772.0,792.0,792.0,478.0,477.0,489.0,429.0,427.0
5053.0,4496.0,4392.0,4261.0,4060.0,4186.0,3825.0,3797.0,3674.0,3722.0,3739.0,3312.0,3314.0,3161.0,3057.0,3048.0,2750.0,2574.0,7190.0,7172.0,7268.0,7053.0,7386.0,7447.0,7417.0,4894.0,4842.0,5577.0,5540.0,5628.0,5481.0,6965.0,7060.0,8893.0,9038.0,11419.0,11490.0,11332.0,8325.0,8411.0,6042.0,5887.0,4509.0,4545.0,4556.0,4491.0,3702.0,3770.0,3751.0,3855.0,3809.0,3414.0,3499.0,3521.0,3493.0,3425.0,3404.0,3228.0,3113.0,3203.0,2924.0,2935.0,2930.0,2738.0,2795.0,1356.0,1301.0,1349.0,1350.0,1401.0,1785.0,1763.0,1717.0,1708.0,1768.0,939.0,958.0,970.0,976.0,909.0,842.0,835.0,767.0,820.0,770.0,457.0,450.0,478.0,458.0,474.0
4894.0,4494.0,4294.0,4163.0,3937.0,4065.0,3984.0,3764.0,3679.0,3655.0,3724.0,3374.0,3319.0,3235.0,3116.0,3047.0,2823.0,2683.0,7157.0,7298.0,7222.0,7053.0,7255.0,7397.0,7476.0,4830.0,4801.0,4952.0,5506.0,5558.0,5545.0,5629.0,7046.0,6847.0,9187.0,8581.0,11332.0,11300.0,11301.0,8514.0,7761.0,5888.0,5904.0,4584.0,4518.0,4383.0,4404.0,3775.0,3724.0,3568.0,3740.0,3753.0,3418.0,3561.0,3392.0,3406.0,3290.0,3358.0,3205.0,3121.0,2856.0,3033.0,2866.0,2786.0,2807.0,1361.0,1347.0,1286.0,1336.0,1357.0,1705.0,1742.0,1745.0,1729.0,1675.0,1042.0,1026.0,996.0,928.0,922.0,817.0,852.0,804.0,701.0,752.0,517.0,463.0,442.0,423.0,469.0
4773.0,4484.0,4196.0,4112.0,4015.0,3979.0,3952.0,3790.0,3663.0,3653.0,3690.0,3348.0,3353.0,3207.0,3109.0,3135.0,2744.0,2741.0,7191.0,7237.0,7111.0,7276.0,7063.0,7310.0,7365.0,4793.0,4764.0,4925.0,4782.0,5500.0,5468.0,5536.0,5413.0,6880.0,7024.0,8566.0,8325.0,11301.0,11178.0,11260.0,7666.0,7758.0,5924.0,5985.0,4466.0,4429.0,4410.0,4417.0,3632.0,3699.0,3757.0,3686.0,3861.0,3472.0,3462.0,3258.0,3367.0,3276.0,3263.0,3099.0,2885.0,2898.0,2775.0,2854.0,2872.0,1371.0,1356.0,1309.0,1254.0,1369.0,1703.0,1759.0,1729.0,1744.0,1661.0,1063.0,942.0,962.0,983.0,949.0,872.0,796.0,759.0,795.0,754.0,471.0,441.0,421.0,444.0,431.0
4673.0,4455.0,4179.0,4082.0,3916.0,4103.0,3808.0,3735.0,3717.0,3415.0,3509.0,3460.0,3249.0,3242.0,3102.0,2928.0,2929.0,2887.0,6890.0,7165.0,7260.0,7151.0,7287.0,7220.0,7113.0,4904.0,4793.0,4802.0,4708.0,4925.0,5557.0,5439.0,5432.0,5441.0,7060.0,6507.0,8411.0,8514.0,11260.0,11342.0,10652.0,7667.0,7890.0,6096.0,6122.0,4528.0,4459.0,4351.0,4424.0,3694.0,3763.0,3703.0,3615.0,3764.0,3396.0,3350.0,3281.0,3392.0,3367.0,3272.0,2858.0,2858.0,2852.0,2823.0,2818.0,1381.0,1277.0,1329.0,1340.0,1347.0,1752.0,1782.0,1748.0,1709.0,1714.0,1057.0,1008.0,971.0,955.0,984.0,850.0,785.0,811.0,778.0,752.0,526.0,462.0,471.0,433.0,450.0
4284.0,4048.0,3883.0,3739.0,3661.0,3580.0,3535.0,3342.0,3325.0,3204.0,3374.0,3059.0,3006.0,3088.0,2890.0,2883.0,2744.0,2640.0,6211.0,6377.0,6780.0,6483.0,6515.0,6444.0,6329.0,3978.0,4409.0,4396.0,4393.0,4418.0,4291.0,5098.0,4946.0,4810.0,4821.0,6036.0,6042.0,7761.0,7666.0,10652.0,10052.0,10000.0,7235.0,7236.0,5625.0,5611.0,4124.0,4086.0,4141.0,4036.0,3422.0,3454.0,3471.0,3464.0,3512.0,3166.0,2967.0,2928.0,2909.0,2987.0,2689.0,2707.0,2585.0,2624.0,2521.0,1237.0,1215.0,1186.0,1203.0,1186.0,1615.0,1552.0,1627.0,1582.0,1526.0,951.0,945.0,887.0,910.0,877.0,813.0,763.0,742.0,708.0,705.0,419.0,454.0,449.0,403.0,413.0
4225.0,3909.0,3790.0,3745.0,3571.0,3795.0,3558.0,3333.0,3429.0,3216.0,3296.0,3146.0,3005.0,3010.0,2970.0,2897.0,2706.0,2736.0,6386.0,6400.0,6403.0,6521.0,6678.0,6652.0,6636.0,4158.0,4109.0,4481.0,4400.0,4417.0,4249.0,4215.0,5091.0,5070.0,4837.0,4747.0,5887.0,5888.0,7758.0,7667.0,10000.0,9830.0,10010.0,7230.0,7223.0,5676.0,5689.0,4230.0,4141.0,4254.0,4134.0,3458.0,3457.0,3598.0,3420.0,3403.0,3076.0,2997.0,2894.0,2982.0,2817.0,2721.0,2630.0,2577.0,2563.0,1209.0,1241.0,1172.0,1229.0,1198.0,1602.0,1670.0,1579.0,1612.0,1560.0,942.0,946.0,937.0,823.0,897.0,760.0,760.0,732.0,701.0,711.0,427.0,417.0,398.0,399.0,416.0
4215.0,3859.0,3718.0,3702.0,3688.0,3694.0,3523.0,3382.0,3410.0,3323.0,3330.0,3171.0,2992.0,2914.0,2837.0,2891.0,2715.0,2634.0,6211.0,6325.0,6325.0,6223.0,6379.0,6414.0,6415.0,4095.0,4133.0,4085.0,4328.0,4477.0,4354.0,4357.0,4216.0,4926.0,4826.0,4508.0,4509.0,5904.0,5924.0,7890.0,7235.0,10010.0,9842.0,9894.0,7247.0,7374.0,5679.0,5675.0,4263.0,4038.0,4221.0,4226.0,3495.0,3597.0,3378.0,3369.0,3225.0,3032.0,2941.0,2904.0,2775.0,2798.0,2777.0,2591.0,2656.0,1263.0,1198.0,1236.0,1242.0,1191.0,1597.0,1619.0,1494.0,1553.0,1612.0,930.0,898.0,917.0,990.0,845.0,745.0,737.0,691.0,724.0,757.0,453.0,409.0,405.0,438.0,379.0
4273.0,3901.0,3766.0,3592.0,3514.0,3639.0,3499.0,3365.0,3340.0,3235.0,3322.0,3135.0,2920.0,3066.0,2982.0,2839.0,2791.0,2742.0,6432.0,6376.0,6287.0,6442.0,6438.0,6644.0,6518.0,4259.0,4027.0,4181.0,4015.0,4495.0,4352.0,4229.0,4398.0,4087.0,4885.0,4572.0,4545.0,4584.0,5985.0,6096.0,7236.0,7230.0,9894.0,9746.0,10139.0,7450.0,7395.0,5667.0,5695.0,4108.0,4268.0,4195.0,4110.0,3503.0,3377.0,3323.0,3228.0,3178.0,3029.0,2989.0,2851.0,2650.0,2624.0,2695.0,2583.0,1219.0,1209.0,1156.0,1228.0,1216.0,1646.0,1618.0,1513.0,1606.0,1545.0,924.0,893.0,928.0,923.0,844.0,746.0,684.0,724.0,715.0,710.0,469.0,429.0,438.0,386.0,432.0
4206.0,3952.0,3761.0,3619.0,3569.0,3578.0,3495.0,3409.0,3337.0,3233.0,3240.0,3129.0,3012.0,2962.0,3011.0,2733.0,2721.0,2699.0,6386.0,6279.0,6484.0,6420.0,6414.0,6389.0,6482.0,4213.0,4181.0,3978.0,4123.0,4213.0,4324.0,4238.0,4396.0,4258.0,4215.0,4433.0,4556.0,4518.0,4466.0,6122.0,5625.0,7223.0,7247.0,10139.0,9836.0,9890.0,7345.0,7248.0,5652.0,5752.0,4300.0,4216.0,4113.0,4316.0,3416.0,3459.0,3410.0,3222.0,3263.0,3053.0,2757.0,2705.0,2744.0,2766.0,2753.0,1228.0,1267.0,1270.0,1242.0,1252.0,1592.0,1599.0,1613.0,1522.0,1531.0,867.0,950.0,945.0,922.0,865.0,763.0,718.0,792.0,728.0,759.0,448.0,461.0,436.0,442.0,398.0
4148.0,3822.0,3701.0,3720.0,3389.0,3486.0,3392.0,3152.0,3279.0,3168.0,3224.0,3000.0,2950.0,2983.0,3007.0,2764.0,2694.0,2753.0,4618.0,4760.0,4536.0,4588.0,4605.0,4432.0,4502.0,5467.0,5435.0,5521.0,5332.0,5382.0,5346.0,5552.0,5603.0,5496.0,5473.0,3760.0,4491.0,4383.0,4429.0,4528.0,5611.0,5676.0,7374.0,7450.0,9890.0,10424.0,10363.0,7606.0,7584.0,5758.0,5705.0,4195.0,4217.0,4315.0,4278.0,2767.0,2776.0,2729.0,2707.0,2689.0,2102.0,2179.0,2123.0,2092.0,2020.0,1323.0,1265.0,1315.0,1269.0,1302.0,1648.0,1756.0,1645.0,1644.0,1565.0,998.0,942.0,954.0,976.0,969.0,761.0,795.0,820.0,731.0,726.0,465.0,475.0,408.0,405.0,431.0
4110.0,3823.0,3669.0,3589.0,3448.0,3548.0,3437.0,3287.0,3238.0,3179.0,3153.0,2977.0,2956.0,2863.0,2855.0,2780.0,2793.0,2632.0,4582.0,4660.0,4540.0,4587.0,4599.0,4545.0,4472.0,5307.0,5541.0,5472.0,5418.0,5318.0,5290.0,5183.0,5539.0,5399.0,5538.0,3783.0,3702.0,4404.0,4410.0,4459.0,4124.0,5689.0,5679.0,7395.0,7345.0,10363.0,10134.0,10228.0,7536.0,7537.0,5749.0,5742.0,4266.0,4189.0,4108.0,3288.0,2603.0,2661.0,2603.0,2651.0,2501.0,2121.0,2180.0,2115.0,2042.0,1374.0,1332.0,1258.0,1249.0,1197.0,1695.0,1794.0,1536.0,1575.0,1564.0,998.0,935.0,937.0,891.0,885.0,755.0,788.0,758.0,807.0,768.0,470.0,408.0,471.0,475.0,467.0
3979.0,3663.0,3641.0,3528.0,3445.0,3577.0,3391.0,3184.0,3149.0,3215.0,3197.0,2992.0,2936.0,2928.0,2981.0,2731.0,2739.0,2703.0,4671.0,4634.0,4725.0,4691.0,4624.0,4604.0,4519.0,5270.0,5183.0,5498.0,5369.0,5460.0,5276.0,5215.0,5233.0,5458.0,5564.0,3690.0,3770.0,3775.0,4417.0,4351.0,4086.0,4230.0,5675.0,5667.0,7248.0,7606.0,10228.0,10626.0,10467.0,7423.0,7648.0,5739.0,5732.0,4144.0,4235.0,3318.0,3345.0,2694.0,2669.0,2603.0,2474.0,2441.0,2154.0,2102.0,2107.0,1396.0,1323.0,1313.0,1270.0,1306.0,1679.0,1686.0,1591.0,1660.0,1688.0,977.0,997.0,961.0,932.0,916.0,804.0,808.0,786.0,761.0,798.0,475.0,424.0,455.0,425.0,420.0
4074.0,3661.0,3624.0,3540.0,3345.0,3611.0,3376.0,3203.0,3194.0,3173.0,3194.0,3137.0,2916.0,2926.0,2901.0,2776.0,2728.0,2663.0,4532.0,4684.0,4596.0,4698.0,4599.0,4486.0,4530.0,5242.0,5354.0,5236.0,5339.0,5356.0,5240.0,5223.0,5210.0,5175.0,5428.0,3807.0,3751.0,3724.0,3632.0,4424.0,4141.0,4141.0,4263.0,5695.0,5652.0,7584.0,7536.0,10467.0,10274.0,10226.0,7599.0,7508.0,5643.0,5735.0,4249.0,3369.0,3214.0,3187.0,2568.0,2561.0,2481.0,2428.0,2423.0,2016.0,2106.0,1344.0,1230.0,1323.0,1339.0,1286.0,1661.0,1717.0,1654.0,1601.0,1638.0,1015.0,1024.0,1040.0,938.0,987.0,780.0,739.0,835.0,742.0,817.0,440.0,451.0,451.0,454.0,451.0
4137.0,3664.0,3521.0,3555.0,3396.0,3415.0,3370.0,3220.0,3270.0,3075.0,3024.0,2981.0,2866.0,2896.0,2923.0,2643.0,2627.0,2798.0,4717.0,4667.0,4641.0,4582.0,4484.0,4565.0,4493.0,5240.0,5197.0,5344.0,5125.0,5341.0,5160.0,5023.0,5156.0,5114.0,5053.0,3759.0,3855.0,3568.0,3699.0,3694.0,4036.0,4254.0,4038.0,4108.0,5752.0,5758.0,7537.0,7423.0,10226.0,10212.0,10436.0,7499.0,7505.0,5622.0,5760.0,3305.0,3189.0,3166.0,3277.0,2638.0,2355.0,2315.0,2365.0,2504.0,2128.0,1335.0,1286.0,1292.0,1311.0,1368.0,1677.0,1643.0,1629.0,1695.0,1719.0,935.0,963.0,922.0,933.0,951.0,790.0,764.0,792.0,778.0,786.0,450.0,493.0,415.0,404.0,432.0
4040.0,3855.0,3665.0,3463.0,3364.0,3422.0,3333.0,3272.0,3234.0,3180.0,3163.0,3022.0,2947.0,2863.0,2821.0,2711.0,2788.0,2710.0,4639.0,4784.0,4650.0,4552.0,4713.0,4614.0,4593.0,5505.0,5381.0,5305.0,5375.0,5241.0,5378.0,5350.0,5261.0,5165.0,5136.0,3524.0,3809.0,3740.0,3757.0,3763.0,3422.0,4134.0,4221.0,4268.0,4300.0,5705.0,5749.0,7648.0,7599.0,10436.0,10314.0,10296.0,7653.0,7737.0,5695.0,4624.0,3285.0,3198.0,3209.0,3169.0,2436.0,2442.0,2407.0,2456.0,2301.0,1345.0,1314.0,1365.0,1260.0,1382.0,1825.0,1725.0,1671.0,1708.0,1683.0,1001.0,987.0,1008.0,950.0,962.0,846.0,817.0,751.0,794.0,815.0,473.0,471.0,421.0,455.0,427.0
4100.0,3756.0,3706.0,3442.0,3415.0,3365.0,3187.0,3214.0,3201.0,2995.0,3095.0,3047.0,3037.0,2873.0,2897.0,2791.0,2768.0,2705.0,4590.0,4662.0,4706.0,4663.0,4563.0,4637.0,4533.0,5361.0,5293.0,5505.0,5319.0,5218.0,5220.0,5223.0,5227.0,5241.0,5140.0,3587.0,3414.0,3753.0,3686.0,3703.0,3454.0,3458.0,4226.0,4195.0,4216.0,4195.0,5742.0,5739.0,7508.0,7499.0,10296.0,10464.0,10478.0,7613.0,7495.0,4592.0,4662.0,3282.0,3216.0,3334.0,3036.0,2449.0,2421.0,2382.0,2356.0,1578.0,1256.0,1270.0,1328.0,1312.0,1795.0,1763.0,1726.0,1670.0,1661.0,1048.0,980.0,978.0,978.0,1020.0,767.0,797.0,773.0,757.0,743.0,464.0,517.0,420.0,455.0,452.0
4113.0,3769.0,3596.0,3339.0,3370.0,3460.0,3272.0,3267.0,3117.0,3149.0,3116.0,2985.0,2903.0,2895.0,2880.0,2742.0,2677.0,2745.0,4543.0,4612.0,4781.0,4525.0,4586.0,4584.0,4494.0,5162.0,5139.0,5299.0,5279.0,5269.0,5161.0,5176.0,5317.0,5305.0,5246.0,3524.0,3499.0,3418.0,3861.0,3615.0,3471.0,3457.0,3495.0,4110.0,4113.0,4217.0,4266.0,5732.0,5643.0,7505.0,7653.0,10478.0,10578.0,10449.0,7592.0,6284.0,4565.0,4564.0,3235.0,3256.0,2955.0,2884.0,2353.0,2289.0,2434.0,1593.0,1527.0,1409.0,1285.0,1337.0,1763.0,1778.0,1830.0,1653.0,1641.0,985.0,1038.0,980.0,970.0,967.0,764.0,801.0,757.0,801.0,772.0,430.0,484.0,451.0,434.0,459.0
3959.0,3696.0,3406.0,3490.0,3324.0,3349.0,3360.0,3173.0,3213.0,3169.0,2963.0,2908.0,2750.0,2920.0,2875.0,2690.0,2717.0,2614.0,4558.0,4631.0,4568.0,4518.0,4574.0,4668.0,4437.0,5254.0,5195.0,5169.0,5249.0,5241.0,5164.0,4990.0,5134.0,5219.0,5280.0,3403.0,3521.0,3561.0,3472.0,3764.0,3464.0,3598.0,3597.0,3503.0,4316.0,4315.0,4189.0,4144.0,5735.0,5622.0,7737.0,7613.0,10449.0,10520.0,10266.0,6253.0,6235.0,4506.0,4529.0,3242.0,2981.0,2953.0,3091.0,2281.0,2409.0,1510.0,1522.0,1528.0,1332.0,1381.0,1713.0,1758.0,1816.0,1743.0,1698.0,968.0,1002.0,963.0,943.0,945.0,781.0,815.0,811.0,747.0,754.0,479.0,469.0,468.0,473.0,472.0
3924.0,3734.0,3595.0,3452.0,3301.0,3443.0,3206.0,3141.0,3140.0,3023.0,2915.0,2848.0,2886.0,2766.0,2699.0,2693.0,2642.0,2576.0,4581.0,4572.0,4577.0,4586.0,4587.0,4684.0,4456.0,5322.0,5277.0,5128.0,5276.0,5156.0,5137.0,5089.0,5044.0,4837.0,5004.0,3563.0,3493.0,3392.0,3462.0,3396.0,3512.0,3420.0,3378.0,3377.0,3416.0,4278.0,4108.0,4235.0,4249.0,5760.0,5695.0,7495.0,7592.0,10266.0,10406.0,8907.0,6024.0,6217.0,4573.0,4548.0,3017.0,3011.0,2949.0,2989.0,2336.0,1451.0,1485.0,1561.0,1523.0,1362.0,1781.0,1680.0,1741.0,1746.0,1656.0,956.0,996.0,993.0,991.0,928.0,764.0,754.0,803.0,794.0,744.0,452.0,435.0,462.0,414.0,447.0
3082.0,2961.0,2912.0,2796.0,2665.0,2678.0,2566.0,2503.0,2426.0,2496.0,2439.0,2311.0,2202.0,2281.0,2189.0,2111.0,2072.0,2089.0,3168.0,3295.0,3154.0,3336.0,3252.0,3262.0,3234.0,3726.0,3738.0,3669.0,3822.0,3694.0,3537.0,3607.0,3646.0,3630.0,3504.0,3437.0,3425.0,3406.0,3258.0,3350.0,3166.0,3403.0,3369.0,3323.0,3459.0,2767.0,3288.0,3318.0,3369.0,3305.0,4624.0,4592.0,6284.0,6253.0,8907.0,7806.0,7639.0,5566.0,5454.0,3998.0,3885.0,2560.0,2517.0,2428.0,2489.0,1129.0,1000.0,1028.0,1011.0,1062.0,1164.0,1109.0,1190.0,1139.0,1137.0,670.0,636.0,581.0,580.0,563.0,481.0,513.0,493.0,476.0,496.0,331.0,314.0,268.0,276.0,250.0
3137.0,2940.0,2778.0,2657.0,2643.0,2630.0,2550.0,2466.0,2400.0,2382.0,2430.0,2253.0,2249.0,2196.0,2116.0,2025.0,2059.0,1992.0,3276.0,3184.0,3153.0,3087.0,3204.0,3191.0,3193.0,3591.0,3606.0,3595.0,3629.0,3686.0,3603.0,3630.0,3521.0,3509.0,3506.0,3217.0,3404.0,3290.0,3367.0,3281.0,2967.0,3076.0,3225.0,3228.0,3410.0,2776.0,2603.0,3345.0,3214.0,3189.0,3285.0,4662.0,4565.0,6235.0,6024.0,7639.0,7838.0,7795.0,5375.0,5521.0,3719.0,3747.0,2586.0,2467.0,2509.0,1343.0,1024.0,1036.0,1022.0,1060.0,1334.0,1171.0,1108.0,1113.0,1077.0,674.0,712.0,589.0,609.0,619.0,447.0,472.0,477.0,441.0,540.0,313.0,307.0,262.0,259.0,277.0
3019.0,2888.0,2762.0,2676.0,2634.0,2601.0,2463.0,2560.0,2450.0,2280.0,2325.0,2194.0,2224.0,2194.0,2159.0,2086.0,2079.0,2069.0,3127.0,3308.0,3146.0,3123.0,3182.0,3162.0,3210.0,3687.0,3783.0,3641.0,3678.0,3587.0,3575.0,3514.0,3500.0,3503.0,3308.0,3116.0,3228.0,3358.0,3276.0,3392.0,2928.0,2997.0,3032.0,3178.0,3222.0,2729.0,2661.0,2694.0,3187.0,3166.0,3198.0,3282.0,4564.0,4506.0,6217.0,5566.0,7795.0,7824.0,7825.0,5461.0,5101.0,3738.0,3589.0,2483.0,2475.0,1342.0,1287.0,1049.0,1061.0,1043.0,1317.0,1341.0,1187.0,1135.0,1127.0,654.0,680.0,661.0,580.0,571.0,495.0,492.0,488.0,503.0,456.0,287.0,283.0,289.0,276.0,280.0
2936.0,2879.0,2650.0,2687.0,2630.0,2619.0,2555.0,2406.0,2401.0,2394.0,2280.0,2298.0,2249.0,2191.0,2186.0,2100.0,2056.0,2113.0,3100.0,3199.0,3118.0,3051.0,3118.0,3072.0,3161.0,3687.0,3544.0,3583.0,3611.0,3545.0,3515.0,3572.0,3488.0,3414.0,3460.0,3237.0,3113.0,3205.0,3263.0,3367.0,2909.0,2894.0,2941.0,3029.0,3263.0,2707.0,2603.0,2669.0,2568.0,3277.0,3209.0,3216.0,3235.0,4529.0,4573.0,5454.0,5375.0,7825.0,7410.0,7706.0,4984.0,5007.0,3688.0,3612.0,2527.0,1374.0,1301.0,1358.0,1000.0,1036.0,1320.0,1367.0,1319.0,1096.0,1074.0,654.0,646.0,656.0,675.0,609.0,486.0,452.0,459.0,429.0,465.0,299.0,258.0,270.0,254.0,268.0
2966.0,2856.0,2625.0,2517.0,2523.0,2696.0,2382.0,2423.0,2399.0,2235.0,2301.0,2253.0,2187.0,2196.0,2162.0,2009.0,2056.0,2049.0,3069.0,3212.0,3094.0,3102.0,2969.0,3158.0,3085.0,3619.0,3590.0,3721.0,3674.0,3603.0,3532.0,3488.0,3592.0,3462.0,3568.0,3173.0,3203.0,3121.0,3099.0,3272.0,2987.0,2982.0,2904.0,2989.0,3053.0,2689.0,2651.0,2603.0,2561.0,2638.0,3169.0,3334.0,3256.0,3242.0,4548.0,3998.0,5521.0,5461.0,7706.0,7716.0,7340.0,5043.0,5117.0,3668.0,3576.0,1293.0,1323.0,1319.0,1320.0,1054.0,1285.0,1352.0,1344.0,1311.0,1099.0,642.0,662.0,715.0,669.0,659.0,446.0,432.0,475.0,491.0,436.0,306.0,275.0,278.0,264.0,289.0
2783.0,2544.0,2457.0,2408.0,2351.0,2355.0,2280.0,2258.0,2123.0,2163.0,2117.0,2076.0,2053.0,2009.0,1972.0,1973.0,1864.0,1943.0,2793.0,2920.0,2939.0,2890.0,2789.0,2750.0,2867.0,3313.0,3425.0,3357.0,3280.0,3225.0,3229.0,3115.0,3200.0,3189.0,3121.0,2866.0,2924.0,2856.0,2885.0,2858.0,2689.0,2817.0,2775.0,2851.0,2757.0,2102.0,2501.0,2474.0,2481.0,2355.0,2436.0,3036.0,2955.0,2981.0,3017.0,3885.0,3719.0,5101.0,4984.0,7340.0,7090.0,6958.0,4899.0,4841.0,3448.0,1908.0,1262.0,1175.0,1275.0,1292.0,1238.0,1239.0,1206.0,1224.0,1224.0,602.0,621.0,588.0,564.0,582.0,474.0,396.0,457.0,438.0,434.0,238.0,262.0,263.0,248.0,228.0
2751.0,2558.0,2392.0,2284.0,2304.0,2318.0,2278.0,2186.0,2163.0,2128.0,2053.0,1930.0,2029.0,1962.0,1946.0,1880.0,1886.0,1822.0,2907.0,2867.0,2827.0,2818.0,2885.0,2857.0,2831.0,3295.0,3250.0,3319.0,3320.0,3317.0,3209.0,3154.0,3268.0,3080.0,3170.0,2943.0,2935.0,3033.0,2898.0,2858.0,2707.0,2721.0,2798.0,2650.0,2705.0,2179.0,2121.0,2441.0,2428.0,2315.0,2442.0,2449.0,2884.0,2953.0,3011.0,2560.0,3747.0,3738.0,5007.0,5043.0,6958.0,7048.0,6850.0,4759.0,4872.0,1887.0,1880.0,1225.0,1282.0,1285.0,1664.0,1294.0,1201.0,1261.0,1182.0,745.0,616.0,598.0,599.0,596.0,520.0,476.0,456.0,394.0,448.0,275.0,258.0,242.0,244.0,231.0
2804.0,2526.0,2309.0,2320.0,2271.0,2380.0,2215.0,2161.0,2113.0,2107.0,2052.0,1940.0,1978.0,1923.0,1870.0,1792.0,1808.0,1767.0,2925.0,3014.0,3035.0,2830.0,2776.0,2889.0,2816.0,3322.0,3335.0,3239.0,3285.0,3332.0,3131.0,3086.0,3107.0,3130.0,3122.0,2831.0,2930.0,2866.0,2775.0,2852.0,2585.0,2630.0,2777.0,2624.0,2744.0,2123.0,2180.0,2154.0,2423.0,2365.0,2407.0,2421.0,2353.0,3091.0,2949.0,2517.0,2586.0,3589.0,3688.0,5117.0,4899.0,6850.0,7056.0,6994.0,4900.0,2835.0,1969.0,1856.0,1209.0,1272.0,1594.0,1598.0,1189.0,1193.0,1182.0,791.0,699.0,592.0,559.0,572.0,448.0,474.0,455.0,433.0,425.0,278.0,268.0,274.0,242.0,241.0
2648.0,2479.0,2369.0,2291.0,2210.0,2274.0,2165.0,2200.0,2050.0,2035.0,1992.0,1934.0,1895.0,1863.0,1847.0,1838.0,1758.0,1758.0,2808.0,2843.0,2746.0,2837.0,2699.0,2792.0,2730.0,3285.0,3298.0,3356.0,3192.0,3224.0,3166.0,3124.0,3174.0,3013.0,3080.0,2971.0,2738.0,2786.0,2854.0,2823.0,2624.0,2577.0,2591.0,2695.0,2766.0,2092.0,2115.0,2102.0,2016.0,2504.0,2456.0,2382.0,2289.0,2281.0,2989.0,2428.0,2467.0,2483.0,3612.0,3668.0,4841.0,4759.0,6994.0,6974.0,6890.0,2776.0,2827.0,1934.0,1883.0,1243.0,1653.0,1560.0,1543.0,1232.0,1202.0,769.0,750.0,776.0,574.0,539.0,500.0,460.0,459.0,465.0,398.0,269.0,257.0,270.0,251.0,245.0
