4568.423610941602,3970.8559088501006,3359.624286239198,2845.8146423373346,2674.647448617183,2939.7439089966474,2554.633356952243,2417.345134361932,2320.383188344833,2345.437358864755,2371.4456163263576,2270.00778509652,1969.7129667300246,2066.5536039913604,2105.0327189903137,1827.3874994210269,1822.5636342417502,2224.1466556813843,5872.795049062532,3984.334859733952,4082.0111984810214,3723.069117388871,3078.4589878396723,2592.981855088819,2452.465590822453,2740.11420355101,2632.155827899828,2545.4376181505277,2449.742319297112,2280.3641825528166,2302.9171161326544,2391.6775577773983,2303.267211069365,2259.23930192785,2319.375575223842,2220.4596522198867,2222.600022959797,2167.6381246625815,2171.811369109446,2203.1802986355274,2078.4741207272546,1973.356360528796,2042.420240073499,2006.8975417096171,1995.9230868874324,1918.6142068548975,1920.3538724241012,1846.5177690641199,1897.0746939452827,1866.8583764822768,1996.329682997097,2027.9243416861696,1898.2624472705288,1964.0726814990144,1928.5164340897495,1375.258443071536,1100.299923847845,1143.7292353919734,1135.02129574246,1133.6029663920967,1017.233058350605,983.7257177798631,1028.2837499745422,972.6057107946674,920.6816597342729,533.2964539420517,508.3501606691707,533.1407841780917,501.6915058277294,480.9649704548532,637.1677132610115,669.6844380195822,703.5390585699994,863.0444378481462,809.9280533339063,518.901839065403,497.51339522506316,500.67360125652635,521.2265598124211,500.7157052775037,456.9359582215626,388.4538040222089,402.8763431026324,409.51534018442413,394.89442889361914,308.1338566787455,300.7378925848875,310.9508100293989,278.6116818901444,267.7035541813037
3970.8559088501006,3387.921674065158,2998.746256749068,2662.558357493159,2658.471587696882,2774.3535572937067,2293.4178822806125,2158.1482911385306,2205.8075853549904,2146.6983881066335,2225.1969688631493,2017.4854390519438,1874.1339198036392,1988.035338945484,1984.9965717691434,1728.7204723698014,1593.1125213344415,1993.7423436995573,1950.7610155762954,3725.0576112224294,3572.809429419008,3209.102535431483,2844.1745842739124,2382.007986612941,2381.9508898465033,2537.713640114034,2494.550324521543,2409.180405202829,2112.1979838014176,2206.3867684421425,2168.547771401971,2115.1223153070914,2164.9644891176586,2061.320154573711,2046.538819247105,2063.0996634854905,1974.7263877533592,2049.9772419645274,2009.9344923786066,2038.5839160220926,1947.8848605456842,1903.5066326700987,1821.4312302762116,1938.8454609507592,1890.0589947314434,1822.548578394625,1877.6612094643124,1878.1294695010097,1851.012236582408,1798.458506845407,1838.9967935970237,1733.1008707722954,1889.4145839411124,1789.9090305254247,1783.1550679212025,1359.3520272082187,1399.3451451439603,1019.7078829374032,1031.9936014470663,977.3258631733956,951.5163193477174,889.8808212220902,930.7491303370199,830.6041971590549,792.4433422329362,506.6618516551305,469.7792347053131,469.08339628536663,416.0036316979243,431.10474571602833,555.5315102298354,552.2050612394996,637.1327059843866,700.4674476570224,754.1975592017717,470.0732670949824,440.3071390578706,471.22081590914127,444.0088289731062,420.7790885202631,391.581469647164,395.45021091623187,403.88288565851315,341.18491899700877,402.3299753203237,262.8751564719036,314.56471014809364,295.8287864134056,260.4922317384919,280.7385509935467
3359.624286239198,2998.746256749068,2752.8384157028286,2553.732290076481,2420.8583415717135,2642.781241269611,2247.8439138223125,2026.4396669694165,1979.4622423261167,2061.083351629075,2137.611046303432,1986.3522077201476,1795.0416394545225,1850.5466969230988,1841.4400126593387,1603.8116057749658,1624.1438026519918,1812.524517484208,1103.735191116344,1670.2334798541626,3415.4056777148467,3082.524571132523,2672.4569977284573,2267.5260712936374,2193.5943973044764,2301.781697755684,2346.028262884076,2206.6080925617953,1975.6458248283352,2153.0560469949405,2083.346720151669,2010.0338074062724,2012.3025975308633,1882.1682234426162,1981.806169455977,1886.142468737767,1863.1605234507379,1898.1255237330051,1933.0625456928337,1935.699983967933,1832.4881128543843,1817.745838922358,1845.4362542180352,1823.5044449303982,1839.457377138211,1730.64798514106,1781.2873904180512,1748.5458053197076,1667.8149819832638,1679.2266002021656,1796.0305606876539,1690.5163813125796,1627.0139065882336,1669.0977917032822,1692.473641011446,1437.9639202789142,1356.2773149984273,1460.8506082003018,964.0670202075119,899.8264884674804,910.5318287803392,890.8602596559066,802.2912615312098,881.1387606788941,762.1486663519331,467.6259511185533,471.4179226585963,456.3248580843806,448.6080326284881,395.17836630713987,504.66548745284945,534.9016076675383,571.2790972966493,700.6917014810172,678.4151550530863,439.2434984441674,401.4128410603513,431.38641707447806,483.61707107478026,424.4798405443727,400.2905743615038,383.4839433245965,391.30062500045636,351.59608547616256,342.2534808286215,272.7305156448407,257.9594927908523,267.57312164958364,236.4032637385566,258.77011373142665
2845.8146423373346,2662.558357493159,2553.732290076481,2414.2974243783087,2324.930405301525,2513.240589178292,2073.8675094607506,1937.5201449109904,1944.7986086778128,1907.2327273951585,2059.2118635147517,1765.7891403217488,1745.2269353945162,1790.7316639797286,1793.516036008123,1620.7077948479414,1609.6054495933802,1744.918784571614,953.966604113224,1118.0410988803735,1777.9788704039881,2817.1937598902787,2521.6509681269654,2105.087386041213,2092.157438858044,2227.860800301114,2243.592861004914,2244.4715920818944,1965.1365119848551,1962.5518473827196,2023.4592383633194,2000.0296801474287,2007.5547319456825,1967.397684754074,1954.7623984927156,1821.9590615074512,1906.701511590035,1829.758007858224,1907.812653962176,1763.6687509809085,1737.8684275841103,1806.556245456551,1759.4895913000544,1729.5365960641423,1783.2153090930606,1609.1110193741379,1639.5741942377952,1652.3620668197623,1648.2506423322454,1624.1307202142607,1625.538234954883,1649.419093856778,1722.6791681761088,1607.8454609123755,1605.7902717924424,1425.3524072470757,1466.2653136383797,1479.4572229993844,1573.3200333770228,930.2626871650821,893.8775606035113,823.6764998810049,836.0748549263121,790.6029298735189,753.247376492787,444.0486230591393,424.7539320444071,420.239940108182,397.8099184517766,399.54452736821133,479.8163122105425,524.2761058720556,554.190564834361,674.6611999194007,630.4077939297581,415.251015761363,415.25963752154973,427.4515357459736,386.3638312531151,446.4742171120949,361.9747292867236,386.21013357796744,387.1544374909733,377.6915376656767,353.8479617676463,260.40953445728434,267.4852013686178,256.2821098324683,249.94072395389188,270.36429946175275
2674.647448617183,2658.471587696882,2420.8583415717135,2324.930405301525,2356.567522909823,2494.510313571463,2114.459704040162,1989.027370660358,1894.7226494505242,1901.5972530691597,2121.305443909239,1906.2887677442536,1775.2894343067755,1776.1731636364286,1732.755668171012,1528.37106250631,1574.0090482179164,1766.9815326441158,964.5051549982379,979.4782059311007,1268.525782751891,1744.6201701465611,2454.7233943703563,1976.0978132654486,2061.657390129133,2166.6362423514793,2097.6083911771684,2211.758215359865,1902.0312113061068,1983.9124752742528,2037.5514155161995,1964.4085669346046,1937.8672115002933,1857.6659024728597,1887.9247144726369,1841.453762170171,1844.2981309770412,1835.6768499366422,1852.0995848162374,1839.164417369476,1772.1835795623915,1770.873215935043,1774.4903618119847,1826.1850661762692,1825.053193666574,1585.7707125760958,1587.619895009664,1654.4652930822658,1654.0579245743643,1649.1845663446707,1677.4156671346643,1653.7451028932055,1635.3073971210601,1658.029516332204,1667.080149395919,1381.3656425165996,1466.1853570601327,1671.7822207942354,1855.1137804292364,2156.7876052849565,952.8821385846627,922.5475832601655,891.7357624186825,792.8596725548831,802.2940611032443,424.27350376170693,434.7011077776765,436.54837680217014,405.89411595186675,397.6638783084451,493.05972780580794,513.170901862607,546.878206788072,681.4442862943368,599.7038986313819,397.16024871062143,418.55264199783755,410.38949730816205,427.05915322282965,429.87637874845365,343.0654216326697,395.3734653328379,334.1535624356678,332.7312601146159,357.9723751930322,263.4021111214903,246.18882618550919,216.85539090710495,250.99429672381004,211.46234499184618
2939.7439089966474,2774.3535572937067,2642.781241269611,2513.240589178292,2494.510313571463,2827.6177583813296,2556.499433066698,2192.8182057975346,2077.738487197646,2045.0890947457638,2119.1775570231202,1892.5832624835955,1783.154120450966,1910.2413655240275,1925.1918792766046,1575.1488710644899,1610.8053914776053,1799.5119607314655,993.1342931780396,1029.7836102525027,1304.5385555185799,1557.5824357619995,2346.47891259227,4264.907665525419,3009.806292720537,2814.7928131879235,2460.398071466693,2341.8767173915694,2171.3855037378407,2054.6166967759304,2105.536226969468,2090.659405113847,2167.020311829319,2036.848804408016,2005.1225834680058,1916.0891981025275,1979.51304456877,1907.8029584299054,2017.0705137756777,1970.234934053158,1881.077749066169,1874.603974439326,1841.310208757349,1792.8293787991656,1834.4184055238898,1662.338356350223,1740.0162382033159,1724.6515273203038,1736.4350345052262,1658.3846512245923,1771.0352118401674,1717.7110218409277,1720.040356982837,1624.900491013927,1702.2094369756148,1401.0552338166617,1331.9521344767688,1331.8907110972377,1339.3222285342724,1310.7841324939013,1225.1167263788705,906.5793973630089,849.7715415510536,832.6363329322546,778.6247201764406,453.39304542939,456.2226162917436,429.2589241789037,408.9347437304006,430.6137063503839,545.337911944805,486.72682413186357,547.2035102725653,719.0947262882967,683.6013642110291,459.71542221928075,435.84576320419035,399.9415564256297,421.0834631413525,432.3337530805858,335.58397846454017,413.3220728575713,365.85802122959416,347.9570033046901,378.8233357005101,272.34925010218876,265.9108689053366,293.16471518824216,259.06196869957785,243.38505617160823
2554.633356952243,2293.4178822806125,2247.8439138223125,2073.8675094607506,2114.459704040162,2556.499433066698,2167.639608363368,1943.532782284246,1854.5025773673926,1923.1805740042487,2068.961822802898,1765.216482394672,1698.0127550993714,1703.356082182142,1760.0018023448338,1510.83292975929,1463.1376467869527,1706.6494588972644,867.3355241780309,907.0196471859019,1093.3031427666917,1220.7888110297474,1278.6661124767468,1801.5180982945058,2704.9888223290045,2456.799763117218,2242.2424239100465,2106.297816947876,1834.9136168667496,1921.7889315865482,2047.3200783536654,1981.302289442186,2010.836566092606,1900.0500394788849,1893.9757789435616,1789.7061505991715,1803.0971400811604,1832.840043240444,1789.7571351578204,1841.6532393256293,1644.518571659345,1765.5945588762884,1689.8841299558626,1726.0153570623484,1711.03354567406,1623.7002878125747,1565.73113259331,1589.70745857579,1518.7212091157378,1559.6406547124875,1619.7339081668051,1682.3245959952696,1636.590647800752,1617.9242054646452,1588.8112528134668,1257.148580988832,1238.414033536957,1204.6843707605494,1147.0936765759889,1313.3694940076168,1285.9005840606014,1197.5697125211968,815.3857408227852,771.1648880541622,815.172197145861,477.4967423602381,456.9828778864604,430.8497449080539,376.3604771910361,425.3334298945333,510.6023153573468,475.8220744601346,529.1131403496655,617.5947507417186,632.0051522938412,433.9445549139964,439.3606372807691,420.6114984025702,421.42577740139535,362.5878678743481,374.0769703687495,336.69082075508277,358.38520661090837,317.40555551400564,299.8739154698288,237.8730146293566,230.77357349686733,237.02194464977163,242.57250875384415,198.0597782927623
2417.345134361932,2158.1482911385306,2026.4396669694165,1937.5201449109904,1989.027370660358,2192.8182057975346,1943.532782284246,1756.6391107718093,1924.6493796746793,1904.933209329114,1918.0787557443887,1734.78045529211,1609.497604420568,1671.5180569385705,1643.9605661149253,1465.7401341844418,1529.8140595852196,1762.6460930518592,908.3542868418211,909.8596003266957,1043.2598239409795,1106.4651823276313,1168.5845874933748,1260.6193191721763,1538.2671047106248,2282.9250323685565,2183.0592904775676,1968.0656229980214,1778.940891197446,1857.0448756483847,1891.952572484882,1823.8370914111852,1843.6868161627253,1884.1073498806281,1749.6013645479743,1775.1621347748383,1831.1160563947244,1727.3867268328245,1738.5265432857836,1796.4147151345164,1680.7149988563153,1710.7273325398733,1674.1103060965738,1712.0689477775934,1631.746624557791,1541.6736746748297,1498.6485688472087,1582.2312646917005,1600.229442492946,1516.0807484296975,1628.0746314877113,1685.9533900428717,1619.1938077966543,1553.7690987070941,1526.876487119495,1212.8210419866311,1249.0915435959862,1194.8978301793281,1194.0925090408364,1254.9656962569381,1208.785923107823,1380.3819804706045,1274.5614401809567,821.4262141028535,725.4633778239358,461.0337522703529,427.0485383751734,404.0160584621238,352.58012930352714,379.27989628466315,456.8314856130698,491.832592899629,528.5365517336556,634.9131882545807,641.0208642335824,381.9714793164138,404.3378454200082,409.5759964353716,404.36357847999955,362.2754450744144,349.98780170727383,343.3212593918367,294.7800512382349,294.984782314123,322.6690217985979,224.08775331612648,235.1287220465877,260.55207892004125,239.82825576127482,227.84074356345013
2320.383188344833,2205.8075853549904,1979.4622423261167,1944.7986086778128,1894.7226494505242,2077.738487197646,1854.5025773673926,1924.6493796746793,1905.8249036782095,1912.432131470444,1967.3943873028147,1649.0135441763498,1624.3099036691285,1677.7012918345295,1765.8911357880609,1424.9317020987191,1470.7839601172427,1816.4370405116852,924.4354570816572,957.1488367882355,1140.9652766300146,1114.7359483188222,1050.3605240316867,1160.2452058465483,1232.3065477265543,1411.5815712039548,2058.011528276347,1963.820881213771,1782.3350670373873,1808.2213942235007,1898.1146684047344,1796.3793621858442,1889.4642867951486,1781.5114986659332,1729.1733780585737,1726.0841232653997,1686.2840678383486,1756.7683103525414,1755.7999726180315,1769.047078019758,1615.8218741730716,1615.1283308567179,1744.5063730379015,1720.6704852322318,1719.8481347221598,1475.2709516971852,1565.9464694357994,1486.8416997351562,1530.8962708254567,1549.9543512647883,1643.2029864730375,1627.5333179170625,1629.186342278149,1636.9024827494245,1464.849243551427,1250.1617182984317,1219.4870339154136,1191.2766529615765,1169.422415732059,1250.2349514340674,1312.078930409671,1405.1721056168444,1539.165015337292,1565.6919425661492,810.4610831520598,505.0234391886791,451.9340397007532,397.896125451564,406.9383751261744,396.68104797447234,476.666742363357,481.36384169018163,525.5704267958704,601.8723697350842,615.7238353534235,426.84440986747063,455.0458218410405,370.88093512388343,404.3614827532148,388.47426941354115,310.27411145633044,343.6825180110201,349.99104517708804,351.7732213047599,349.00318666734483,229.21622576778887,199.73485438078012,255.6750243992741,239.4698505189857,229.33043061632168
2345.437358864755,2146.6983881066335,2061.083351629075,1907.2327273951585,1901.5972530691597,2045.0890947457638,1923.1805740042487,1904.933209329114,1912.432131470444,2042.1052969641519,1983.2766652061018,1819.3009104324708,1778.9808460752474,1822.503905709177,1757.5662768871866,1604.5180521094267,1547.666750554417,1886.999377322749,910.126116782124,918.2801830522135,1111.5964817973652,1145.788217070453,1181.0169615159498,1255.8615672233893,1219.6316774058416,1213.7319685653538,1443.616836628449,1983.4098755038021,1774.9551712732853,1822.2431218351617,1881.463822039787,1838.968623039669,1903.8014218728104,1865.5895696990106,1769.582150295917,1761.5025039584323,1791.9280196504076,1775.9894827070534,1772.7487546494003,1810.7268536521483,1743.9587386526866,1757.0410223186066,1796.6243438385532,1732.717710870521,1686.3362059782576,1521.825801179285,1606.5062979794595,1508.0218528113987,1512.80426443793,1534.0465052817867,1651.74002004861,1649.5164289471008,1620.8473063230815,1623.4962138872845,1632.0173311463425,1260.9797500464183,1244.5011907347648,1271.9583075990058,1227.7035398927387,1264.4513307586894,1393.4171467107644,1499.3954268995985,1583.307323705228,2098.674957110946,2340.7347136902263,618.426483009184,639.1375250228434,506.0419057668507,449.4711973674441,426.5197649033938,528.9326598082174,508.6326066316774,574.0548062094477,656.1632227939533,613.585604862204,420.8957565200369,451.150321388815,392.92570020920584,433.6384210633145,386.7526603205735,370.45196337530217,376.9473754738133,315.8335880354267,354.41745522591174,353.29449490396314,268.0319437287035,253.0987798116276,240.2860605991499,250.80434726793413,210.25302890504415
2371.4456163263576,2225.1969688631493,2137.611046303432,2059.2118635147517,2121.305443909239,2119.1775570231202,2068.961822802898,1918.0787557443887,1967.3943873028147,1983.2766652061018,2172.998955308038,1829.1409046828273,1699.9367602341442,1740.0721799837215,1766.2310341156197,1528.1740478527968,1567.0484977865308,1857.7615872431143,909.6383196125803,948.0690803418055,1116.844991040355,1130.8638071141095,1112.2020738505016,1122.4675584857252,1132.3616264709672,1141.1994051347272,1334.421198415478,1918.1130800612036,3345.9407677222043,2446.0794104579236,2210.184888887533,2006.8018289378438,1977.5391706517612,1797.8420748446483,1897.1704628774385,1859.8715913834235,1822.485892642911,1831.666063514286,1859.6368733031786,1719.4301696456912,1714.3548930083996,1639.8533791741584,1621.817192838847,1761.099913036238,1701.974126607393,1564.7857705292604,1604.9300809967385,1688.9160340755295,1558.4348642559353,1619.626065760688,1663.2999019101128,1665.0270868187292,1597.041707397897,1633.179067779612,1583.079924001832,1301.4901821034969,1241.766851026136,1252.735567403181,1244.2368178814168,1288.6738546202992,1208.911559953881,1302.2134149963636,1225.2462602642572,1249.2959534214497,1283.3973997396843,754.3889722700751,501.25396580472847,442.06449111852953,440.5401235910159,398.53535922430757,477.61793197298414,539.6476321891156,552.1911269150205,679.0113600541226,637.502126428576,435.6777316066256,419.4491439467055,432.0181398269822,396.1077626839457,406.1930839406936,351.0016677291465,326.9003337290419,322.1932240808482,389.0960112591879,334.871172090931,226.81576950442206,257.04652828871895,251.6877673358732,252.35758104862504,251.7470233855533
2270.00778509652,2017.4854390519438,1986.3522077201476,1765.7891403217488,1906.2887677442536,1892.5832624835955,1765.216482394672,1734.78045529211,1649.0135441763498,1819.3009104324708,1829.1409046828273,1647.4206566302335,1631.9267028672389,1665.703132932852,1679.469658257619,1457.8784348834495,1474.212504657085,1699.8867439839341,847.1062607228387,886.962682533328,1106.6318182912864,1067.0929490246785,1029.8190656051784,1082.4434868930011,1098.742821134742,1109.1551710660062,1103.9855581612708,1223.009093683166,1459.6784468745464,2271.7007801750556,2037.1776230512278,1865.29505259923,1762.9945677013611,1648.3878170471503,1648.1419222752386,1678.841251556511,1731.67695058139,1754.0249895286443,1650.0954672148016,1705.6117092228105,1666.8387802978448,1671.6317333482464,1544.6038788537785,1655.5689963301584,1593.4065678609188,1511.4527808997734,1478.5644506572185,1529.1269129963239,1428.3837557897768,1403.8894987402587,1459.5217424968305,1506.9663608547567,1509.2682529892431,1531.072998090127,1433.2664461823256,1223.8581951658118,1179.3734928252618,1137.1443399325528,1043.440783472219,1142.2428012760422,1194.9990621574814,1133.8789071291149,1154.6470349339106,1159.7700368753442,1241.956280503082,833.6144595634596,723.5898736321409,454.6666048940168,439.9196607356932,426.973275356616,475.26852507895103,463.3587983654635,519.9656248785647,634.5140029959728,561.6065092553481,385.4348370782235,399.5825502747949,384.5840138320392,391.3554944337631,377.2393838048075,324.68110030378233,334.2839818055955,319.587319505658,332.8920789468076,324.24983057128225,210.36318546709606,221.4272713736784,200.13533552590138,222.29518251616844,212.7505163716741
1969.7129667300246,1874.1339198036392,1795.0416394545225,1745.2269353945162,1775.2894343067755,1783.154120450966,1698.0127550993714,1609.497604420568,1624.3099036691285,1778.9808460752474,1699.9367602341442,1631.9267028672389,1558.3263931198271,1647.7234679615299,1764.777926807426,1458.2013517970452,1500.4568713444621,1606.6981204406623,847.1251829716658,835.4780337924385,953.3093910247412,1052.3630664110979,1066.0232692149518,1074.2876239503762,1043.4597861435552,1067.059262273353,1049.639578831343,1035.0190875012674,1040.536962634753,1302.0486342614706,1875.1621403738304,1716.3407822929762,1710.0993854177723,1600.00142591981,1657.2506730132295,1737.6909701157788,1590.6029186023266,1631.0883762710305,1657.2990225497456,1616.4345580907857,1529.542255185578,1532.024196660937,1639.9856104770101,1569.0422681212017,1484.6032414720237,1489.5119849504458,1448.1858960242075,1486.605744445324,1410.524390397809,1448.0994756146088,1418.441011246095,1613.7131244002703,1439.9794637206144,1497.579412302482,1438.6489691884883,1150.3752531016794,1043.6783208157676,1120.692398295097,1097.7487570307383,1136.4095936728818,1159.045301567624,1248.5016475577202,1154.5021162139774,1207.2086598921867,1236.9394685805783,871.7962370476072,898.7602619989872,843.4226237282385,406.2780485941329,421.6232807177384,459.86130209226144,499.9554851923565,521.1743270566435,630.4674990963172,602.589030554918,346.4274014396647,401.911138153685,385.79772240558196,347.4309008805292,328.55693551218957,325.9447266520336,312.74331601370875,291.1632255190881,280.1590658233239,321.87557241743434,199.27436633439493,246.8386869417015,220.38323377590817,210.3032556331904,206.91190311238014
2066.5536039913604,1988.035338945484,1850.5466969230988,1790.7316639797286,1776.1731636364286,1910.2413655240275,1703.356082182142,1671.5180569385705,1677.7012918345295,1822.503905709177,1740.0721799837215,1665.703132932852,1647.7234679615299,1669.2759114807416,1970.8833023608263,1474.6093067682966,1494.8277748599935,1652.8529144190206,786.16524966678,878.3791706426401,1073.1942425956431,1058.4100725223097,1083.4382856684215,1100.6566702317355,1045.8762409449587,1100.2108575043098,1043.4363332410799,1073.8754704666007,1092.784010039275,1126.5703856820714,1302.1722220565002,1785.3342804093627,1687.523559388758,1600.6550043645705,1627.6277802622728,1631.5078896479704,1650.5897307789385,1712.0580376423927,1645.8519357092835,1652.3284254982007,1644.9634078208098,1621.4679957007813,1618.547486883541,1649.6060082754655,1659.839716335628,1499.7956394720798,1481.5787424103112,1526.1577384254563,1476.4567248312474,1380.2290459268772,1532.17745553974,1533.8888721312665,1460.0435925167815,1420.0045911263076,1513.403491327786,1204.0478360482691,1217.985168437303,1085.2675757321763,1116.272496270227,1150.9365672912163,1158.937209016172,1088.8082610635345,1232.2450744720584,1187.1262118129605,1288.443736209857,793.2216993275001,929.1770052604887,1017.0609697646819,1100.0633400789343,461.5799379930898,527.0166316625604,532.4172395158423,500.4198345259489,675.2056515155932,609.9549660390237,380.4915418215672,412.92074329028264,379.1225688995676,400.8722220858024,355.98261611410715,324.48108209999174,304.7528868052629,324.58710858469635,290.9026708820493,303.09123872824875,249.2503554513138,260.24985908137637,210.91377004711973,233.91415484088446,181.50106822799188
2105.0327189903137,1984.9965717691434,1841.4400126593387,1793.516036008123,1732.755668171012,1925.1918792766046,1760.0018023448338,1643.9605661149253,1765.8911357880609,1757.5662768871866,1766.2310341156197,1679.469658257619,1764.777926807426,1970.8833023608263,1846.5049843234285,1491.968834033944,1643.7071507979917,1830.7297685499457,773.0715188760284,808.5624713376436,1022.172060417997,1064.4813755119394,1116.0405226860566,1093.6119265369846,1098.4607726591125,992.5895019374045,984.3458424422288,1057.6506375534104,967.0503471196588,994.682584407539,1142.10058194171,1136.095592393533,1371.010980024546,1343.0427603688172,1370.1112371316701,1266.170441009955,1413.7947870258888,1342.7171195533629,1382.7964990052012,1408.5536450669879,1352.6284434667132,1316.0082044305168,1338.0153704207933,1285.3789315534304,1231.6808212257617,1193.8309418389547,1213.952488798746,1222.3534414926899,1230.3455170385678,1198.9219155227152,1282.1091009714974,1282.7343262705472,1253.0429303236006,1265.9159575632702,1247.3230333081299,978.6580521361523,980.0373146212778,1013.9860130735728,946.59568934163,1008.3976091739526,1063.8965265080778,1005.2821857252936,969.7766695496043,1054.2932652802594,1072.8594962088202,763.6867790242513,763.5916207820824,983.0641559810706,1247.6501715339612,1269.3169816508519,583.7666753792073,581.3523939332282,592.843537881022,660.8036480661083,608.3309045521546,409.2303817798314,431.45120462979594,379.6885241555343,390.9927248729835,363.5163332781398,289.65647808596486,321.1846031100966,288.9726363159831,317.11886169077167,335.43206722584216,224.07045676281788,203.42595771009863,190.5932159504313,200.6526100280166,186.70206839166997
1827.3874994210269,1728.7204723698014,1603.8116057749658,1620.7077948479414,1528.37106250631,1575.1488710644899,1510.83292975929,1465.7401341844418,1424.9317020987191,1604.5180521094267,1528.1740478527968,1457.8784348834495,1458.2013517970452,1474.6093067682966,1491.968834033944,1356.424770406865,1456.1996583196546,1688.2543704657805,751.4722421351494,783.9036052079757,937.9917423199483,913.3356356035367,956.7384249410414,923.7929911728688,952.1738737074372,897.5711429695666,865.5463624180654,810.7748274300292,821.807916862394,834.1683284810651,916.0793732258323,964.1207909512585,1157.606352136157,1489.3167149211777,1328.697557522136,1222.9535857094415,1243.5237323650786,1212.7922207749689,1220.4650289984286,1260.6529635122179,1213.5423601898508,1171.1891938165027,1141.5702323673993,1198.1145771591262,1126.4392555055513,1069.8892001587196,1106.840455581008,1104.38099378655,1088.2702129485224,1104.1984450308742,1209.190822220771,1173.2409007761694,1156.8189178490932,1171.490781463515,1158.0927930191335,897.1844015320987,867.5285445446032,889.7460848723267,879.8360770165659,808.0803558239388,846.2815377501346,813.3553091645842,825.4920010684632,843.1678426586179,844.3198192328828,494.6036554444305,446.0499699568014,476.33616003958014,480.8683295126299,530.642422512533,919.1527204915659,486.7293213450808,469.26155806974657,586.5335820543891,559.8965370049513,398.69413003832193,351.2487604441684,368.4824719159507,354.5869066238695,346.5116860687919,259.476276524101,264.54152473714896,262.1715722314237,275.9411174287172,247.80750535522,202.84241332937884,202.26980365924584,199.1713884707105,202.2531514488633,204.1871445994658
1822.5636342417502,1593.1125213344415,1624.1438026519918,1609.6054495933802,1574.0090482179164,1610.8053914776053,1463.1376467869527,1529.8140595852196,1470.7839601172427,1547.666750554417,1567.0484977865308,1474.212504657085,1500.4568713444621,1494.8277748599935,1643.7071507979917,1456.1996583196546,1583.7826693357936,2017.0365272884076,773.774257852281,820.784313401818,954.294153067093,989.1211276690815,1029.2043215382753,1014.1765236819599,1025.115439216096,942.0578093265378,888.79629270514,889.1292289583296,899.6652498493787,878.7994795582595,920.0745530124651,936.2844350175617,943.6468691366978,1084.1333088769916,1292.5790717265313,1140.5842762949017,1245.1622082071697,1213.0123121805686,1238.8747818812487,1277.8426591245443,1220.1048601491543,1151.7203697196103,1186.4484770225017,1135.7315498463956,1225.9125983880974,1093.898462287732,1112.359190286897,1152.6883623213855,1199.0532166589442,1088.7412421560425,1217.5416360551105,1175.039050238205,1164.6795911154115,1148.4112187430105,1204.8988298990853,957.0968464271435,906.6947611587011,949.2588017130877,909.4750090918419,843.7059144293027,846.94396980479,863.1458321745589,831.291634520154,847.1449340266007,797.2701765897851,527.2338060339058,474.7993471154922,499.80843418187885,495.4674928039364,617.6022002369626,1234.7194186837473,1247.9642771686486,582.7197409264465,700.5759227435065,603.4243717241286,453.3097048465428,423.94372851745663,362.1975484846962,388.74332332903873,405.08405450391047,335.9137481066358,321.80415458286245,304.1161651117074,295.93611911009543,288.61537127192804,222.08984412365902,219.9824796876494,233.4336686862345,196.1421593391714,208.30553435617182
2224.1466556813843,1993.7423436995573,1812.524517484208,1744.918784571614,1766.9815326441158,1799.5119607314655,1706.6494588972644,1762.6460930518592,1816.4370405116852,1886.999377322749,1857.7615872431143,1699.8867439839341,1606.6981204406623,1652.8529144190206,1830.7297685499457,1688.2543704657805,2017.0365272884076,2682.482142097525,910.7755614958908,963.6769916263926,1079.8749368399538,1080.238969899976,1147.148631165394,1096.873532955329,1122.8710691481874,987.9160965398848,1043.9628635825823,1051.9681118030808,1038.1562359778554,1069.4150039508218,1083.1604740799066,1033.9201375578407,1059.4965415892436,1060.3694024016954,1193.9995619840076,1334.9540999865485,1265.4843065214277,1251.5548825367237,1376.2170541470568,1363.5295576036992,1292.7427480849028,1299.1041095756696,1325.794407545316,1353.338219729198,1357.1377556560496,1235.481398747087,1210.9443940304168,1192.0233320364073,1262.4854519955168,1263.85208079114,1280.442405778012,1341.3925106324896,1288.4229027107845,1325.9413257099004,1239.7293801732899,1005.990480783639,978.1597647392505,985.8717455529445,985.204038987432,974.6463645082964,957.5986542317974,943.5883277138155,940.4183027201707,938.3629647935163,887.2756778193725,528.5317037600581,547.2918228478429,553.9755584203531,536.6637590515359,705.8734113831456,1516.3116098205528,1836.242647544896,2136.2789924558724,852.4053223841302,812.4068793110062,592.1798594383762,507.55584235826757,506.4844071095956,461.54445976933766,436.011135833479,336.8339503920598,374.13256187305615,330.745156843465,361.83223407457274,345.5701387767965,256.56874266483527,250.6446775252144,251.32175340822945,216.24568111701944,246.7332294963407
5872.795049062532,1950.7610155762954,1103.735191116344,953.966604113224,964.5051549982379,993.1342931780396,867.3355241780309,908.3542868418211,924.4354570816572,910.126116782124,909.6383196125803,847.1062607228387,847.1251829716658,786.16524966678,773.0715188760284,751.4722421351494,773.774257852281,910.7755614958908,3734.8143781059657,3589.162856358884,3759.949306192659,3810.1740656828397,3548.8658736259636,3694.8853584791896,3398.5710592313194,2378.7791933427743,2436.7376461742347,2404.5911357433824,2313.4281688825686,2341.325993990421,2348.7121597271694,2369.6471591528225,2403.3034395336845,2304.37252067351,2322.791257806195,2378.5448025366522,2372.5339013783846,2380.851690002104,2439.822569422126,2311.9836822213747,2248.98363974209,2284.906902324408,2270.7612735109474,2297.980232563919,2263.4218037517667,1864.2385520516673,1935.858365868116,1954.1281849451123,1910.8321010205213,1939.5160844462632,2105.612501501608,2067.347046177354,2075.1689230797874,2127.1828181109336,2051.0804399713616,1435.1136062726448,1483.9554608362594,1447.0266366316032,1401.1186642482007,1386.126539911829,1334.167908996721,1346.7671366492518,1292.6502708028606,1333.813710659578,1291.8426389448641,760.3769363257845,737.8683684762607,702.9656926260541,664.609415354304,754.8838208457714,970.1038155247073,1016.3250313941927,1003.0537731160849,962.7409596976061,925.3377669778073,626.6055995077123,595.1081775856056,625.5655262025537,582.5801869568942,566.7169766697693,499.85451733574484,501.03212363652017,486.69765355971117,432.517705708084,453.99570824821717,336.2020516853073,363.0352785853731,336.2368065009315,359.9318070945612,313.1940429438519
3984.334859733952,3725.0576112224294,1670.2334798541626,1118.0410988803735,979.4782059311007,1029.7836102525027,907.0196471859019,909.8596003266957,957.1488367882355,918.2801830522135,948.0690803418055,886.962682533328,835.4780337924385,878.3791706426401,808.5624713376436,783.9036052079757,820.784313401818,963.6769916263926,3589.162856358884,3622.0591598285064,4179.708425609078,3765.753144860614,3842.8546107128086,3594.1850696316087,3554.058425396951,2435.0547101255274,2520.4644138147137,2468.312399832068,2540.6990919505133,2466.192983364309,2477.081394028551,2471.116709953826,2462.164583210323,2466.8167848000935,2348.401654631033,2538.846562800561,2520.895090419765,2468.8181152726647,2552.9328132866112,2441.644448665678,2441.667080350302,2265.229691737021,2296.7713209923268,2330.749642376933,2292.2729349994165,1928.0180441349205,2047.2457354206813,2038.2632078314036,1981.3921304272008,2003.9863858319768,2119.697256700495,2160.733703871772,2111.9816797074664,2132.0476749411446,2080.970693645988,1467.4372952738465,1504.1026746923083,1441.338274691781,1481.3577652471656,1503.4587914236345,1425.3869250950647,1444.7623892771092,1492.2200472759232,1430.4690534177128,1375.140849861994,784.5797069517835,800.2808723091824,701.8634043635366,750.6218697535828,734.6110384091298,1023.6602013484173,972.9239499351422,970.5944310433895,1034.5026810444308,1009.801381287332,613.5592162939698,594.0120454090426,564.0100477920261,588.3936423091054,608.4430380874367,511.34271374725336,502.0185074671628,488.53494867449666,488.33373579872665,469.6211524131366,329.8264922600928,287.1954730957716,382.53927634999553,346.9797531549092,328.1491282527055
4082.0111984810214,3572.809429419008,3415.4056777148467,1777.9788704039881,1268.525782751891,1304.5385555185799,1093.3031427666917,1043.2598239409795,1140.9652766300146,1111.5964817973652,1116.844991040355,1106.6318182912864,953.3093910247412,1073.1942425956431,1022.172060417997,937.9917423199483,954.294153067093,1079.8749368399538,3759.949306192659,4179.708425609078,4814.944226501952,4970.865415668228,4585.427414635781,4537.485812803738,4397.9728847019005,3155.287447167146,2909.7574713768536,2932.224844628734,2810.8351617552216,3029.404907942107,2874.898725394249,2925.920608513194,2867.023757149414,2892.187958543807,2849.0302115436552,2989.068157955552,3011.6301707963926,2896.8619703059567,2930.4587318424105,2937.307947511305,2836.06345131761,2767.949849157158,2830.893697814348,2790.0746460732025,2810.16042587121,2440.059955678804,2314.7099287538513,2362.8490083811457,2288.4430688368534,2393.2970400899558,2431.912479039925,2600.713951809902,2410.712232295759,2459.8803507515695,2479.6139886497667,1726.3969776788388,1756.8602200605621,1797.9154996312632,1751.2509556530372,1761.8697648091713,1668.5232769969534,1644.9129027833258,1680.2214581206497,1651.2105966927656,1571.7165486817687,905.11307848707,965.5653107580426,871.2608700967389,880.1541756832817,848.8033491626655,1233.1654478256496,1252.879182474855,1160.4406497975601,1185.2718918191,1202.7976162952768,762.3984079911845,712.6749389732679,713.6729979947293,748.2057181869686,727.4895641321831,575.4884158986391,621.4972423871785,630.3926581989679,568.6986188617299,595.3571349683853,406.1478857615241,408.3162396256447,416.2506726772239,403.0890081123413,456.3654687050544
3723.069117388871,3209.102535431483,3082.524571132523,2817.1937598902787,1744.6201701465611,1557.5824357619995,1220.7888110297474,1106.4651823276313,1114.7359483188222,1145.788217070453,1130.8638071141095,1067.0929490246785,1052.3630664110979,1058.4100725223097,1064.4813755119394,913.3356356035367,989.1211276690815,1080.238969899976,3810.1740656828397,3765.753144860614,4970.865415668228,4832.272966706528,4902.036538393772,4652.9281725418095,4676.831249347392,3260.926207659879,3149.815033355289,2999.3802332711293,2983.819303470852,3132.7979309187167,3095.8163689511375,3044.7171088639816,2844.1028866374636,2968.4806369399575,2942.97697550216,3141.010175509778,3027.0501021832306,3002.6415691480106,2979.6959839393517,3029.1013583753006,2750.7042365029056,2879.5492808170357,2920.967316840135,2967.711250256822,2935.425330114623,2428.4404306557576,2469.352741855022,2459.185222679621,2433.161691288121,2425.5462887633694,2558.5109507212583,2627.659470482099,2589.9144331789107,2584.208221625253,2531.6868469233514,1810.1767527076393,1838.1116175817913,1734.8910789802596,1890.0389715826875,1777.201537155703,1726.9872649818076,1686.067612648222,1712.8057630070443,1703.5406822420455,1732.0640475234914,941.9738426774417,984.8808530333647,965.5597796506165,986.164766303711,890.4116427904796,1244.4402955355738,1190.5997586924923,1223.589539634174,1246.4350755182027,1221.7309566992194,711.6009760160658,730.4182125477457,771.4885404884049,704.2820456997631,715.3111078977863,642.1358367761039,599.5193945681833,539.6616772045038,563.4332061944565,615.7772093906128,415.6952067595893,400.16802023897213,442.5864205303,449.47987369587867,413.65376581478404
3078.4589878396723,2844.1745842739124,2672.4569977284573,2521.6509681269654,2454.7233943703563,2346.47891259227,1278.6661124767468,1168.5845874933748,1050.3605240316867,1181.0169615159498,1112.2020738505016,1029.8190656051784,1066.0232692149518,1083.4382856684215,1116.0405226860566,956.7384249410414,1029.2043215382753,1147.148631165394,3548.8658736259636,3842.8546107128086,4585.427414635781,4902.036538393772,5086.733514631771,4962.8354070642945,4599.313296049393,3371.7173326992383,3169.7619335117,3229.5388243001753,3007.9681170952476,3146.087411275657,2945.7933876377483,3186.9240829160544,3022.9523841831606,2844.7312821640107,2942.098261655102,3125.5605242850193,3103.3117856684353,3118.9864573469154,2994.539911182642,2987.8656005284356,2866.8127534877117,2973.7924191441098,2912.905564841368,2885.714512398322,2875.3875047251618,2459.2568734643187,2493.044806236279,2517.370736013263,2435.077901777724,2433.556907681469,2729.9806068864,2591.568847643229,2566.468812333952,2621.0979009627235,2582.3352002226593,1881.5733039912272,1885.6079684706729,1856.7201596938664,1810.3562920151921,1838.3719813370644,1845.6987995907823,1741.9641822173082,1716.5082238079008,1759.7967713975872,1747.3015824912777,976.7577474203863,977.3280896276644,1023.1478692779058,929.6765797475862,912.6475344978506,1286.4518802164303,1250.923625282996,1285.0489697323208,1233.2727367285192,1172.8601799793353,746.6057428820739,762.0462903316104,718.0568646737601,773.8772538644015,732.9966521954341,628.2523565568729,615.9700899846373,643.892514161141,620.5050302806839,596.4768961211906,422.9354529940653,441.4590020026773,433.81561917702845,445.19347227255196,345.7777167831591
2592.981855088819,2382.007986612941,2267.5260712936374,2105.087386041213,1976.0978132654486,4264.907665525419,1801.5180982945058,1260.6193191721763,1160.2452058465483,1255.8615672233893,1122.4675584857252,1082.4434868930011,1074.2876239503762,1100.6566702317355,1093.6119265369846,923.7929911728688,1014.1765236819599,1096.873532955329,3694.8853584791896,3594.1850696316087,4537.485812803738,4652.9281725418095,4962.8354070642945,5191.3554233502,5043.562327416696,3415.49873303145,3415.684118470058,3270.4811961456744,3136.046770789926,3025.0624333829705,2975.1633230427324,3134.6530114585257,3086.8651736961406,2998.32686997843,2998.280993021006,3169.274689031717,3116.0045465243406,3131.0162186632724,3221.6314837472196,3124.9777823412396,2960.7068551189427,2954.6415883284762,2965.1174212737187,3005.2595111495716,2883.074302759536,2577.1452428437824,2443.566950690654,2515.017439465989,2455.2685058184393,2503.5059739398075,2694.489593492211,2596.2376598934757,2691.8940781866913,2638.6081962070384,2555.1653235226727,1931.4795035328284,1895.0636911157223,1845.2324519468934,1869.704948068713,1884.732536377958,1883.6326926358145,1838.6850114341366,1804.9655091907603,1773.0005632703655,1648.8567855136064,956.026418606989,1030.9682449183642,999.0047824665728,986.2087517169177,914.3162356936405,1265.4453186489984,1245.2905575353682,1288.8525056276337,1295.908258428563,1255.410557425535,810.9406741372436,778.6093098834597,781.2274177906703,745.9325470643888,761.8949508737699,599.4057386256899,670.6238316832171,598.6986393974114,630.024390706481,613.024253450464,452.29479270329955,436.58360884573256,447.0738405855129,433.3198569775982,406.40525375780174
