4822,4183,3525,3008,2816,3107,2686,2565,2426,2462,2490,2390,2083,2182,2209,1911,1914,2346,6182,4203,4283,3904,3252,2735,2581,2880,2762,2676,2588,2406,2423,2531,2422,2372,2437,2323,2336,2286,2266,2317,2179,2083,2142,2126,2113,2025,2027,1953,1995,1966,2112,2133,2003,2076,2027,1447,1174,1215,1188,1193,1061,1040,1093,1020,973,566,538,558,517,505,671,698,734,915,869,544,525,525,551,524,487,409,427,444,414,324,314,323,292,285
4183,3542,3155,2788,2805,2933,2418,2277,2323,2254,2343,2118,1975,2104,2096,1805,1676,2102,2054,3916,3786,3390,2986,2516,2498,2671,2623,2525,2233,2336,2272,2235,2286,2168,2154,2168,2080,2153,2103,2141,2054,2005,1920,2044,1983,1913,1956,1980,1962,1887,1953,1810,1986,1887,1876,1452,1469,1063,1093,1025,993,944,975,875,836,528,491,497,439,461,585,587,679,737,782,487,460,490,470,443,408,412,429,366,427,282,326,313,281,293
3525,3155,2932,2679,2547,2789,2356,2135,2083,2198,2256,2084,1884,1945,1939,1694,1707,1919,1146,1769,3597,3241,2801,2378,2308,2427,2473,2348,2081,2244,2195,2120,2108,1990,2095,1993,1964,2005,2051,2039,1929,1926,1943,1910,1933,1821,1862,1845,1757,1763,1893,1782,1722,1762,1781,1518,1424,1536,1023,946,957,933,842,926,802,485,492,474,473,414,540,561,592,735,712,459,417,451,504,444,414,401,409,369,365,288,269,285,246,270
3008,2788,2679,2534,2439,2645,2181,2031,2052,2015,2187,1861,1845,1871,1887,1712,1699,1837,997,1181,1871,2961,2647,2213,2202,2356,2361,2350,2072,2072,2130,2127,2111,2076,2050,1942,2007,1923,2014,1866,1848,1898,1857,1821,1888,1700,1721,1736,1746,1715,1712,1736,1778,1699,1673,1502,1544,1551,1648,989,944,869,880,824,803,465,448,447,412,418,511,554,582,705,662,433,439,449,418,463,380,411,404,397,372,270,282,270,268,280
2816,2805,2547,2439,2490,2620,2197,2091,2020,2017,2235,2010,1871,1867,1834,1615,1659,1855,1009,1027,1339,1831,2593,2084,2154,2289,2217,2310,2003,2106,2136,2069,2040,1955,1983,1936,1929,1935,1943,1932,1860,1870,1864,1928,1918,1670,1700,1736,1754,1747,1764,1734,1713,1730,1754,1444,1533,1746,1948,2260,1003,971,942,839,837,457,451,463,425,413,524,539,582,723,631,425,438,437,451,448,362,414,359,347,373,274,263,229,263,221
3107,2933,2789,2645,2620,2990,2668,2296,2202,2154,2226,1987,1885,2006,2014,1667,1697,1897,1052,1081,1380,1640,2468,4493,3197,2961,2608,2453,2277,2150,2209,2193,2290,2152,2128,2023,2095,2013,2110,2083,1984,1970,1947,1894,1933,1740,1828,1821,1828,1744,1883,1812,1823,1740,1813,1469,1404,1400,1406,1374,1286,957,894,878,811,484,476,457,427,452,578,512,582,754,714,487,459,425,446,463,361,425,381,362,401,288,284,309,276,255
2686,2418,2356,2181,2197,2668,2286,2052,1949,2023,2172,1854,1784,1788,1851,1591,1533,1801,913,956,1153,1282,1339,1922,2828,2581,2359,2223,1931,2023,2148,2096,2104,2000,1982,1885,1918,1909,1889,1951,1731,1869,1770,1819,1807,1704,1660,1685,1598,1648,1706,1772,1726,1709,1677,1332,1311,1274,1228,1378,1356,1256,863,816,867,500,478,452,394,446,531,498,556,649,669,454,469,443,448,380,395,355,373,337,313,252,247,251,252,210
2565,2277,2135,2031,2091,2296,2052,1836,2049,2023,2020,1809,1690,1769,1733,1539,1615,1841,948,961,1087,1159,1232,1332,1620,2414,2320,2078,1864,1963,1991,1911,1944,1989,1850,1871,1915,1823,1840,1890,1767,1792,1741,1797,1726,1620,1582,1682,1684,1603,1712,1782,1693,1628,1613,1289,1312,1250,1243,1314,1279,1460,1340,879,776,481,452,431,372,398,481,517,557,662,677,401,421,428,420,392,364,366,308,304,346,233,252,270,250,240
2426,2323,2083,2052,2020,2202,1949,2049,2004,2013,2079,1721,1711,1770,1857,1511,1545,1919,967,1014,1200,1180,1112,1226,1304,1476,2170,2079,1869,1919,1991,1901,1988,1879,1836,1820,1775,1841,1846,1858,1694,1705,1838,1794,1810,1556,1661,1591,1621,1627,1723,1729,1721,1725,1543,1312,1281,1259,1224,1316,1379,1460,1616,1662,842,533,476,422,430,414,504,502,553,643,642,451,481,389,427,405,333,357,358,362,365,238,211,271,256,241
2462,2254,2198,2015,2017,2154,2023,2023,2013,2146,2070,1910,1867,1919,1855,1683,1635,1979,958,978,1174,1209,1257,1317,1278,1284,1508,2078,1859,1902,1974,1941,1990,1956,1872,1865,1902,1864,1881,1895,1821,1845,1897,1828,1775,1610,1692,1584,1595,1632,1743,1721,1694,1711,1721,1331,1318,1338,1287,1337,1451,1580,1668,2212,2467,649,670,537,476,448,556,532,601,692,646,446,473,417,457,413,392,398,331,368,376,279,265,247,267,220
2490,2343,2256,2187,2235,2226,2172,2020,2079,2070,2294,1923,1782,1822,1854,1599,1654,1943,966,986,1172,1192,1179,1184,1201,1200,1406,2020,3542,2562,2322,2115,2085,1881,1987,1959,1916,1924,1954,1803,1800,1709,1717,1854,1782,1658,1686,1766,1639,1692,1764,1758,1666,1715,1662,1362,1309,1322,1312,1372,1270,1368,1289,1320,1352,798,524,468,462,417,497,571,578,708,668,460,449,453,421,425,365,346,341,408,352,238,274,266,269,262
2390,2118,2084,1861,2010,1987,1854,1809,1721,1910,1923,1734,1706,1752,1763,1551,1552,1799,889,939,1159,1125,1082,1140,1156,1156,1167,1281,1542,2398,2146,1975,1865,1735,1730,1767,1824,1853,1739,1786,1750,1759,1629,1747,1681,1594,1563,1617,1506,1487,1544,1585,1580,1605,1527,1305,1256,1182,1103,1205,1273,1202,1218,1230,1305,875,761,481,465,448,503,488,543,668,584,407,426,405,408,395,331,353,336,346,344,223,233,209,235,222
2083,1975,1884,1845,1871,1885,1784,1690,1711,1867,1782,1706,1636,1732,1854,1538,1571,1705,890,877,1008,1113,1117,1131,1097,1114,1090,1078,1105,1374,1961,1797,1796,1688,1737,1818,1675,1713,1743,1690,1606,1607,1717,1662,1564,1542,1523,1580,1488,1534,1491,1693,1535,1574,1522,1209,1107,1187,1169,1185,1215,1310,1218,1269,1294,912,947,893,429,443,492,521,545,665,636,371,429,406,371,349,343,325,308,297,340,215,253,232,226,216
2182,2104,1945,1871,1867,2006,1788,1769,1770,1919,1822,1752,1732,1752,2057,1552,1569,1741,823,941,1123,1121,1147,1162,1104,1152,1102,1132,1146,1191,1376,1885,1787,1683,1715,1720,1730,1794,1730,1736,1718,1703,1697,1724,1738,1570,1572,1622,1554,1460,1603,1608,1543,1495,1600,1271,1281,1144,1168,1219,1216,1159,1285,1258,1357,832,968,1070,1161,482,560,567,524,705,658,399,435,402,417,376,345,325,347,306,317,256,271,217,249,192
2209,2096,1939,1887,1834,2014,1851,1733,1857,1855,1854,1763,1854,2057,1940,1564,1736,1933,818,857,1079,1127,1171,1153,1157,1042,1030,1110,1024,1048,1205,1197,1442,1420,1458,1328,1493,1414,1447,1476,1424,1394,1412,1351,1297,1253,1276,1294,1299,1267,1350,1345,1299,1334,1313,1038,1025,1068,992,1065,1116,1063,1012,1107,1126,807,807,1019,1323,1341,611,612,632,694,642,431,453,404,410,386,305,334,302,338,352,233,215,202,213,197
1911,1805,1694,1712,1615,1667,1591,1539,1511,1683,1599,1551,1538,1552,1564,1436,1524,1773,794,816,997,960,997,980,1010,945,908,853,864,879,971,1022,1222,1569,1407,1287,1318,1278,1283,1338,1280,1230,1207,1271,1189,1133,1169,1153,1158,1170,1280,1234,1203,1232,1218,955,914,937,925,859,882,846,863,901,872,516,473,506,506,556,975,518,490,619,590,414,371,389,370,361,274,273,272,286,262,211,212,208,209,214
1914,1676,1707,1699,1659,1697,1533,1615,1545,1635,1654,1552,1571,1569,1736,1524,1666,2136,808,864,997,1044,1079,1064,1088,995,941,938,949,921,974,982,989,1133,1362,1206,1300,1279,1309,1348,1287,1221,1252,1205,1287,1156,1177,1212,1259,1141,1278,1226,1226,1213,1264,1011,951,1000,961,889,887,909,885,893,843,555,499,526,525,656,1301,1311,615,740,633,478,443,376,405,422,353,339,324,308,309,236,231,243,209,219
2346,2102,1919,1837,1855,1897,1801,1841,1919,1979,1943,1799,1705,1741,1933,1773,2136,2834,961,1009,1143,1137,1202,1141,1182,1046,1104,1094,1089,1127,1137,1080,1111,1126,1256,1413,1334,1320,1455,1444,1361,1374,1392,1410,1438,1302,1273,1265,1328,1324,1353,1403,1357,1400,1316,1060,1021,1034,1036,1030,1000,995,988,1000,934,562,566,584,567,746,1588,1924,2251,899,859,619,537,536,486,465,348,391,350,378,368,268,265,264,228,256
6182,2054,1146,997,1009,1052,913,948,967,958,966,889,890,823,818,794,808,961,3900,3787,3938,3977,3726,3864,3597,2511,2555,2526,2422,2460,2464,2500,2516,2419,2446,2500,2493,2509,2579,2439,2379,2390,2392,2429,2369,1963,2038,2064,2012,2052,2220,2155,2178,2244,2181,1494,1556,1519,1460,1490,1414,1416,1355,1404,1348,802,783,743,706,786,1017,1075,1059,1022,970,655,629,660,611,601,532,531,514,458,474,361,382,353,370,329
4203,3916,1769,1181,1027,1081,956,961,1014,978,986,939,877,941,857,816,864,1009,3787,3814,4377,3973,4051,3777,3727,2578,2649,2607,2672,2611,2590,2604,2610,2586,2459,2664,2643,2588,2691,2586,2563,2389,2419,2455,2430,2038,2143,2149,2094,2100,2213,2274,2221,2244,2190,1551,1592,1524,1566,1581,1501,1514,1563,1523,1458,820,831,739,790,771,1083,1027,1022,1100,1054,645,625,588,617,642,535,530,520,513,497,349,311,398,362,345
4283,3786,3597,1871,1339,1380,1153,1087,1200,1174,1172,1159,1008,1123,1079,997,997,1143,3938,4377,5078,5235,4811,4768,4635,3314,3075,3088,2949,3167,3029,3070,3041,3057,3004,3143,3175,3050,3085,3098,2984,2905,2987,2938,2942,2597,2456,2493,2411,2503,2554,2725,2541,2598,2600,1808,1853,1890,1839,1857,1749,1739,1785,1724,1658,955,1018,916,931,898,1296,1317,1221,1257,1270,807,750,750,788,771,602,651,653,593,621,426,426,443,423,476
3904,3390,3241,2961,1831,1640,1282,1159,1180,1209,1192,1125,1113,1121,1127,960,1044,1137,3977,3973,5235,5100,5147,4882,4921,3422,3319,3161,3147,3302,3258,3202,3005,3112,3102,3290,3182,3167,3123,3180,2905,3023,3075,3114,3098,2547,2613,2594,2546,2550,2692,2761,2728,2722,2658,1919,1943,1828,1991,1867,1804,1782,1803,1805,1832,998,1038,1016,1030,940,1325,1233,1279,1306,1293,757,770,802,742,755,678,624,567,600,637,433,421,470,482,435
3252,2986,2801,2647,2593,2468,1339,1232,1112,1257,1179,1082,1117,1147,1171,997,1079,1202,3726,4051,4811,5147,5308,5243,4847,3554,3326,3422,3178,3306,3087,3362,3190,2991,3088,3278,3280,3281,3164,3147,2998,3126,3088,3031,3024,2607,2610,2652,2581,2570,2856,2726,2674,2753,2716,1986,1987,1968,1908,1936,1939,1828,1814,1841,1839,1034,1026,1070,979,954,1360,1311,1349,1294,1234,795,801,767,824,781,661,651,678,662,626,445,462,458,474,363
2735,2516,2378,2213,2084,4493,1922,1332,1226,1317,1184,1140,1131,1162,1153,980,1064,1141,3864,3777,4768,4882,5243,5470,5319,3598,3582,3442,3298,3161,3142,3313,3233,3151,3167,3343,3276,3274,3403,3267,3136,3088,3117,3160,3032,2720,2575,2638,2598,2639,2822,2732,2840,2752,2682,2033,1990,1930,1956,1986,1967,1935,1905,1861,1739,1001,1088,1048,1033,957,1334,1310,1362,1367,1340,857,812,823,787,801,636,699,636,659,642,473,461,471,465,426
2581,2498,2308,2202,2154,3197,2828,1620,1304,1278,1201,1156,1097,1104,1157,1010,1088,1182,3597,3727,4635,4921,4847,5319,5296,4044,3653,3775,3438,3436,3214,3244,3251,3273,3187,3375,3433,3300,3344,3220,3097,3074,3079,3188,3150,2634,2603,2709,2713,2622,2792,2819,2803,2913,2762,2033,1899,1976,1915,2010,1932,1852,1850,1840,1808,1087,994,1038,1053,994,1409,1326,1300,1398,1341,816,825,801,795,824,670,686,690,680,678,481,477,466,482,445
2880,2671,2427,2356,2289,2961,2581,2414,1476,1284,1200,1156,1114,1152,1042,945,995,1046,2511,2578,3314,3422,3554,3598,4044,4356,4287,3952,3904,3649,3691,3497,3357,3351,3400,3011,2986,3075,3016,3021,2684,2794,2818,2752,2697,2823,2763,2695,2769,2749,2907,2967,2873,2957,2885,2200,2200,2087,2178,2101,2042,2039,1994,2047,1965,1178,1041,1080,1048,1072,1420,1378,1393,1421,1377,874,838,844,879,857,700,726,700,727,696,462,501,506,492,462
2762,2623,2473,2361,2217,2608,2359,2320,2170,1508,1406,1167,1090,1102,1030,908,941,1104,2555,2649,3075,3319,3326,3582,3653,4287,4254,4344,3878,3861,3710,3641,3393,3402,3402,3124,3028,3001,3006,3124,2829,2754,2810,2722,2916,2816,2819,2818,2798,2782,2918,3055,2950,2897,2916,2195,2172,2119,2136,2131,2075,2087,2139,1935,2066,1182,1123,1114,1112,1092,1366,1426,1376,1374,1411,868,899,848,898,810,676,696,720,671,679,483,499,493,496,514
2676,2525,2348,2350,2310,2453,2223,2078,2079,2078,2020,1281,1078,1132,1110,853,938,1094,2526,2607,3088,3161,3422,3442,3775,3952,4344,4310,4373,3964,3965,3668,3883,3465,3484,3148,3217,3022,3086,3061,2894,2880,2814,2891,2865,2838,2912,2911,2834,2834,2901,2991,2994,3069,3016,2267,2205,2212,2182,2197,2159,2093,2134,2063,2072,1139,1204,1085,1064,1091,1460,1435,1474,1454,1392,891,948,830,868,787,744,693,732,676,703,505,496,532,511,463
2588,2233,2081,2072,2003,2277,1931,1864,1869,1859,3542,1542,1105,1146,1024,864,949,1089,2422,2672,2949,3147,3178,3298,3438,3904,3878,4373,4264,4460,3913,3975,3772,3763,3351,3029,3241,3184,3008,2975,2871,2775,2830,2793,2772,2857,2876,2864,2825,2793,2956,2953,2928,2927,2990,2218,2187,2179,2142,2208,2112,2051,2038,2134,2005,1166,1192,1048,1116,1052,1469,1478,1437,1447,1452,927,882,915,874,864,728,734,712,758,699,487,499,512,494,479
2406,2336,2244,2072,2106,2150,2023,1963,1919,1902,2562,2398,1374,1191,1048,879,921,1127,2460,2611,3167,3302,3306,3161,3436,3649,3861,3964,4460,4466,4484,4121,4054,3713,3754,3306,3098,3145,3196,3057,2876,2820,2867,2837,2905,2801,2853,2857,2850,2780,3042,2989,3121,3028,2987,2305,2214,2213,2150,2133,2046,2131,2016,2055,2064,1157,1131,1121,1172,1095,1500,1368,1548,1451,1430,957,888,963,971,858,722,729,722,747,719,507,500,510,509,503
2423,2272,2195,2130,2136,2209,2148,1991,1991,1974,2322,2146,1961,1376,1205,971,974,1137,2464,2590,3029,3258,3087,3142,3214,3691,3710,3965,3913,4484,4710,4532,4057,3980,3774,3399,3213,3356,3192,3217,2976,2941,2949,2954,2883,2921,2868,2884,2869,2915,3034,3075,2926,3003,3060,2310,2283,2208,2230,2192,2172,2192,2160,2111,2108,1179,1157,1121,1171,1109,1503,1480,1495,1522,1491,933,891,832,914,871,754,731,709,696,701,515,548,504,491,501
2531,2235,2120,2127,2069,2193,2096,1911,1901,1941,2115,1975,1797,1885,1197,1022,982,1080,2500,2604,3070,3202,3362,3313,3244,3497,3641,3668,3975,4121,4532,4496,4445,4099,3875,3486,3419,3370,3173,3301,3063,2910,2961,2970,2967,2892,2926,2879,2889,2999,3037,3000,3057,3056,3027,2270,2247,2238,2187,2236,2088,2092,2177,2106,2056,1178,1161,1113,1168,1092,1467,1458,1478,1459,1465,919,886,876,876,872,707,742,692,734,713,492,483,456,536,483
2422,2286,2108,2111,2040,2290,2104,1944,1988,1990,2085,1865,1796,1787,1442,1222,989,1111,2516,2610,3041,3005,3190,3233,3251,3357,3393,3883,3772,4054,4057,4445,4602,4503,4020,3749,3443,3492,3212,3263,3080,3056,2953,2847,2957,3049,2957,2881,2952,2863,3071,3143,3057,3002,3013,2381,2221,2327,2217,2257,2132,2060,2065,2087,2096,1196,1162,1149,1121,1123,1509,1473,1450,1458,1416,911,932,856,943,884,778,746,739,724,683,510,472,524,464,440
2372,2168,1990,2076,1955,2152,2000,1989,1879,1956,1881,1735,1688,1683,1420,1569,1133,1126,2419,2586,3057,3112,2991,3151,3273,3351,3402,3465,3763,3713,3980,4099,4503,4384,4582,3726,3768,3594,3489,3349,3189,3136,3049,2944,2948,3031,3010,3003,2867,2932,3178,3071,3046,2974,3004,2317,2215,2237,2251,2238,2178,2186,2095,2079,2038,1239,1170,1244,1129,1125,1463,1431,1431,1508,1473,913,894,897,881,914,739,744,773,793,698,510,509,499,479,521
2437,2154,2095,2050,1983,2128,1982,1850,1836,1872,1987,1730,1737,1715,1458,1407,1362,1256,2446,2459,3004,3102,3088,3167,3187,3400,3402,3484,3351,3754,3774,3875,4020,4582,4480,4239,3806,3799,3439,3557,3057,3099,2981,3101,2927,2970,2893,2973,2876,2943,3001,3064,3041,3080,3082,2322,2282,2280,2228,2211,2134,2125,2089,2153,2117,1220,1137,1137,1180,1106,1480,1450,1450,1523,1463,925,910,897,853,873,801,715,762,759,761,487,513,503,541,496
2323,2168,1993,1942,1936,2023,1885,1871,1820,1865,1959,1767,1818,1720,1328,1287,1206,1413,2500,2664,3143,3290,3278,3343,3375,3011,3124,3148,3029,3306,3399,3486,3749,3726,4239,4296,4136,3682,3595,3373,3265,2995,2902,2895,2961,2686,2675,2618,2622,2622,2816,2796,2809,2654,2751,2260,2126,2152,2132,2132,2065,2067,2045,2057,1962,1162,1116,1114,1070,1062,1367,1442,1463,1414,1432,900,888,804,815,825,713,680,723,690,654,439,514,513,478,505
2336,2080,1964,2007,1929,2095,1918,1915,1775,1902,1916,1824,1675,1730,1493,1318,1300,1334,2493,2643,3175,3182,3280,3276,3433,2986,3028,3217,3241,3098,3213,3419,3443,3768,3806,4136,4010,4146,3673,3740,3224,3223,2955,2830,2926,2725,2635,2698,2588,2681,2695,2761,2777,2781,2696,2132,2149,2085,2142,2170,2156,2037,2058,1952,1972,1141,1121,1112,1058,1084,1463,1465,1402,1434,1415,850,872,834,819,836,713,701,708,694,682,458,504,460,473,472
2286,2153,2005,1923,1935,2013,1909,1823,1841,1864,1924,1853,1713,1794,1414,1278,1279,1320,2509,2588,3050,3167,3281,3274,3300,3075,3001,3022,3184,3145,3356,3370,3492,3594,3799,3682,4146,4032,4102,3772,3496,3094,3188,3087,2933,2771,2729,2759,2637,2627,2739,2761,2741,2737,2754,2177,2219,2154,2199,2108,2093,1981,2045,2054,1965,1192,1191,1129,1066,1092,1451,1461,1438,1421,1469,941,847,862,803,868,676,745,737,708,711,532,491,514,541,476
2266,2103,2051,2014,1943,2110,1889,1840,1846,1881,1954,1739,1743,1730,1447,1283,1309,1455,2579,2691,3085,3123,3164,3403,3344,3016,3006,3086,3008,3196,3192,3173,3212,3489,3439,3595,3673,4102,4066,4249,3400,3489,3310,3236,2942,2821,2803,2813,2611,2797,2791,2793,2711,2720,2724,2227,2253,2196,2089,2137,2070,1989,2038,2076,1972,1139,1134,1153,1133,1072,1363,1529,1460,1419,1404,881,939,884,870,856,768,731,761,757,713,491,534,498,490,477
2317,2141,2039,1866,1932,2083,1951,1890,1858,1895,1803,1786,1690,1736,1476,1338,1348,1444,2439,2586,3098,3180,3147,3267,3220,3021,3124,3061,2975,3057,3217,3301,3263,3349,3557,3373,3740,3772,4249,4000,3886,3388,3505,3207,3122,2758,2745,2659,2726,2670,2739,2834,2767,2805,2675,2223,2234,2216,2242,2198,2084,1932,1996,2118,2023,1186,1124,1078,1045,1029,1476,1419,1380,1429,1417,951,880,888,878,863,685,722,731,674,675,466,522,493,452,444
2179,2054,1929,1848,1860,1984,1731,1767,1694,1821,1800,1750,1606,1718,1424,1280,1287,1361,2379,2563,2984,2905,2998,3136,3097,2684,2829,2894,2871,2876,2976,3063,3080,3189,3057,3265,3224,3496,3400,3886,3840,3829,3395,3275,3056,2758,2730,2664,2626,2733,2591,2663,2610,2659,2732,2168,2109,2071,2069,2066,2029,1986,1986,1863,1854,1046,1169,1125,1010,1014,1382,1263,1395,1327,1385,867,794,836,827,759,630,684,698,672,636,497,478,454,448,449
2083,2005,1926,1898,1870,1970,1869,1792,1705,1845,1709,1759,1607,1703,1394,1230,1221,1374,2390,2389,2905,3023,3126,3088,3074,2794,2754,2880,2775,2820,2941,2910,3056,3136,3099,2995,3223,3094,3489,3388,3829,3840,3764,3334,3350,2892,2805,2684,2667,2660,2772,2587,2803,2704,2586,2182,2068,2025,2035,2127,1956,1959,1887,1955,1890,1113,1060,1093,991,1057,1393,1384,1393,1377,1335,883,840,893,864,884,728,684,662,662,673,495,433,485,489,501
2142,1920,1943,1857,1864,1947,1770,1741,1838,1897,1717,1629,1717,1697,1412,1207,1252,1392,2392,2419,2987,3075,3088,3117,3079,2818,2810,2814,2830,2867,2949,2961,2953,3049,2981,2902,2955,3188,3310,3505,3395,3764,3750,3835,3262,3181,2937,2949,2607,2624,2695,2791,2756,2662,2604,2102,2167,2019,1986,2018,2028,1994,1993,1904,1848,1137,1104,1038,986,989,1314,1386,1316,1339,1393,856,851,805,800,792,692,667,623,654,653,456,480,473,485,409
2126,2044,1910,1821,1928,1894,1819,1797,1794,1828,1854,1747,1662,1724,1351,1271,1205,1410,2429,2455,2938,3114,3031,3160,3188,2752,2722,2891,2793,2837,2954,2970,2847,2944,3101,2895,2830,3087,3236,3207,3275,3334,3835,3908,3742,3312,3128,2858,2865,2762,2773,2813,2756,2742,2589,2160,2063,2031,2054,2006,1946,1927,1961,1937,1846,1142,1004,1071,1043,1062,1403,1390,1336,1338,1365,855,882,810,898,816,677,679,621,656,655,461,513,462,415,467
2113,1983,1933,1888,1918,1933,1807,1726,1810,1775,1782,1681,1564,1738,1297,1189,1287,1438,2369,2430,2942,3098,3024,3032,3150,2697,2916,2865,2772,2905,2883,2967,2957,2948,2927,2961,2926,2933,2942,3122,3056,3350,3262,3742,3698,3678,3040,3205,2974,2765,2810,2858,2814,2736,2720,2101,2173,2160,2049,2000,1965,1942,1917,1918,1939,1112,1111,1077,997,966,1349,1303,1395,1361,1335,929,874,813,798,798,656,691,704,667,691,454,499,506,475,447
2025,1913,1821,1700,1670,1740,1704,1620,1556,1610,1658,1594,1542,1570,1253,1133,1156,1302,1963,2038,2597,2547,2607,2720,2634,2823,2816,2838,2857,2801,2921,2892,3049,3031,2970,2686,2725,2771,2821,2758,2758,2892,3181,3312,3678,3492,3463,3104,3059,2778,2867,2644,2792,2657,2698,2057,1952,1969,2082,2080,1932,1809,1864,1875,1799,1040,1066,1024,1005,1089,1361,1427,1349,1329,1336,862,888,818,807,816,755,645,704,682,699,478,488,499,444,463
2027,1956,1862,1721,1700,1828,1660,1582,1661,1692,1686,1563,1523,1572,1276,1169,1177,1273,2038,2143,2456,2613,2610,2575,2603,2763,2819,2912,2876,2853,2868,2926,2957,3010,2893,2675,2635,2729,2803,2745,2730,2805,2937,3128,3040,3463,3472,3616,3032,3143,2931,2931,2719,2710,2657,2113,2070,1985,2072,2026,1980,1894,1735,1817,1765,1102,1061,1167,1004,994,1393,1407,1431,1379,1409,899,846,856,801,799,703,670,679,682,642,516,465,507,482,462
1953,1980,1845,1736,1736,1821,1685,1682,1591,1584,1766,1617,1580,1622,1294,1153,1212,1265,2064,2149,2493,2594,2652,2638,2709,2695,2818,2911,2864,2857,2884,2879,2881,3003,2973,2618,2698,2759,2813,2659,2664,2684,2949,2858,3205,3104,3616,3462,3519,3079,3301,2909,2968,2675,2678,2142,2102,2060,2020,2054,1934,1896,1905,1866,1821,1189,1158,1108,1060,988,1362,1382,1375,1340,1431,859,840,824,879,828,706,692,764,671,675,480,516,486,509,411
1995,1962,1757,1746,1754,1828,1598,1684,1621,1595,1639,1506,1488,1554,1299,1158,1259,1328,2012,2094,2411,2546,2581,2598,2713,2769,2798,2834,2825,2850,2869,2889,2952,2867,2876,2622,2588,2637,2611,2726,2626,2667,2607,2865,2974,3059,3032,3519,3614,3537,3199,3224,2900,2863,2715,2132,2053,2179,2019,2022,1833,1818,1930,1816,1698,1102,1082,1117,1041,1012,1367,1389,1391,1339,1376,881,877,849,822,815,704,710,697,647,725,486,519,525,476,430
1966,1887,1763,1715,1747,1744,1648,1603,1627,1632,1692,1487,1534,1460,1267,1170,1141,1324,2052,2100,2503,2550,2570,2639,2622,2749,2782,2834,2793,2780,2915,2999,2863,2932,2943,2622,2681,2627,2797,2670,2733,2660,2624,2762,2765,2778,3143,3079,3537,3474,3713,3278,3288,2925,2880,2209,2145,2010,2086,2011,1985,1875,1849,1860,1809,1104,1101,1047,1092,1012,1384,1370,1386,1365,1333,854,830,873,847,817,671,697,659,609,663,466,488,528,478,423
2112,1953,1893,1712,1764,1883,1706,1712,1723,1743,1764,1544,1491,1603,1350,1280,1278,1353,2220,2213,2554,2692,2856,2822,2792,2907,2918,2901,2956,3042,3034,3037,3071,3178,3001,2816,2695,2739,2791,2739,2591,2772,2695,2773,2810,2867,2931,3301,3199,3713,3950,3917,3476,3355,3063,2468,2316,2293,2232,2248,2090,1933,1997,1997,1875,1168,1219,1161,1090,1149,1535,1443,1462,1370,1458,949,888,892,871,833,739,782,711,748,721,541,516,481,520,475
2133,1810,1782,1736,1734,1812,1772,1782,1729,1721,1758,1585,1693,1608,1345,1234,1226,1403,2155,2274,2725,2761,2726,2732,2819,2967,3055,2991,2953,2989,3075,3000,3143,3071,3064,2796,2761,2761,2793,2834,2663,2587,2791,2813,2858,2644,2931,2909,3224,3278,3917,3914,3860,3427,3434,2561,2488,2138,2256,2199,2167,1970,2037,1954,1880,1236,1070,1094,1182,1116,1419,1426,1442,1469,1419,915,904,882,867,846,704,727,719,675,685,506,508,532,468,474
2003,1986,1722,1778,1713,1823,1726,1693,1721,1694,1666,1580,1535,1543,1299,1203,1226,1357,2178,2221,2541,2728,2674,2840,2803,2873,2950,2994,2928,3121,2926,3057,3057,3046,3041,2809,2777,2741,2711,2767,2610,2803,2756,2756,2814,2792,2719,2968,2900,3288,3476,3860,3704,3742,3325,2896,2528,2396,2230,2201,2097,2138,1968,1866,1941,1147,1196,1134,1165,1121,1416,1458,1470,1430,1434,937,933,835,863,883,761,678,715,673,681,500,504,512,514,504
2076,1887,1762,1699,1730,1740,1709,1628,1725,1711,1715,1605,1574,1495,1334,1232,1213,1400,2244,2244,2598,2722,2753,2752,2913,2957,2897,3069,2927,3028,3003,3056,3002,2974,3080,2654,2781,2737,2720,2805,2659,2704,2662,2742,2736,2657,2710,2675,2863,2925,3355,3427,3742,3860,3863,2838,2789,2457,2382,2221,2091,2104,2091,1937,1930,1182,1152,1152,1133,1163,1493,1499,1493,1477,1364,943,903,934,869,864,737,750,680,755,708,499,480,494,483,524
2027,1876,1781,1673,1754,1813,1677,1613,1543,1721,1662,1527,1522,1600,1313,1218,1264,1316,2181,2190,2600,2658,2716,2682,2762,2885,2916,3016,2990,2987,3060,3027,3013,3004,3082,2751,2696,2754,2724,2675,2732,2586,2604,2589,2720,2698,2657,2678,2715,2880,3063,3434,3325,3863,3716,3116,2719,2764,2380,2522,2041,2047,2045,2033,1933,1174,1207,1154,1140,1096,1473,1489,1484,1519,1434,891,920,824,834,851,711,702,761,661,723,480,508,507,471,536
1447,1452,1518,1502,1444,1469,1332,1289,1312,1331,1362,1305,1209,1271,1038,955,1011,1060,1494,1551,1808,1919,1986,2033,2033,2200,2195,2267,2218,2305,2310,2270,2381,2317,2322,2260,2132,2177,2227,2223,2168,2182,2102,2160,2101,2057,2113,2142,2132,2209,2468,2561,2896,2838,3116,2616,2639,2225,2261,1998,1961,1639,1740,1721,1653,930,975,909,954,958,1162,1255,1231,1225,1117,756,726,715,712,710,628,620,572,576,578,380,403,435,409,377
1174,1469,1424,1544,1533,1404,1311,1312,1281,1318,1309,1256,1107,1281,1025,914,951,1021,1556,1592,1853,1943,1987,1990,1899,2200,2172,2205,2187,2214,2283,2247,2221,2215,2282,2126,2149,2219,2253,2234,2109,2068,2167,2063,2173,1952,2070,2102,2053,2145,2316,2488,2528,2789,2719,2639,2562,2596,2235,2249,1886,1848,1731,1809,1690,1030,998,959,898,972,1279,1245,1224,1217,1162,767,717,708,707,671,563,626,546,519,582,403,405,398,443,418
1215,1063,1536,1551,1746,1400,1274,1250,1259,1338,1322,1182,1187,1144,1068,937,1000,1034,1519,1524,1890,1828,1968,1930,1976,2087,2119,2212,2179,2213,2208,2238,2327,2237,2280,2152,2085,2154,2196,2216,2071,2025,2019,2031,2160,1969,1985,2060,2179,2010,2293,2138,2396,2457,2764,2225,2596,2552,2712,2120,2163,1858,1917,1697,1660,1034,1058,912,899,897,1170,1223,1133,1206,1201,794,759,702,679,694,547,555,531,525,534,456,418,401,411,415
1188,1093,1023,1648,1948,1406,1228,1243,1224,1287,1312,1103,1169,1168,992,925,961,1036,1460,1566,1839,1991,1908,1956,1915,2178,2136,2182,2142,2150,2230,2187,2217,2251,2228,2132,2142,2199,2089,2242,2069,2035,1986,2054,2049,2082,2072,2020,2019,2086,2232,2256,2230,2382,2380,2261,2235,2712,2600,2509,2098,2159,1918,1868,1662,1083,1080,982,979,885,1200,1240,1228,1119,1134,789,756,725,694,682,538,592,603,570,569,418,407,426,411,412
1193,1025,946,989,2260,1374,1378,1314,1316,1337,1372,1205,1185,1219,1065,859,889,1030,1490,1581,1857,1867,1936,1986,2010,2101,2131,2197,2208,2133,2192,2236,2257,2238,2211,2132,2170,2108,2137,2198,2066,2127,2018,2006,2000,2080,2026,2054,2022,2011,2248,2199,2201,2221,2522,1998,2249,2120,2509,2554,2367,2131,2142,1861,1843,1105,1041,1002,947,861,1132,1188,1242,1237,1146,775,759,714,754,638,563,577,577,557,547,417,439,419,394,391
1061,993,957,944,1003,1286,1356,1279,1379,1451,1270,1273,1215,1216,1116,882,887,1000,1414,1501,1749,1804,1939,1967,1932,2042,2075,2159,2112,2046,2172,2088,2132,2178,2134,2065,2156,2093,2070,2084,2029,1956,2028,1946,1965,1932,1980,1934,1833,1985,2090,2167,2097,2091,2041,1961,1886,2163,2098,2367,2408,2291,2031,1994,1728,1234,1006,992,962,975,1133,1176,1189,1237,1162,714,716,688,716,722,567,586,564,551,534,376,393,416,386,360
1040,944,933,869,971,957,1256,1460,1460,1580,1368,1202,1310,1159,1063,846,909,995,1416,1514,1739,1782,1828,1935,1852,2039,2087,2093,2051,2131,2192,2092,2060,2186,2125,2067,2037,1981,1989,1932,1986,1959,1994,1927,1942,1809,1894,1896,1818,1875,1933,1970,2138,2104,2047,1639,1848,1858,2159,2131,2291,2234,2331,2024,1922,1177,1189,963,958,948,1282,1185,1174,1123,1122,782,710,685,717,618,535,579,530,516,558,392,378,394,410,366
1093,975,842,880,942,894,863,1340,1616,1668,1289,1218,1218,1285,1012,863,885,988,1355,1563,1785,1803,1814,1905,1850,1994,2139,2134,2038,2016,2160,2177,2065,2095,2089,2045,2058,2045,2038,1996,1986,1887,1993,1961,1917,1864,1735,1905,1930,1849,1997,2037,1968,2091,2045,1740,1731,1917,1918,2142,2031,2331,2212,2230,1938,1360,1140,1146,958,993,1292,1245,1207,1112,1147,715,758,660,715,673,589,559,610,550,539,397,380,392,374,378
1020,875,926,824,839,878,816,879,1662,2212,1320,1230,1269,1258,1107,901,893,1000,1404,1523,1724,1805,1841,1861,1840,2047,1935,2063,2134,2055,2111,2106,2087,2079,2153,2057,1952,2054,2076,2118,1863,1955,1904,1937,1918,1875,1817,1866,1816,1860,1997,1954,1866,1937,2033,1721,1809,1697,1868,1861,1994,2024,2230,2316,2210,1367,1310,1143,1146,911,1244,1153,1249,1174,1117,760,721,725,666,656,616,538,584,589,546,371,376,395,352,357
973,836,802,803,837,811,867,776,842,2467,1352,1305,1294,1357,1126,872,843,934,1348,1458,1658,1832,1839,1739,1808,1965,2066,2072,2005,2064,2108,2056,2096,2038,2117,1962,1972,1965,1972,2023,1854,1890,1848,1846,1939,1799,1765,1821,1698,1809,1875,1880,1941,1930,1933,1653,1690,1660,1662,1843,1728,1922,1938,2210,2242,1535,1312,1304,1117,1124,1225,1162,1235,1258,1081,739,669,696,690,657,564,517,530,568,564,376,389,394,359,349
566,528,485,465,457,484,500,481,533,649,798,875,912,832,807,516,555,562,802,820,955,998,1034,1001,1087,1178,1182,1139,1166,1157,1179,1178,1196,1239,1220,1162,1141,1192,1139,1186,1046,1113,1137,1142,1112,1040,1102,1189,1102,1104,1168,1236,1147,1182,1174,930,1030,1034,1083,1105,1234,1177,1360,1367,1535,958,955,783,810,668,864,780,824,756,777,453,508,522,466,468,348,398,354,356,381,262,244,218,259,247
538,491,492,448,451,476,478,452,476,670,524,761,947,968,807,473,499,566,783,831,1018,1038,1026,1088,994,1041,1123,1204,1192,1131,1157,1161,1162,1170,1137,1116,1121,1191,1134,1124,1169,1060,1104,1004,1111,1066,1061,1158,1082,1101,1219,1070,1196,1152,1207,975,998,1058,1080,1041,1006,1189,1140,1310,1312,955,810,966,788,820,839,891,753,784,738,477,478,449,443,473,396,327,384,362,336,243,211,243,233,222
558,497,474,447,463,457,452,431,422,537,468,481,893,1070,1019,506,526,584,743,739,916,1016,1070,1048,1038,1080,1114,1085,1048,1121,1121,1113,1149,1244,1137,1114,1112,1129,1153,1078,1125,1093,1038,1071,1077,1024,1167,1108,1117,1047,1161,1094,1134,1152,1154,909,959,912,982,1002,992,963,1146,1143,1304,783,966,906,909,741,911,866,843,732,762,506,541,432,417,410,355,365,306,320,321,238,270,230,246,244
517,439,473,412,425,427,394,372,430,476,462,465,429,1161,1323,506,525,567,706,790,931,1030,979,1033,1053,1048,1112,1064,1116,1172,1171,1168,1121,1129,1180,1070,1058,1066,1133,1045,1010,991,986,1043,997,1005,1004,1060,1041,1092,1090,1182,1165,1133,1140,954,898,899,979,947,962,958,958,1146,1117,810,788,909,876,891,948,911,853,834,774,485,469,471,425,394,362,368,362,324,312,243,224,240,233,236
505,461,414,418,413,452,446,398,414,448,417,448,443,482,1341,556,656,746,786,771,898,940,954,957,994,1072,1092,1091,1052,1095,1109,1092,1123,1125,1106,1062,1084,1092,1072,1029,1014,1057,989,1062,966,1089,994,988,1012,1012,1149,1116,1121,1163,1096,958,972,897,885,861,975,948,993,911,1124,668,820,741,891,936,1141,939,948,849,758,468,466,466,466,420,349,330,388,332,348,239,231,236,232,223
671,585,540,511,524,578,531,481,504,556,497,503,492,560,611,975,1301,1588,1017,1083,1296,1325,1360,1334,1409,1420,1366,1460,1469,1500,1503,1467,1509,1463,1480,1367,1463,1451,1363,1476,1382,1393,1314,1403,1349,1361,1393,1362,1367,1384,1535,1419,1416,1493,1473,1162,1279,1170,1200,1132,1133,1282,1292,1244,1225,864,839,911,948,1141,1414,1412,1282,1356,1082,776,626,610,640,601,513,526,463,451,487,324,322,282,349,282
698,587,561,554,539,512,498,517,502,532,571,488,521,567,612,518,1311,1924,1075,1027,1317,1233,1311,1310,1326,1378,1426,1435,1478,1368,1480,1458,1473,1431,1450,1442,1465,1461,1529,1419,1263,1384,1386,1390,1303,1427,1407,1382,1389,1370,1443,1426,1458,1499,1489,1255,1245,1223,1240,1188,1176,1185,1245,1153,1162,780,891,866,911,939,1412,1504,1487,1254,1161,814,758,651,629,635,515,537,444,490,469,327,316,315,306,305
734,679,592,582,582,582,556,557,553,601,578,543,545,524,632,490,615,2251,1059,1022,1221,1279,1349,1362,1300,1393,1376,1474,1437,1548,1495,1478,1450,1431,1450,1463,1402,1438,1460,1380,1395,1393,1316,1336,1395,1349,1431,1375,1391,1386,1462,1442,1470,1493,1484,1231,1224,1133,1228,1242,1189,1174,1207,1249,1235,824,753,843,853,948,1282,1487,1468,1442,1262,901,774,744,658,603,580,559,488,471,503,348,362,355,324,299
915,737,735,705,723,754,649,662,643,692,708,668,665,705,694,619,740,899,1022,1100,1257,1306,1294,1367,1398,1421,1374,1454,1447,1451,1522,1459,1458,1508,1523,1414,1434,1421,1419,1429,1327,1377,1339,1338,1361,1329,1379,1340,1339,1365,1370,1469,1430,1477,1519,1225,1217,1206,1119,1237,1237,1123,1112,1174,1258,756,784,732,834,849,1356,1254,1442,1460,1451,869,906,769,706,599,527,555,561,465,451,349,352,328,332,318
869,782,712,662,631,714,669,677,642,646,668,584,636,658,642,590,633,859,970,1054,1270,1293,1234,1340,1341,1377,1411,1392,1452,1430,1491,1465,1416,1473,1463,1432,1415,1469,1404,1417,1385,1335,1393,1365,1335,1336,1409,1431,1376,1333,1458,1419,1434,1364,1434,1117,1162,1201,1134,1146,1162,1122,1147,1117,1081,777,738,762,774,758,1082,1161,1262,1451,1582,1020,943,824,771,735,522,530,515,520,471,355,356,344,332,288
544,487,459,433,425,487,454,401,451,446,460,407,371,399,431,414,478,619,655,645,807,757,795,857,816,874,868,891,927,957,933,919,911,913,925,900,850,941,881,951,867,883,856,855,929,862,899,859,881,854,949,915,937,943,891,756,767,794,789,775,714,782,715,760,739,453,477,506,485,468,776,814,901,869,1020,644,715,571,525,452,425,334,322,332,328,241,221,240,256,207
525,460,417,439,438,459,469,421,481,473,449,426,429,435,453,371,443,537,629,625,750,770,801,812,825,838,899,948,882,888,891,886,932,894,910,888,872,847,939,880,794,840,851,882,874,888,846,840,877,830,888,904,933,903,920,726,717,759,756,759,716,710,758,721,669,508,478,541,469,466,626,758,774,906,943,715,680,635,552,521,400,392,329,334,339,207,255,223,196,249
525,490,451,449,437,425,443,428,389,417,453,405,406,402,404,389,376,536,660,588,750,802,767,823,801,844,848,830,915,963,832,876,856,897,897,804,834,862,884,888,836,893,805,810,813,818,856,824,849,873,892,882,835,934,824,715,708,702,725,714,688,685,660,725,696,522,449,432,471,466,610,651,744,769,824,571,635,596,667,519,472,360,426,315,328,248,274,220,202,198
551,470,504,418,451,446,448,420,427,457,421,408,371,417,410,370,405,486,611,617,788,742,824,787,795,879,898,868,874,971,914,876,943,881,853,815,819,803,870,878,827,864,800,898,798,807,801,879,822,847,871,867,863,869,834,712,707,679,694,754,716,717,715,666,690,466,443,417,425,466,640,629,658,706,771,525,552,667,624,671,517,506,374,404,327,214,220,250,194,217
524,443,444,463,448,463,380,392,405,413,425,395,349,376,386,361,422,465,601,642,771,755,781,801,824,857,810,787,864,858,871,872,884,914,873,825,836,868,856,863,759,884,792,816,798,816,799,828,815,817,833,846,883,864,851,710,671,694,682,638,722,618,673,656,657,468,473,410,394,420,601,635,603,599,735,452,521,519,671,698,575,469,499,378,344,235,229,250,222,176
487,408,414,380,362,361,395,364,333,392,365,331,343,345,305,274,353,348,532,535,602,678,661,636,670,700,676,744,728,722,754,707,778,739,801,713,713,676,768,685,630,728,692,677,656,755,703,706,704,671,739,704,761,737,711,628,563,547,538,563,567,535,589,616,564,348,396,355,362,349,513,515,580,527,522,425,400,472,517,575,520,552,393,368,339,249,211,202,211,217
409,412,401,411,414,425,355,366,357,398,346,353,325,325,334,273,339,391,531,530,651,624,651,699,686,726,696,693,734,729,731,742,746,744,715,680,701,745,731,722,684,684,667,679,691,645,670,692,710,697,782,727,678,750,702,620,626,555,592,577,586,579,559,538,517,398,327,365,368,330,526,537,559,555,530,334,392,360,506,469,552,548,534,443,437,260,293,220,187,183
427,429,409,404,359,381,373,308,358,331,341,336,308,347,302,272,324,350,514,520,653,567,678,636,690,700,720,732,712,722,709,692,739,773,762,723,708,737,761,731,698,662,623,621,704,704,679,764,697,659,711,719,715,680,761,572,546,531,603,577,564,530,610,584,530,354,384,306,362,388,463,444,488,561,515,322,329,426,374,499,393,534,536,508,418,326,260,258,212,210
444,366,369,397,347,362,337,304,362,368,408,346,297,306,338,286,308,378,458,513,593,600,662,659,680,727,671,676,758,747,696,734,724,793,759,690,694,708,757,674,672,662,654,656,667,682,682,671,647,609,748,675,673,755,661,576,519,525,570,557,551,516,550,589,568,356,362,320,324,332,451,490,471,465,520,332,334,315,404,378,368,443,508,542,563,350,313,254,306,194
414,427,365,372,373,401,313,346,365,376,352,344,340,317,352,262,309,368,474,497,621,637,626,642,678,696,679,703,699,719,701,713,683,698,761,654,682,711,713,675,636,673,653,655,691,699,642,675,725,663,721,685,681,708,723,578,582,534,569,547,534,558,539,546,564,381,336,321,312,348,487,469,503,451,471,328,339,328,327,344,339,437,418,563,510,473,326,349,280,299
324,282,288,270,274,288,252,233,238,279,238,223,215,256,233,211,236,268,361,349,426,433,445,473,481,462,483,505,487,507,515,492,510,510,487,439,458,532,491,466,497,495,456,461,454,478,516,480,486,466,541,506,500,499,480,380,403,456,418,417,376,392,397,371,376,262,243,238,243,239,324,327,348,349,355,241,207,248,214,235,249,260,326,350,473,366,370,273,276,214
314,326,269,282,263,284,247,252,211,265,274,233,253,271,215,212,231,265,382,311,426,421,462,461,477,501,499,496,499,500,548,483,472,509,513,514,504,491,534,522,478,433,480,513,499,488,465,516,519,488,516,508,504,480,508,403,405,418,407,439,393,378,380,376,389,244,211,270,224,231,322,316,362,352,356,221,255,274,220,229,211,293,260,313,326,370,392,405,281,288
323,313,285,270,229,309,251,270,271,247,266,209,232,217,202,208,243,264,353,398,443,470,458,471,466,506,493,532,512,510,504,456,524,499,503,513,460,514,498,493,454,485,473,462,506,499,507,486,525,528,481,532,512,494,507,435,398,401,426,419,416,394,392,395,394,218,243,230,240,236,282,315,355,328,344,240,223,220,250,250,202,220,258,254,349,273,405,424,477,350
292,281,246,268,263,276,252,250,256,267,269,235,226,249,213,209,209,228,370,362,423,482,474,465,482,492,496,511,494,509,491,536,464,479,541,478,473,541,490,452,448,489,485,415,475,444,482,509,476,478,520,468,514,483,471,409,443,411,411,394,386,410,374,352,359,259,233,246,233,232,349,306,324,332,332,256,196,202,194,222,211,187,212,306,280,276,281,477,438,536
285,293,270,280,221,255,210,240,241,220,262,222,216,192,197,214,219,256,329,345,476,435,363,426,445,462,514,463,479,503,501,483,440,521,496,505,472,476,477,444,449,501,409,467,447,463,462,411,430,423,475,474,504,524,536,377,418,415,412,391,360,366,378,357,349,247,222,244,236,223,282,305,299,318,288,207,249,198,217,176,217,183,210,194,299,214,288,350,536,588
