3106,2841,2842,2628,2345,2182,1865,1787,1687,1660,1755,1672,1597,1573,1549,1491,1625,1711,2265,2062,2451,2496,2509,2273,2207,2217,2182,2157,1956,1932,1880,1911,1725,1772,1776,1670,1684,1665,1695,1634,1666,1596,1540,1475,1532,1498,1411,1389,1400,1402,1417,1398,1358,1347,1311,982,1088,1053,989,973,877,927,852,908,920,480,425,448,416,399,521,495,510,533,475,308,322,290,315,257,278,232,236,258,241,208,183,152,160,157
2841,2480,2510,2244,2168,1938,1629,1518,1609,1508,1497,1499,1462,1463,1437,1434,1489,1568,2176,1994,2158,1882,1830,1833,1888,1936,1748,1741,1807,1700,1676,1618,1630,1656,1547,1487,1630,1608,1502,1502,1438,1405,1430,1415,1472,1294,1352,1364,1339,1365,1337,1306,1325,1334,1329,997,1013,954,967,898,946,896,905,831,835,442,425,449,379,386,499,483,490,473,467,316,302,302,274,238,240,258,234,218,224,172,166,163,175,158
2842,2510,2422,2287,2155,1861,1576,1588,1548,1494,1484,1525,1421,1350,1433,1433,1465,1591,2108,1845,2006,1834,1837,1781,1858,1874,1689,1682,1683,1729,1693,1636,1678,1584,1588,1551,1462,1532,1482,1482,1382,1359,1451,1364,1395,1252,1341,1335,1327,1301,1391,1281,1321,1328,1287,1054,968,975,922,909,868,858,918,813,842,427,405,429,374,344,473,465,478,446,475,306,300,301,279,288,256,253,234,216,219,175,160,175,161,171
2628,2244,2287,1970,1861,1667,1364,1427,1434,1353,1366,1386,1300,1270,1347,1348,1361,1498,1101,1636,1775,1568,1575,1685,1682,1733,1568,1562,1560,1584,1545,1480,1413,1494,1485,1332,1341,1434,1385,1355,1306,1250,1284,1356,1295,1165,1174,1215,1166,1203,1262,1241,1208,1256,1196,963,903,880,877,836,887,834,881,821,767,395,376,380,405,376,476,464,451,443,421,311,268,300,260,283,230,235,237,237,246,159,170,157,136,156
2345,2168,2155,1861,1824,1581,1387,1368,1343,1303,1304,1221,1237,1312,1293,1253,1292,1398,818,984,1712,1566,1582,1623,1596,1613,1524,1506,1510,1510,1431,1358,1361,1411,1458,1299,1243,1322,1189,1325,1257,1197,1268,1211,1217,1147,1149,1134,1110,1123,1299,1293,1216,1260,1165,960,868,896,853,797,871,800,786,830,813,435,415,376,327,347,450,465,462,439,441,278,277,295,265,246,255,230,194,228,210,148,161,134,172,152
2182,1938,1861,1667,1581,1334,1273,1233,1216,1224,1196,1145,1107,1123,1098,1122,1178,1271,683,730,1135,1753,1431,1359,1292,1451,1583,1587,1482,1443,1477,1309,1351,1250,1237,1149,1164,1152,1180,1288,1156,1114,1157,1093,1147,1133,1067,1054,1069,1104,1050,987,971,995,929,738,773,787,778,736,731,732,732,638,681,340,359,291,332,309,352,431,390,400,376,219,255,235,248,250,192,188,202,185,179,122,141,146,132,116
1865,1629,1576,1364,1387,1273,1062,1225,1114,1126,1104,1120,1103,1058,1139,1038,1039,1137,581,626,738,990,1296,1182,1230,1237,1282,1195,1259,1306,1307,1255,1217,1211,1291,1116,1110,1158,1150,1191,1057,1053,1075,1046,1029,1081,1020,1044,1006,1062,1060,981,970,999,951,736,698,699,699,698,702,677,670,634,598,343,290,328,307,286,380,377,353,360,367,241,230,227,210,212,174,181,187,169,168,120,122,139,140,102
1787,1518,1588,1427,1368,1233,1225,1188,1085,1077,1110,1012,1101,1068,1082,1098,1046,1079,652,593,687,779,881,1170,1181,1208,1210,1276,1246,1233,1234,1211,1210,1184,1269,1135,1094,1127,1147,1129,1090,1079,1082,1062,1106,994,944,994,1049,965,1088,1029,1040,1005,976,764,779,722,717,666,692,674,668,677,598,362,325,274,274,257,369,357,370,343,374,207,253,198,229,226,176,181,178,168,179,135,122,124,125,125
1687,1609,1548,1434,1343,1216,1114,1085,1064,1084,1106,1045,1003,1062,1071,1078,1085,1173,636,627,686,706,740,881,1159,1189,1150,1225,1235,1261,1275,1183,1207,1185,1126,1182,1159,1192,1211,1191,1082,1027,1073,1046,1063,1036,1034,1058,1031,971,1072,1071,1044,1011,970,743,804,720,692,750,755,691,678,643,668,362,313,351,289,307,390,374,367,362,375,262,247,209,251,244,146,170,192,201,174,124,118,124,122,131
1660,1508,1494,1353,1303,1224,1126,1077,1084,1082,1136,1063,1079,1047,1122,1093,1075,1222,597,607,718,725,725,708,882,1189,1132,1238,1228,1217,1234,1142,1168,1181,1194,1154,1109,1094,1128,1149,1092,1078,1041,1061,1096,980,1019,914,963,1009,1129,1080,1050,1093,1055,788,755,745,728,763,712,714,673,694,725,386,348,288,287,331,382,389,362,410,333,220,239,248,221,224,167,181,192,189,179,133,129,118,115,124
1755,1497,1484,1366,1304,1196,1104,1110,1106,1136,1110,1062,1103,1085,1069,1057,1132,1225,617,554,697,731,722,766,861,1079,1554,1255,1274,1240,1199,1216,1183,1239,1193,1136,1126,1108,1184,1045,1086,1075,1096,1038,1151,982,1030,999,985,1037,975,1005,946,1002,928,789,740,736,740,698,752,715,705,692,736,360,344,345,350,345,443,429,402,406,377,255,284,295,267,258,212,233,233,227,220,140,155,168,146,148
1672,1499,1525,1386,1221,1145,1120,1012,1045,1063,1062,1040,1052,1072,1074,1102,1157,1209,621,588,670,731,744,755,819,781,929,1265,1215,1097,1166,1082,1193,1171,1183,1162,1086,1102,1155,1107,1030,1072,1026,1064,1071,976,973,965,966,1014,1009,988,993,1016,984,757,759,745,746,765,713,716,725,760,727,390,371,393,362,370,481,452,451,480,423,297,298,271,250,270,249,235,230,218,201,161,136,162,165,140
1597,1462,1421,1300,1237,1107,1103,1101,1003,1079,1103,1052,1092,1136,1183,1101,1165,1299,668,606,743,775,695,778,753,777,789,894,1143,1168,1173,1123,1193,1133,1153,1105,1120,1166,1108,1134,1067,1100,1094,1036,1115,1066,1035,983,965,1042,1059,1024,1079,1025,1041,832,863,801,796,816,796,788,736,789,719,402,369,378,332,367,471,462,446,451,453,283,297,285,258,274,240,270,252,211,213,167,166,187,166,174
1573,1463,1350,1270,1312,1123,1058,1068,1062,1047,1085,1072,1136,1102,1160,1112,1200,1384,604,630,697,778,763,764,780,829,772,853,946,1132,1093,1140,1169,1132,1159,1182,1100,1210,1078,1124,1075,1043,1069,1019,1079,989,966,1057,967,1008,1025,1147,1038,1137,1087,835,807,832,786,782,833,873,816,795,802,450,425,365,362,371,489,480,480,463,501,271,300,273,258,280,221,214,249,243,218,179,182,184,181,158
1549,1437,1433,1347,1293,1098,1139,1082,1071,1122,1069,1074,1183,1160,1326,1296,1397,1449,652,644,760,817,823,801,834,767,869,869,908,970,1077,1163,1150,1173,1216,1106,1151,1144,1180,1080,1144,1068,1115,1007,1099,990,1015,1042,1001,1004,1173,1141,1170,1129,1113,884,866,900,834,900,844,888,848,870,793,462,425,442,441,424,525,485,500,533,529,342,312,297,331,312,294,271,279,270,244,207,188,170,190,188
1491,1434,1433,1348,1253,1122,1038,1098,1078,1093,1057,1102,1101,1112,1296,1360,1460,1606,674,658,825,796,769,794,816,801,837,858,867,895,1007,1269,1086,1023,1080,999,1040,1081,1000,1056,959,965,996,1051,1020,912,883,945,950,900,990,996,966,1030,1028,811,801,816,769,869,869,864,885,878,907,509,503,464,450,442,583,590,612,565,556,381,417,394,395,388,359,361,372,361,342,253,276,279,266,247
1625,1489,1465,1361,1292,1178,1039,1046,1085,1075,1132,1157,1165,1200,1397,1460,1662,1685,701,703,818,853,803,893,887,851,918,839,937,928,902,979,1135,1107,1087,1101,1081,1059,1053,1110,1012,988,1061,999,1035,973,989,917,968,1011,1071,1074,1062,1092,1090,841,902,909,935,917,950,944,953,995,960,554,535,479,541,501,673,635,654,666,666,432,448,445,446,451,379,414,389,373,411,285,303,302,280,290
1711,1568,1591,1498,1398,1271,1137,1079,1173,1222,1225,1209,1299,1384,1449,1606,1685,1896,779,664,877,878,854,913,983,896,1002,953,888,972,928,977,1060,1110,1143,1094,1142,1102,1176,1146,1052,1132,1079,1118,1162,1007,1041,1092,1032,1002,1185,1171,1196,1191,1193,956,1026,989,937,985,1034,1008,1042,1043,1072,575,582,528,558,562,780,751,685,731,712,523,566,478,454,494,409,431,385,412,406,333,357,270,350,294
2264,2176,2108,1100,818,683,581,651,636,596,617,620,668,603,652,674,701,779,3068,2701,2862,2868,2689,2648,2521,2192,2246,2145,2196,2223,2166,2123,2194,2097,2075,2219,2167,2222,2130,2138,1778,1840,1872,1891,1784,1701,1723,1637,1708,1652,1736,1759,1786,1796,1733,1292,1333,1343,1305,1272,1267,1316,1269,1255,1265,674,618,659,601,631,874,896,900,878,846,546,488,477,536,504,437,424,404,396,421,330,303,279,290,318
2062,1994,1845,1636,984,730,626,593,627,607,554,588,604,630,644,658,703,664,2701,2660,3122,2778,2751,2634,2702,2180,2202,2182,2170,2162,2094,2093,2126,2023,2116,2081,2115,2133,2138,2081,1856,1795,1757,1804,1787,1627,1648,1770,1709,1683,1703,1742,1860,1814,1796,1327,1290,1301,1244,1299,1350,1313,1286,1289,1269,637,638,621,611,607,882,880,896,854,869,530,514,518,469,532,436,452,439,440,459,302,303,290,289,313
2451,2158,2006,1775,1712,1135,738,687,686,718,697,670,743,697,760,825,818,877,2862,3122,3718,3574,3390,3296,3182,2850,2579,2683,2641,2709,2574,2586,2501,2392,2444,2593,2523,2477,2496,2609,2185,2151,2257,2091,2162,2142,2036,2036,2062,2073,2204,2132,2151,2188,2150,1544,1586,1503,1609,1521,1594,1572,1555,1486,1545,832,812,828,814,719,998,970,993,971,1001,596,605,640,642,585,543,525,546,543,465,350,380,357,344,336
2495,1881,1834,1568,1565,1753,990,778,706,723,731,731,774,777,817,796,853,878,2868,2778,3574,3612,3678,3351,3499,2885,2824,2709,2775,2725,2680,2687,2641,2682,2525,2756,2567,2645,2586,2487,2280,2258,2218,2274,2166,2104,2012,1995,2078,2081,2258,2185,2136,2213,2184,1629,1590,1649,1624,1579,1628,1562,1596,1545,1530,823,808,837,816,749,1015,1030,998,1020,1032,672,613,634,601,617,535,543,548,522,508,385,385,406,354,366
2509,1830,1836,1575,1582,1430,1296,880,740,725,722,744,695,762,823,769,803,854,2689,2751,3390,3678,3582,3665,3516,3016,2849,2902,2687,2814,2668,2660,2601,2609,2698,2609,2589,2638,2632,2511,2292,2276,2246,2253,2241,2108,2063,2035,2106,2032,2234,2164,2207,2158,2153,1512,1601,1619,1604,1603,1635,1618,1558,1577,1480,790,826,782,764,787,1105,1132,1109,989,1025,687,671,622,670,657,513,518,507,576,531,375,373,385,372,372
2273,1833,1781,1685,1623,1359,1180,1170,881,707,766,755,778,764,801,794,893,913,2648,2634,3296,3351,3665,3712,3778,2938,3126,2904,2872,2785,2649,2684,2613,2668,2653,2750,2716,2682,2640,2711,2349,2235,2271,2269,2298,2186,2163,2168,2180,2176,2196,2290,2196,2217,2214,1661,1700,1626,1675,1636,1614,1624,1656,1562,1621,846,826,844,778,759,1127,1075,1117,1061,1103,672,622,660,653,622,553,554,561,560,503,388,391,360,390,369
2207,1888,1857,1682,1596,1292,1230,1181,1158,882,861,819,753,780,834,816,887,983,2521,2702,3182,3499,3516,3778,3752,3548,3197,3178,2972,2961,2790,2821,2880,2809,2637,2706,2700,2709,2670,2787,2436,2409,2380,2351,2255,2153,2135,2204,2223,2212,2436,2302,2219,2319,2257,1698,1680,1650,1730,1764,1679,1698,1631,1642,1689,862,843,832,816,745,1126,1060,1070,1116,1074,662,721,684,632,649,602,569,544,555,581,410,399,385,367,385
2217,1935,1874,1733,1613,1450,1236,1207,1189,1189,1079,781,776,828,767,801,851,896,2192,2180,2850,2885,3016,2938,3548,3732,3848,3461,3469,3214,3127,3012,2999,2908,2981,2630,2576,2657,2611,2532,2525,2480,2508,2516,2440,2403,2427,2421,2370,2405,2396,2468,2514,2458,2507,1871,1893,1832,1926,1801,1787,1798,1802,1824,1753,933,911,891,861,918,1223,1213,1221,1171,1201,718,730,731,699,715,583,624,619,563,545,446,405,407,386,393
2181,1748,1689,1568,1524,1581,1282,1210,1149,1131,1553,929,789,772,869,837,918,1002,2246,2202,2579,2824,2849,3126,3197,3848,3814,3807,3416,3465,3329,3130,3111,3072,3070,2623,2534,2672,2536,2550,2555,2582,2485,2472,2484,2444,2447,2503,2340,2370,2444,2497,2515,2453,2488,1888,1834,1872,1851,1869,1726,1815,1870,1761,1874,966,1002,941,939,924,1287,1132,1214,1191,1201,780,732,760,716,716,609,603,579,583,585,432,397,398,458,400
2157,1740,1682,1562,1506,1587,1195,1276,1225,1238,1255,1265,894,853,869,858,839,953,2145,2182,2683,2709,2902,2904,3178,3461,3807,3912,3954,3542,3474,3204,3208,3074,2966,2712,2699,2639,2646,2583,2540,2607,2527,2460,2477,2411,2385,2371,2306,2366,2587,2618,2450,2452,2551,1906,1911,1867,1946,1850,1911,1834,1719,1842,1824,965,898,949,912,881,1214,1164,1186,1182,1198,708,728,712,725,715,584,588,610,614,559,436,389,423,408,453
1956,1807,1683,1559,1510,1480,1259,1246,1235,1228,1273,1215,1143,946,908,867,937,888,2196,2170,2641,2775,2687,2872,2972,3469,3416,3954,3844,4001,3426,3425,3252,3190,2941,2655,2771,2661,2547,2571,2603,2564,2559,2510,2553,2401,2373,2314,2422,2408,2469,2478,2459,2558,2489,1898,1869,1928,1832,1891,1902,1907,1919,1777,1846,921,1016,877,871,934,1178,1194,1251,1212,1233,724,692,741,735,714,626,591,621,609,589,472,437,431,448,396
1932,1700,1729,1584,1509,1443,1306,1233,1261,1217,1240,1097,1168,1132,970,895,928,972,2223,2162,2709,2725,2814,2785,2961,3214,3465,3542,4001,4024,3907,3613,3551,3259,3208,2643,2701,2739,2667,2672,2536,2672,2640,2700,2524,2490,2398,2461,2383,2442,2537,2581,2464,2539,2548,2015,1960,1931,1946,1966,1918,1815,1786,1863,1818,936,933,950,895,917,1221,1282,1221,1213,1201,722,767,745,741,779,608,620,571,593,602,446,411,417,378,369
1880,1675,1693,1544,1430,1477,1306,1234,1275,1234,1197,1166,1173,1093,1077,1007,902,928,2166,2094,2574,2680,2668,2649,2790,3127,3329,3474,3426,3907,3906,3809,3495,3527,3307,2932,2715,2816,2687,2663,2613,2635,2635,2698,2579,2377,2262,2358,2387,2411,2603,2544,2449,2487,2505,1931,1900,1874,1858,1841,1909,1877,1846,1830,1810,949,927,935,901,918,1124,1279,1184,1189,1159,720,747,702,749,727,625,613,586,587,620,445,450,404,404,423
1911,1618,1636,1480,1358,1309,1255,1211,1183,1142,1216,1082,1122,1139,1163,1269,979,977,2123,2093,2586,2687,2660,2684,2821,3012,3130,3204,3425,3613,3809,3804,3819,3483,3425,2872,2969,2724,2817,2629,2676,2759,2595,2540,2613,2383,2391,2403,2368,2408,2602,2444,2406,2584,2414,1961,1908,1911,1956,1850,1846,1831,1815,1854,1747,943,944,915,918,906,1197,1162,1208,1156,1148,762,785,708,777,672,610,602,584,584,605,454,468,424,421,370
1725,1629,1677,1413,1361,1351,1217,1209,1207,1168,1182,1193,1192,1169,1150,1086,1135,1060,2194,2126,2501,2641,2601,2613,2880,2999,3111,3208,3252,3551,3495,3819,3890,3879,3510,3210,2976,2949,2678,2648,2732,2734,2627,2572,2568,2424,2494,2409,2421,2528,2466,2582,2603,2549,2528,2035,1919,1935,1903,1950,1855,1982,1826,1856,1792,1007,953,965,957,878,1203,1171,1163,1249,1117,749,762,685,739,741,628,617,628,578,637,463,417,455,422,396
1772,1656,1584,1494,1410,1250,1210,1184,1184,1181,1239,1171,1133,1132,1173,1023,1107,1110,2097,2023,2392,2682,2609,2668,2809,2908,3072,3074,3190,3259,3527,3483,3879,3806,3675,3073,3196,3031,2824,2695,2689,2670,2623,2557,2681,2437,2485,2339,2414,2380,2571,2596,2551,2514,2557,1957,1953,1877,1888,1815,1904,1960,1844,1855,1763,971,922,938,913,954,1088,1184,1187,1233,1159,740,754,752,755,749,671,651,578,604,587,411,429,440,397,393
1776,1547,1588,1485,1458,1237,1290,1269,1126,1194,1192,1183,1153,1159,1216,1080,1087,1143,2075,2116,2444,2525,2698,2653,2637,2981,3070,2966,2941,3208,3307,3425,3510,3675,3826,3464,3207,3123,2910,2858,2691,2703,2741,2694,2544,2467,2466,2407,2444,2377,2510,2468,2451,2615,2367,1889,1934,1924,1941,1817,1892,1876,1843,1872,1903,955,986,927,917,972,1233,1194,1212,1190,1119,782,764,757,754,735,568,577,635,606,613,435,412,413,408,378
1669,1487,1551,1332,1299,1148,1116,1135,1182,1153,1135,1162,1105,1182,1106,999,1101,1094,2219,2081,2593,2756,2609,2750,2706,2630,2623,2712,2655,2643,2932,2872,3210,3073,3464,3360,3203,2989,2957,2743,2574,2432,2357,2343,2469,2160,2133,2110,2086,2111,2343,2356,2468,2330,2347,1861,1808,1701,1821,1742,1766,1757,1764,1602,1719,921,872,863,842,883,1099,1102,1079,1100,1108,710,728,712,713,698,566,581,536,565,555,379,422,355,376,373
1684,1630,1459,1341,1243,1163,1110,1094,1159,1109,1126,1086,1120,1100,1151,1040,1081,1142,2167,2115,2523,2567,2589,2716,2700,2576,2534,2699,2771,2701,2715,2969,2976,3196,3207,3203,3264,3411,2933,2975,2556,2575,2347,2313,2385,2242,2202,2106,2132,2093,2299,2310,2323,2353,2329,1771,1697,1769,1714,1732,1725,1746,1711,1653,1743,906,877,806,835,823,1135,1147,1165,1110,1120,773,737,664,689,657,587,547,587,524,538,379,353,377,375,393
1665,1607,1532,1434,1321,1152,1158,1127,1192,1094,1108,1102,1165,1210,1144,1081,1059,1102,2222,2133,2477,2645,2638,2682,2709,2657,2672,2639,2661,2739,2816,2724,2949,3031,3123,2989,3411,3272,3331,2946,2775,2546,2564,2312,2359,2302,2271,2080,2092,2174,2275,2395,2289,2474,2362,1887,1936,1849,1766,1722,1735,1736,1699,1743,1673,894,861,890,877,831,1078,1145,1092,1065,1072,686,692,646,696,665,535,624,561,568,551,389,398,389,426,369
1694,1501,1482,1384,1189,1180,1150,1147,1208,1128,1184,1154,1108,1077,1180,1000,1053,1176,2130,2138,2496,2586,2632,2640,2670,2611,2536,2646,2547,2667,2687,2817,2678,2824,2910,2957,2933,3331,3458,3399,2806,2792,2595,2556,2320,2193,2107,2244,2186,2163,2437,2423,2286,2331,2261,1737,1805,1776,1682,1697,1670,1698,1758,1731,1745,918,958,883,907,831,1102,1099,1137,1078,1051,715,717,701,681,677,575,555,597,533,593,397,400,406,411,393
1634,1501,1481,1354,1325,1287,1191,1129,1191,1149,1045,1107,1134,1123,1080,1056,1110,1146,2138,2081,2609,2487,2511,2711,2787,2532,2550,2583,2571,2672,2663,2629,2648,2695,2858,2743,2975,2946,3399,3226,3169,2780,2796,2534,2554,2274,2218,2209,2091,2042,2358,2307,2330,2258,2263,1812,1775,1736,1720,1723,1732,1718,1678,1707,1696,912,887,854,758,857,1188,1103,1026,1068,1079,725,719,702,691,641,543,583,575,533,551,408,405,368,391,361
1666,1438,1382,1306,1257,1156,1057,1090,1080,1092,1086,1030,1066,1075,1144,959,1012,1052,1778,1856,2185,2280,2292,2349,2436,2525,2555,2540,2603,2536,2613,2676,2732,2689,2691,2574,2556,2775,2806,3169,2824,2944,2622,2561,2492,2241,2115,2152,2143,2099,2234,2142,2208,2241,2259,1643,1677,1605,1643,1606,1736,1654,1623,1655,1608,886,890,816,802,772,1052,1047,1072,1019,1006,721,676,645,691,634,572,537,539,507,527,358,369,385,422,385
1596,1405,1359,1250,1197,1114,1053,1079,1026,1078,1075,1072,1099,1043,1068,965,988,1132,1840,1795,2151,2258,2276,2235,2409,2480,2582,2607,2564,2672,2635,2759,2734,2670,2703,2432,2575,2546,2792,2780,2944,2994,2972,2669,2659,2254,2325,2265,2088,2109,2321,2301,2262,2275,2314,1683,1690,1649,1625,1693,1601,1704,1623,1654,1540,823,893,799,749,785,1097,1072,1073,1040,1071,672,692,633,652,657,549,571,535,531,530,389,394,357,390,350
1540,1430,1450,1284,1267,1157,1075,1082,1073,1041,1096,1024,1094,1069,1115,996,1061,1079,1872,1757,2257,2218,2246,2271,2380,2508,2485,2527,2559,2640,2635,2595,2627,2623,2741,2357,2347,2564,2595,2796,2622,2972,2958,2901,2684,2489,2430,2287,2160,2197,2345,2420,2263,2185,2276,1732,1741,1713,1693,1703,1634,1670,1704,1533,1571,849,828,772,793,761,1076,1080,1082,1062,1051,700,664,667,652,612,567,563,559,506,518,402,402,350,374,392
1474,1415,1363,1356,1211,1093,1045,1062,1045,1061,1038,1064,1036,1017,1007,1051,999,1118,1891,1804,2091,2274,2253,2269,2351,2516,2472,2460,2510,2700,2698,2540,2572,2557,2694,2343,2313,2312,2556,2534,2561,2669,2901,2920,2969,2432,2433,2275,2239,2098,2324,2277,2301,2224,2288,1787,1679,1695,1638,1659,1642,1722,1608,1577,1589,893,849,795,841,776,1087,1042,1069,1070,1054,672,647,658,680,691,531,563,505,555,518,357,364,406,334,371
1532,1472,1395,1295,1215,1146,1029,1105,1063,1096,1151,1070,1115,1079,1099,1020,1035,1162,1784,1787,2162,2166,2241,2298,2255,2440,2484,2477,2553,2524,2579,2613,2568,2681,2544,2469,2385,2359,2320,2554,2492,2659,2684,2969,2948,2877,2484,2570,2282,2274,2319,2393,2364,2326,2247,1802,1680,1644,1685,1613,1685,1724,1622,1656,1639,885,844,840,836,823,1025,1123,1046,1061,1061,699,685,663,630,662,554,542,550,530,530,382,382,368,390,369
1498,1294,1252,1165,1147,1133,1081,994,1036,980,981,976,1065,989,990,912,973,1007,1701,1627,2142,2104,2108,2186,2153,2403,2444,2411,2401,2490,2377,2383,2424,2437,2467,2160,2242,2302,2193,2274,2241,2254,2489,2432,2877,2728,2784,2426,2547,2256,2353,2199,2176,2174,2275,1619,1652,1596,1564,1566,1665,1644,1565,1624,1588,920,901,856,813,755,1075,1088,1098,1138,1040,698,680,680,650,664,526,537,564,579,533,392,404,358,434,379
1411,1352,1340,1174,1149,1067,1020,943,1034,1019,1030,973,1034,966,1015,883,989,1041,1723,1648,2036,2012,2063,2163,2135,2427,2447,2385,2373,2398,2262,2391,2494,2485,2466,2133,2202,2271,2107,2218,2115,2325,2430,2433,2484,2784,2694,2739,2386,2470,2360,2346,2245,2274,2203,1758,1624,1561,1604,1588,1680,1634,1611,1605,1599,941,854,841,809,797,1041,1051,1013,1022,1082,681,672,669,647,671,590,553,551,570,508,382,393,390,375,370
1389,1364,1335,1215,1134,1054,1044,994,1058,914,999,965,983,1056,1042,945,917,1092,1637,1770,2036,1995,2035,2168,2204,2421,2503,2371,2314,2461,2358,2403,2409,2339,2407,2110,2106,2080,2244,2209,2152,2265,2287,2275,2570,2426,2739,2696,2781,2442,2629,2325,2337,2162,2173,1639,1746,1606,1533,1603,1612,1654,1558,1648,1646,911,882,847,781,775,1084,1099,1112,1084,1025,675,694,696,669,620,587,551,587,579,530,409,363,377,364,362
1399,1339,1326,1166,1109,1069,1006,1049,1031,963,985,966,965,967,1001,950,968,1032,1708,1709,2062,2078,2106,2180,2223,2370,2340,2306,2422,2383,2387,2368,2421,2414,2444,2086,2132,2092,2186,2091,2143,2088,2160,2239,2282,2547,2386,2781,2502,2741,2662,2594,2282,2442,2153,1715,1720,1709,1628,1514,1771,1630,1613,1554,1629,863,922,848,846,784,1100,1079,1062,1064,1008,690,631,630,597,675,592,526,536,560,579,377,410,334,366,367
1401,1365,1300,1203,1123,1104,1062,964,971,1009,1037,1014,1041,1008,1004,900,1011,1002,1652,1683,2073,2081,2032,2176,2212,2405,2370,2366,2408,2442,2411,2408,2528,2380,2377,2111,2093,2174,2163,2042,2099,2109,2197,2098,2274,2256,2470,2442,2741,2890,3010,2600,2621,2384,2391,1710,1744,1646,1644,1622,1687,1701,1695,1650,1621,909,884,882,839,796,1056,1059,1114,1045,1083,678,694,697,655,612,526,522,570,545,524,398,404,380,420,395
1416,1337,1391,1262,1299,1050,1060,1088,1071,1128,975,1009,1059,1025,1173,990,1071,1185,1736,1703,2204,2258,2234,2196,2436,2396,2444,2587,2469,2537,2603,2602,2466,2571,2510,2343,2299,2275,2437,2358,2234,2321,2345,2324,2319,2353,2360,2629,2662,3010,3166,3154,2866,2893,2540,2088,1845,1812,1853,1813,1870,1691,1800,1746,1805,990,928,888,884,921,1194,1141,1127,1135,1168,724,703,699,684,685,610,549,589,539,584,419,414,424,421,420
1398,1306,1281,1241,1293,987,981,1029,1070,1080,1005,988,1024,1147,1141,996,1074,1171,1759,1742,2132,2185,2164,2290,2302,2468,2497,2618,2478,2581,2544,2444,2582,2596,2468,2356,2310,2395,2423,2307,2142,2301,2420,2277,2393,2199,2346,2325,2594,2600,3154,3222,3176,2787,2741,2113,2027,1864,1779,1910,1820,1761,1842,1747,1690,1035,881,869,858,832,1137,1112,1148,1161,1124,683,699,719,668,683,577,575,549,615,520,422,412,392,389,410
1358,1324,1321,1208,1216,971,970,1040,1044,1050,946,992,1079,1038,1170,966,1062,1196,1786,1860,2151,2136,2207,2196,2219,2514,2515,2450,2459,2464,2449,2406,2603,2551,2451,2468,2323,2289,2286,2330,2208,2262,2263,2301,2364,2176,2245,2337,2282,2621,2866,3176,3244,3245,2859,2328,2095,1958,1859,1820,1872,1850,1771,1773,1743,936,958,921,909,868,1259,1216,1163,1071,1129,701,679,702,709,743,530,632,563,587,612,438,425,424,449,406
1347,1333,1328,1256,1260,995,999,1005,1011,1093,1002,1015,1025,1137,1129,1030,1092,1191,1796,1814,2188,2213,2158,2217,2319,2458,2453,2452,2558,2539,2487,2584,2549,2514,2615,2330,2353,2474,2331,2258,2241,2275,2185,2224,2326,2174,2274,2162,2442,2384,2893,2787,3245,3156,3182,2250,2268,2037,2046,1840,1874,1854,1821,1811,1802,990,962,937,844,891,1205,1211,1221,1161,1128,753,722,669,722,718,612,576,610,567,513,450,421,383,405,389
1311,1329,1287,1196,1165,929,951,976,970,1055,928,984,1041,1087,1113,1028,1090,1193,1733,1796,2150,2184,2153,2214,2257,2507,2488,2551,2489,2548,2505,2414,2528,2557,2367,2347,2329,2362,2261,2263,2259,2314,2276,2288,2247,2275,2203,2173,2153,2391,2540,2741,2859,3182,3140,2525,2354,2236,1999,1937,1798,1851,1889,1822,1643,957,968,913,911,855,1078,1155,1192,1154,1111,721,681,722,667,683,568,576,625,580,584,401,402,381,393,359
982,997,1054,963,960,738,736,764,743,788,789,757,832,835,884,811,841,956,1292,1327,1544,1629,1512,1661,1698,1871,1888,1906,1898,2015,1931,1961,2035,1957,1889,1861,1771,1887,1737,1812,1643,1683,1732,1787,1802,1619,1758,1639,1715,1710,2088,2113,2328,2250,2525,2034,2084,1798,1768,1618,1654,1495,1439,1457,1431,781,791,775,751,731,983,967,997,1009,909,583,571,609,536,577,461,438,484,462,487,335,342,316,305,296
1088,1013,968,903,868,773,698,778,804,755,739,759,863,807,866,801,902,1026,1333,1290,1586,1590,1601,1700,1680,1893,1834,1911,1869,1960,1900,1908,1919,1953,1934,1808,1697,1936,1805,1775,1677,1690,1741,1679,1680,1652,1624,1746,1720,1744,1845,2027,2095,2268,2354,2084,2122,2016,1781,1880,1614,1688,1519,1436,1475,838,790,769,767,715,931,886,907,979,957,638,639,576,566,554,454,447,483,454,453,313,344,331,318,329
1053,954,975,880,896,787,699,722,720,744,736,745,801,832,900,816,909,989,1343,1301,1503,1649,1619,1626,1650,1832,1872,1867,1928,1931,1874,1911,1935,1877,1924,1701,1769,1849,1776,1736,1605,1649,1713,1695,1644,1596,1561,1606,1709,1646,1812,1864,1958,2037,2236,1798,2016,2014,2057,1740,1854,1627,1646,1499,1387,873,819,755,782,715,978,975,950,921,916,598,599,568,574,594,493,440,476,446,482,346,308,329,378,359
988,967,920,876,853,778,698,716,692,727,739,746,796,786,834,769,935,937,1305,1244,1609,1624,1604,1675,1730,1926,1851,1946,1832,1946,1858,1956,1903,1888,1941,1821,1714,1766,1682,1720,1643,1625,1693,1638,1685,1564,1604,1533,1628,1644,1853,1779,1859,2046,1999,1768,1781,2057,2012,1972,1839,1800,1674,1591,1463,895,799,772,716,692,974,973,956,907,937,582,602,628,560,555,487,419,508,464,464,302,323,354,364,300
973,896,908,836,797,736,698,666,750,763,698,765,816,782,900,869,917,985,1272,1299,1521,1579,1603,1636,1764,1801,1869,1850,1891,1966,1841,1850,1950,1815,1817,1742,1732,1722,1697,1723,1606,1693,1703,1659,1613,1566,1588,1603,1514,1622,1813,1910,1820,1840,1937,1618,1880,1740,1972,2096,2112,1731,1849,1565,1581,844,777,843,774,688,966,914,950,927,940,543,587,574,577,567,495,463,475,473,499,358,353,304,330,273
877,946,867,887,869,730,702,692,755,712,752,712,795,833,844,869,950,1034,1267,1350,1594,1628,1635,1614,1679,1787,1726,1911,1902,1918,1909,1846,1855,1904,1892,1766,1725,1735,1670,1732,1736,1601,1634,1642,1685,1665,1680,1612,1771,1687,1870,1820,1872,1874,1798,1654,1614,1854,1839,2112,2108,2188,1857,1844,1606,1077,882,848,821,884,946,931,1011,963,947,596,565,588,553,576,495,457,447,451,498,321,322,299,329,324
927,896,858,834,800,732,677,674,691,714,714,715,788,872,888,864,944,1008,1316,1313,1572,1562,1618,1624,1698,1798,1815,1834,1907,1815,1877,1831,1982,1960,1876,1757,1746,1736,1698,1718,1654,1704,1670,1722,1724,1644,1634,1654,1630,1701,1691,1761,1850,1854,1851,1495,1688,1627,1800,1731,2188,2016,2068,1794,1791,951,987,843,909,787,1083,964,981,948,925,614,581,563,577,551,487,501,489,440,446,345,290,318,332,302
852,905,918,881,786,732,670,667,678,673,705,725,736,816,848,885,953,1042,1269,1286,1555,1596,1558,1656,1631,1802,1870,1719,1919,1786,1846,1815,1826,1844,1843,1764,1711,1699,1758,1678,1623,1623,1704,1608,1622,1565,1611,1558,1613,1695,1800,1842,1771,1821,1889,1439,1519,1646,1674,1849,1857,2068,2014,2080,1706,1083,938,988,796,809,1033,1056,997,918,935,624,576,563,585,582,485,478,482,453,487,312,377,329,302,314
908,831,813,821,830,637,633,677,643,693,691,760,789,795,870,878,995,1043,1255,1289,1486,1545,1577,1562,1642,1824,1761,1842,1777,1863,1830,1854,1856,1855,1872,1602,1653,1743,1731,1707,1655,1654,1533,1577,1656,1624,1605,1648,1554,1650,1746,1747,1773,1811,1822,1457,1436,1499,1591,1565,1844,1794,2080,2034,1986,1185,1108,978,916,799,1065,996,980,950,987,625,568,655,567,530,492,475,471,467,482,315,315,337,326,306
920,835,842,767,813,681,597,597,668,725,736,727,719,802,793,907,960,1072,1265,1269,1545,1530,1480,1621,1689,1753,1874,1824,1846,1818,1810,1747,1792,1763,1903,1719,1743,1673,1745,1696,1608,1540,1571,1589,1639,1588,1599,1646,1629,1621,1805,1690,1743,1802,1643,1431,1475,1387,1463,1581,1606,1791,1706,1986,1922,1255,1086,1091,975,958,983,1004,981,1021,876,641,617,588,598,540,529,465,494,437,425,283,303,325,314,328
480,442,427,395,435,340,343,362,362,386,360,390,402,450,462,509,554,575,674,637,832,823,790,846,862,933,966,965,921,936,949,943,1007,971,955,921,906,894,918,912,886,823,849,893,885,920,941,911,863,909,990,1035,936,990,957,781,838,873,895,844,1077,951,1083,1185,1255,764,790,565,626,538,663,607,573,615,604,400,353,316,385,371,281,311,303,290,271,211,191,164,228,215
425,425,405,376,415,359,290,325,313,348,344,371,369,425,425,503,535,582,618,638,812,808,826,826,843,911,1002,898,1016,933,927,944,953,922,986,872,877,861,958,887,890,893,828,849,844,901,854,882,922,884,928,881,958,962,968,791,790,819,799,777,882,987,938,1108,1086,790,714,749,608,586,680,644,621,588,569,366,370,362,363,349,289,286,287,275,305,226,205,179,203,163
448,449,429,379,376,291,328,274,351,288,345,393,378,364,442,464,479,528,659,621,828,837,782,844,832,891,941,949,877,950,935,915,965,938,927,863,806,890,883,854,816,799,772,795,840,856,841,847,848,882,888,869,921,937,913,775,769,755,772,843,848,843,988,978,1091,565,749,750,758,590,707,667,627,605,606,410,347,352,378,359,310,310,280,282,257,186,207,205,192,195
413,379,374,405,327,332,307,274,289,287,350,362,332,362,441,450,541,558,601,611,814,816,764,778,816,861,939,912,871,895,901,918,957,913,917,842,835,877,907,758,802,749,793,841,836,813,809,781,846,839,884,858,909,844,911,751,767,782,716,774,821,909,796,916,975,626,608,758,656,724,699,781,642,621,536,362,365,397,348,312,290,319,279,261,268,202,214,196,215,172
399,386,344,376,347,309,286,257,307,331,345,370,367,371,424,442,501,562,631,607,719,749,787,759,745,918,924,881,934,917,918,906,878,954,972,883,823,831,831,857,772,785,761,776,823,755,797,775,784,796,921,832,868,891,855,731,715,715,692,688,884,787,809,799,958,538,586,590,724,676,903,727,704,637,629,339,355,371,372,309,268,308,290,236,267,182,199,202,176,182
521,499,473,476,450,352,380,369,390,382,443,481,471,489,525,583,673,780,874,882,998,1015,1105,1127,1126,1223,1287,1214,1178,1221,1124,1197,1203,1088,1233,1099,1135,1078,1102,1188,1052,1097,1076,1087,1025,1075,1041,1084,1100,1056,1194,1137,1259,1205,1078,983,931,978,974,966,946,1083,1033,1065,983,663,680,707,699,903,1290,1151,997,997,903,601,555,519,488,507,368,389,398,353,366,276,250,255,223,254
495,483,465,463,465,430,377,357,374,389,429,452,462,480,485,590,635,751,896,880,970,1030,1132,1075,1060,1213,1132,1164,1194,1282,1279,1162,1171,1184,1194,1102,1147,1145,1099,1103,1047,1072,1080,1042,1123,1088,1051,1099,1079,1059,1141,1112,1216,1211,1155,967,886,975,973,914,931,964,1056,996,1004,607,644,667,781,727,1151,1150,1225,914,956,593,610,527,495,493,411,380,378,402,362,248,262,234,241,224
510,490,478,451,462,390,353,370,367,362,402,451,446,480,500,612,654,685,900,896,993,998,1109,1117,1070,1221,1214,1186,1251,1221,1184,1208,1163,1187,1212,1079,1165,1092,1137,1026,1072,1073,1082,1069,1046,1098,1013,1112,1062,1114,1127,1148,1163,1221,1192,997,907,950,956,950,1011,981,997,980,981,573,621,627,642,704,997,1225,1174,1146,983,679,595,619,533,484,438,448,415,379,387,286,263,250,274,263
533,473,446,443,439,400,359,343,362,410,406,480,451,462,533,565,666,731,878,854,971,1020,989,1061,1116,1171,1191,1182,1212,1213,1189,1156,1249,1233,1190,1100,1110,1065,1078,1068,1019,1040,1062,1070,1061,1138,1022,1084,1064,1045,1135,1161,1071,1161,1154,1009,979,921,907,927,963,948,918,950,1021,615,588,605,621,637,997,914,1146,1172,1139,674,749,640,565,489,437,398,423,405,405,270,278,272,283,267
475,467,475,421,440,376,367,374,375,333,377,423,453,501,529,556,666,712,846,869,1001,1032,1025,1103,1074,1201,1201,1198,1233,1201,1159,1148,1117,1159,1119,1108,1120,1072,1051,1079,1006,1071,1051,1054,1061,1040,1082,1025,1008,1083,1168,1124,1129,1128,1111,909,957,916,937,940,947,925,935,987,876,604,569,606,536,629,903,956,983,1139,1258,786,759,746,573,566,418,408,425,421,373,260,253,261,284,270
308,316,306,311,278,219,241,207,262,220,255,297,283,271,342,381,432,523,546,530,596,672,687,672,662,718,780,708,724,722,720,762,749,740,782,710,773,686,715,725,721,672,700,672,699,698,681,675,690,678,724,683,701,753,721,583,638,598,582,543,596,614,624,625,641,400,366,410,362,339,601,593,679,674,786,546,548,416,434,361,317,258,276,274,278,192,176,185,202,159
322,302,300,268,277,255,230,253,246,239,284,297,296,300,312,417,448,566,488,514,605,613,671,622,721,730,732,728,692,767,747,785,762,754,764,728,737,692,717,719,676,692,664,647,685,680,672,694,631,694,703,699,679,722,681,571,639,599,602,587,565,581,576,568,617,353,370,347,365,355,555,610,595,749,759,548,532,508,462,475,313,268,252,265,264,207,192,159,173,178
290,302,301,300,295,235,227,198,209,248,295,271,285,273,297,394,445,478,477,518,640,634,622,660,684,731,760,712,741,745,702,708,685,752,757,712,664,646,701,702,645,633,667,658,663,680,669,696,630,697,699,719,702,669,722,609,576,568,628,574,588,563,563,655,588,316,362,352,397,371,519,527,619,640,746,416,508,518,552,417,407,300,276,274,261,210,215,160,161,168
315,274,279,260,265,248,210,229,251,221,267,250,258,258,331,395,446,454,536,469,642,601,670,653,632,699,716,725,735,741,749,777,739,755,754,713,689,696,681,691,691,652,652,680,630,650,647,669,597,655,684,668,709,722,667,536,566,574,560,577,553,577,585,567,598,385,363,378,348,372,488,495,533,565,573,434,462,552,522,579,392,401,328,310,272,191,203,220,177,168
257,238,288,282,246,249,212,226,244,224,258,270,274,280,312,388,451,494,504,532,585,617,657,622,649,715,716,715,714,779,727,672,741,749,735,698,657,665,677,641,634,657,612,691,662,664,671,620,675,612,685,683,743,718,683,577,554,594,555,567,576,551,582,530,540,371,349,359,312,309,507,493,484,489,566,361,475,417,579,518,498,378,345,321,313,199,185,190,181,188
278,240,256,230,255,192,174,176,145,167,212,248,240,221,294,359,379,409,437,436,543,535,513,553,602,583,609,584,626,608,625,610,628,671,568,566,587,535,575,543,572,549,567,531,554,526,590,587,592,526,610,577,530,612,568,461,454,493,487,495,495,487,485,492,529,281,289,310,290,268,368,411,438,437,418,317,313,407,392,498,390,438,368,357,255,211,170,137,164,166
232,258,253,235,230,188,181,181,170,181,233,235,270,214,271,361,414,431,424,452,525,543,518,554,569,624,603,588,591,620,613,602,617,651,577,581,547,624,555,583,537,571,563,563,542,537,553,551,526,522,549,575,632,576,576,438,447,440,419,463,457,501,478,475,465,311,286,310,319,308,389,380,448,398,408,258,268,300,401,378,438,476,437,357,335,226,240,160,161,156
236,234,234,237,194,202,187,177,192,192,233,230,252,249,279,372,389,385,404,439,546,548,507,561,544,619,579,610,621,571,586,584,628,578,635,536,587,561,597,575,539,535,559,505,550,564,551,587,536,570,589,549,563,610,625,484,483,476,508,475,447,489,482,471,494,303,287,280,279,290,398,378,415,423,425,276,252,276,328,345,368,437,448,412,348,279,212,209,177,154
258,218,216,237,228,185,169,168,201,189,227,218,211,243,270,361,373,412,396,440,543,522,576,560,555,563,583,614,609,593,587,584,578,604,606,565,524,568,533,533,507,531,506,555,530,579,570,579,560,545,539,615,587,567,580,462,454,446,464,473,451,440,453,467,437,290,275,282,261,236,353,402,379,405,421,274,265,274,310,321,357,357,412,460,421,306,271,214,209,176
241,224,219,246,210,179,168,179,174,179,220,201,213,218,244,342,411,406,421,459,465,508,531,503,581,545,585,559,589,602,620,605,637,587,613,555,538,551,593,551,527,530,518,518,530,533,508,530,579,524,584,520,612,513,584,487,453,482,464,499,498,446,487,482,425,271,305,257,268,267,366,362,387,405,373,278,264,261,272,313,255,335,348,421,468,384,270,300,250,242
208,172,175,159,148,122,120,135,124,133,140,161,167,179,207,253,285,333,330,302,350,385,375,388,410,446,432,436,472,446,445,454,463,411,435,379,379,389,397,408,358,389,402,357,382,392,382,409,377,398,419,422,438,450,401,335,313,346,302,358,321,345,312,315,283,211,226,186,202,182,276,248,286,270,260,192,207,210,191,199,211,226,279,306,384,302,302,236,237,185
183,166,160,170,161,141,122,122,118,129,155,136,166,182,188,276,303,357,303,303,380,385,373,391,399,405,397,389,437,411,450,468,417,429,412,422,353,398,400,405,369,394,402,364,382,404,393,363,410,404,414,412,425,421,402,342,344,308,323,353,322,290,377,315,303,191,205,207,214,199,250,262,263,278,253,176,192,215,203,185,170,240,212,271,270,302,366,321,249,262
152,163,175,157,133,146,139,124,124,118,168,162,187,184,170,279,302,270,279,290,357,406,385,360,385,407,398,423,431,417,404,424,455,440,413,355,377,389,406,368,385,357,350,406,368,358,390,377,334,380,424,392,424,383,381,316,331,329,354,304,299,318,329,337,325,164,179,205,196,202,255,234,250,272,261,185,159,160,220,190,137,160,209,214,300,236,321,362,415,290
160,175,161,136,172,132,140,125,122,115,146,165,166,181,190,266,280,350,290,289,344,354,372,390,367,386,458,408,448,378,404,421,422,397,408,376,375,426,411,391,422,390,374,334,390,434,375,364,366,420,421,389,449,405,393,305,318,378,364,330,329,332,302,326,314,228,203,192,215,176,223,241,274,283,284,202,173,161,177,181,164,161,177,209,250,237,249,415,370,444
157,158,171,156,152,116,102,125,131,124,148,140,174,158,188,247,290,294,318,313,336,366,372,369,385,393,400,453,396,369,423,370,396,393,378,373,393,369,393,361,385,350,392,371,369,379,370,362,367,395,420,410,406,389,359,296,329,359,300,273,324,302,314,306,328,215,163,195,172,182,254,224,263,267,270,159,178,168,168,188,166,156,154,176,242,185,262,290,444,472
