n = 0
Prob: 0.0
S: 7.200402530698438e8

n = 1
Prob: 0.0
Accept prob: NaN
S: 3.7190357727243787e11
Dur: 2.4463188704935366
Suscept: 5.087770102958773
Suscept: 3.2279780922449075
Suscept: 4.485484317707051
Suscept: 6.2785908463325555
Suscept: 7.231331450617418
Suscept: 5.575639159108181
Suscept: 3.4131374405582777
Temp: 0.9869814697819863
Temp: 0.5934145134382557
Temp: 0.028409112323350555
Temp: 0.21487840280019618
Temp: 0.17869584530564972
Temp: 0.08486018421672466
Temp: 0.7955870586752096

