n = 0
S: 1.1890283911278457e33

n = 1
Accept prob exp: 4.282808355866833e26
Accept prob: 1.0
S: 7.621190729972158e9
Dur: 7.17508934129246
Suscept: 2.59943732783438
Suscept: 2.868413284466428
Suscept: 3.7309206439897764
Suscept: 4.243945507102261
Suscept: 3.891778694305934
Suscept: 3.7672672474019184
Suscept: 3.825814160876332
Temp: 0.9264536407821742
Temp: 0.7652632327170762
Temp: 0.10151502319445074
Temp: 0.9576746420281238
Temp: 0.04672144244608893
Temp: 0.7960806205737342
Temp: 0.4880056737990092

