7252,6293,5934,5227,4206,3809,2968,2235,1679,1166,861,678,471,388,302,186,155,156,5939,5454,7196,9018,8357,11097,11037,15923,13573,12712,10847,9385,7455,6446,4622,4285,3200,2384,2495,2363,2200,1365,1167,1202,1235,1303,1521,1751,1970,2183,2466,2659,3010,3139,3247,3337,3274,2300,2179,2077,1994,1761,1503,1367,1207,1079,949,402,377,336,296,300,410,372,351,351,309,169,156,191,190,164,143,127,145,116,150,116,102,92,89,74
6293,5950,5531,5037,4113,3571,2992,2308,1819,1304,1016,803,672,533,409,249,197,204,1979,5335,7292,9182,8270,6902,10430,11052,13096,11288,11005,9749,8524,6848,6155,4413,4355,2498,2485,2335,2327,2201,1236,1140,1076,1186,1315,1582,1662,1943,2174,2365,2746,2815,3022,3033,3104,2166,2195,2020,1986,1820,1539,1425,1310,1120,1051,428,390,353,328,298,407,383,319,366,307,193,190,180,162,156,131,121,154,127,134,86,86,79,87,91
5934,5531,5240,5000,4114,3561,2956,2304,1891,1498,1235,1002,764,634,526,288,239,211,2180,2225,7080,9635,8579,6787,6463,10500,9175,11071,9817,9681,8854,8169,6527,6038,4670,3809,2532,2418,2326,2425,2174,1151,1053,1127,1199,1414,1521,1768,1922,2130,2466,2541,2713,2767,2831,2026,2023,2074,2031,1966,1678,1510,1378,1265,1160,488,463,433,400,315,456,392,382,333,322,192,168,170,177,164,127,150,141,124,137,84,93,98,88,93
5227,5037,5000,4812,3980,3550,2903,2332,2037,1730,1460,1189,998,789,624,350,351,281,2589,2044,2690,9406,8578,6788,6088,6623,8596,7751,9577,8597,8942,8356,7742,6555,6497,4143,3933,2611,2471,2341,2264,2061,1162,1166,1085,1290,1405,1579,1619,1925,2226,2258,2400,2562,2545,1866,1893,1996,1901,1917,1699,1579,1500,1445,1254,499,469,476,409,351,474,443,396,356,322,200,175,201,153,145,138,136,131,110,130,88,85,74,83,93
4206,4114,4114,3980,3838,3489,3020,2546,2122,1884,1579,1400,1130,1018,833,492,425,446,3195,2536,2062,2461,8133,7070,6275,6355,5616,7440,6756,8462,7880,8402,7985,7425,6929,5921,4300,3971,2582,2480,2246,2179,2169,1209,1184,1245,1226,1318,1385,1591,1718,2001,2110,2164,2266,1718,1729,1727,1929,1860,1678,1582,1564,1471,1394,563,483,452,431,365,538,421,414,355,340,173,184,165,153,165,118,122,128,112,112,75,73,82,71,77
3809,3571,3561,3549,3489,4074,3405,2921,2446,2274,1916,1754,1457,1249,1076,678,615,528,4432,3131,2176,2237,2432,6981,6786,6905,5788,5172,6746,6522,8161,7974,8879,8473,8902,6903,6810,4780,4254,2924,2565,2391,2452,2341,1270,1316,1255,1218,1342,1475,1717,1784,1963,2158,2133,1653,1669,1781,1820,1899,1859,1871,1782,1689,1572,672,606,554,476,455,579,552,449,439,376,210,183,183,180,130,118,123,119,122,123,68,69,83,88,83
2968,2992,2956,2903,3020,3405,3578,3016,2570,2371,2189,1890,1627,1515,1242,867,820,720,5163,3973,2408,1810,1954,2096,6177,6767,5553,4762,4364,5863,5789,7514,7376,8375,9236,8173,7059,6630,4591,4367,2658,2432,2378,2525,2461,1413,1249,1238,1177,1243,1401,1475,1676,1797,1902,1424,1531,1607,1694,1695,1709,1779,1704,1698,1569,630,687,605,562,464,663,536,547,459,404,211,183,174,139,179,147,116,123,136,128,91,86,90,71,68
2235,2308,2304,2332,2546,2920,3017,3041,2682,2468,2232,2120,1907,1677,1614,1073,1048,998,5842,4453,2976,1929,1720,1677,2025,6267,5501,4702,4085,3971,5383,5478,7204,7241,8909,8341,8191,6838,6740,4649,4148,2532,2500,2589,2654,3394,1434,1237,1202,1124,1341,1299,1529,1477,1643,1278,1332,1450,1463,1574,1538,1694,1683,1772,1634,771,691,644,585,532,737,615,548,498,413,206,201,213,171,171,148,114,121,114,96,67,69,95,75,72
1679,1820,1891,2037,2122,2446,2570,2682,2750,2624,2455,2310,2122,1974,1802,1251,1191,1157,5984,4788,3393,2298,1623,1477,1602,2101,5017,4587,4044,3641,3596,4979,4942,6820,7769,8197,8262,8075,6906,6689,4428,3691,2560,2582,2710,3364,2396,1321,1141,1097,1170,1257,1266,1297,1444,1071,1180,1251,1357,1460,1460,1524,1575,1683,1739,779,745,681,655,555,723,663,551,557,465,230,206,213,213,186,126,133,133,105,119,61,84,77,76,60
1166,1304,1498,1731,1884,2274,2371,2468,2624,2684,2529,2547,2307,2171,1980,1462,1502,1470,6006,4992,3791,2744,1965,1455,1456,1821,1910,4099,3835,3482,3326,3435,4654,4973,7349,6833,8114,8283,8253,7002,6291,4118,3906,2737,2742,3385,2442,2490,1373,1221,1130,1107,1131,1250,1245,976,1102,1125,1231,1285,1285,1377,1513,1622,1552,845,741,724,656,572,809,698,627,559,548,275,241,208,179,190,130,122,122,110,120,79,79,79,91,65
861,1016,1235,1460,1579,1916,2189,2232,2455,2529,2856,2682,2593,2458,2434,1874,1804,1780,5727,5267,4310,3093,2267,1756,1456,1652,1704,1784,3737,3433,3380,3184,3279,4623,5296,6892,7096,8253,8284,8331,6780,6017,4252,4225,3029,3484,2647,2806,2904,1410,1326,1191,1195,1168,1122,930,998,1116,1103,1103,1220,1246,1366,1441,1582,797,754,736,698,644,878,760,663,619,563,299,259,249,193,167,131,137,142,134,121,80,87,96,79,66
678,803,1002,1189,1400,1753,1890,2120,2310,2547,2682,2947,2809,2969,2807,2206,2236,2376,5366,4801,4662,3627,2655,2065,1678,1756,1531,1592,1675,3331,3258,3267,3091,3247,4978,4523,6810,7190,8244,8564,8123,6245,6299,4617,4625,3708,2722,2927,3138,3629,1580,1403,1221,1188,1153,919,912,987,1003,1124,1121,1127,1191,1423,1402,722,755,726,681,706,888,830,769,622,606,325,304,266,235,193,170,173,131,138,129,92,70,74,70,65
471,672,764,998,1130,1457,1627,1907,2122,2307,2593,2809,3182,3300,3358,2589,2771,3145,4580,4757,4836,3884,3157,2499,2030,2069,1733,1528,1551,1643,3066,2991,3092,2967,3429,4373,4696,6722,7026,8123,8182,7168,6602,6755,4977,6125,2938,2978,3209,3877,4546,1804,1586,1283,1050,945,908,985,1012,981,1022,1038,1181,1289,1300,707,679,745,748,662,944,871,790,730,718,344,336,289,242,228,175,155,145,154,136,77,73,62,78,76
388,533,634,789,1018,1249,1515,1677,1974,2171,2458,2969,3300,3972,4046,3317,3483,4030,4266,4260,4933,4052,3510,2844,2423,2418,2014,1643,1441,1549,1742,3087,3104,3078,3283,2884,4426,4655,6767,7174,7824,7433,7778,6971,7343,6565,4225,3234,3404,4084,5049,5888,2149,1760,1287,948,1009,1018,958,1055,970,998,1107,1172,1231,615,655,667,637,666,910,900,778,788,758,401,340,345,299,272,207,212,140,160,127,94,82,86,66,52
302,409,526,624,833,1076,1242,1614,1802,1980,2434,2807,3358,4046,4992,4097,4737,5237,3787,4296,4820,4355,3742,3313,2937,2860,2402,2044,1587,1533,1579,1755,2996,2959,3062,2832,2980,4428,4802,6888,6772,7353,7970,8252,7851,9887,4847,4811,3780,4283,5306,6183,6897,2454,2049,1207,1128,1069,999,1018,982,979,1043,1052,1174,613,611,640,653,661,928,889,898,817,704,407,396,363,307,335,257,203,176,189,143,81,105,99,70,69
186,249,288,350,492,678,867,1073,1251,1462,1874,2206,2588,3317,4097,4978,5440,6688,3873,4322,5429,4860,4561,3997,3678,3716,3064,2505,2011,1744,1588,1539,1578,2613,2871,2579,2560,2856,4279,4577,6265,6200,7560,8263,8927,10309,6431,5247,5596,4632,5490,6489,7505,8569,2844,2308,1388,1161,1068,994,907,899,874,893,837,494,487,519,523,464,706,722,696,687,603,360,320,287,276,233,204,180,149,167,156,81,64,79,83,54
155,197,239,351,425,615,820,1048,1191,1502,1804,2236,2771,3483,4737,5440,8434,9848,4239,4601,5872,5380,5115,4744,4350,4767,4064,3402,2596,2315,1977,1852,1616,1819,3046,2774,2732,2773,3000,4769,4844,6480,7121,8706,9771,13017,7435,7732,6554,7703,6189,7266,8523,10402,12645,3599,1780,1568,1397,1196,1131,1075,1023,1097,976,510,517,542,528,463,752,764,728,739,729,397,394,378,331,339,235,230,204,203,164,106,90,81,85,86
156,204,211,281,446,528,719,998,1157,1470,1780,2376,3145,4030,5238,6688,9848,19058,4177,4968,6247,5918,6102,5711,5686,6376,5905,5192,4273,3650,3273,2462,2264,2124,2254,3166,3275,3237,3124,3409,5025,5089,7369,8321,10401,14753,9581,9064,10694,9640,11303,8835,9936,11957,15750,22246,4246,2320,2132,1764,1667,1466,1515,1372,1372,708,608,615,657,606,909,782,870,915,916,502,488,437,466,456,353,349,273,274,244,152,134,130,117,92
5939,1980,2180,2589,3195,4432,5162,5842,5984,6006,5727,5366,4580,4266,3787,3873,4239,4177,32032,15998,9127,5472,4005,3493,2988,3449,3333,3338,3248,2992,2936,3210,3569,5461,19655,23453,39495,21240,12573,9280,7067,8225,7028,7860,6818,8007,6038,4900,3840,3566,2741,2446,1691,1528,1467,1207,1094,843,853,901,923,1031,1025,1162,1100,655,668,613,478,440,565,546,489,495,472,212,178,177,174,142,112,117,115,122,98,81,69,71,70,64
5454,5335,2225,2044,2536,3131,3973,4453,4788,4992,5268,4801,4757,4260,4296,4322,4601,4968,15998,21756,12064,7169,5310,4076,3747,4083,3736,3507,3278,3282,3048,3086,3492,3532,6302,27942,9482,26472,17300,11745,9034,6935,8986,7460,8716,9548,7649,6669,5901,4915,4619,3274,2925,2324,2085,1676,1466,1437,1167,1132,1099,1108,1120,1172,1269,679,673,632,621,539,722,654,645,612,585,285,289,268,249,266,171,198,181,164,173,121,122,120,123,103
7197,7292,7080,2690,2062,2176,2408,2976,3393,3791,4310,4660,4836,4933,4820,5429,5872,6247,9127,12064,18481,14678,8010,6683,5036,5813,4931,4495,4260,4227,4147,3513,3565,3592,3982,3628,8091,7068,23834,18070,13353,10149,8583,10778,9531,13863,10506,10093,9263,8365,7251,6640,4946,4560,3458,2839,2475,2361,2206,1753,1575,1385,1495,1500,1414,777,749,817,836,752,1048,976,908,917,874,500,478,448,477,410,342,323,287,316,257,169,200,192,199,199
9018,9182,9635,9406,2460,2237,1809,1929,2298,2744,3093,3627,3884,4052,4355,4860,5380,5917,5472,7169,14678,15606,13477,6970,6309,5908,5496,4725,4288,4263,4164,4185,3416,3394,3591,2928,3266,5220,5378,18291,14432,10755,8903,7334,9708,10453,10554,9561,9772,9281,9153,7486,6952,5250,4820,3201,2751,2654,2504,2501,1744,1688,1555,1594,1481,798,838,804,778,745,1007,952,983,943,943,532,540,481,481,441,344,365,345,335,340,215,216,210,220,198
8356,8270,8578,8578,8133,2432,1954,1720,1623,1965,2267,2655,3157,3510,3742,4561,5115,6102,4005,5310,8010,13477,13946,12377,6320,6918,5528,5117,4515,4281,4129,4269,4112,3425,3360,2795,2862,3112,4036,4481,14186,11165,9211,7524,6500,10533,8138,9840,9212,9996,9851,9092,7646,7058,5397,4373,3038,2862,2735,2679,2436,1813,1706,1639,1510,822,847,788,767,774,1064,1065,977,1039,981,523,568,539,520,517,411,365,375,416,371,249,223,213,230,243
11097,6901,6787,6788,7069,6981,2096,1677,1477,1455,1756,2065,2498,2844,3313,3997,4744,5711,3493,4076,6683,6970,12376,12502,12159,7201,6627,5091,4779,4320,4179,4205,4143,4143,3447,2792,2764,2932,3014,3501,3847,11138,9656,7604,6570,7196,7854,7675,9316,8994,10209,9795,9061,7953,7343,4701,4199,3132,3126,2952,2700,2593,1897,1919,1837,826,785,790,781,745,1095,1096,1058,1024,1041,552,539,580,523,530,430,408,429,414,414,278,262,250,253,257
11038,10430,6463,6087,6276,6785,6177,2025,1602,1456,1456,1678,2030,2423,2937,3678,4350,5686,2988,3747,5036,6309,6320,12158,12436,14787,6922,6471,5062,5033,4589,4372,4331,4356,4579,2819,2959,2954,2943,3130,3208,3440,9478,8295,6699,7311,5815,7449,7237,9075,9700,10183,9924,9467,8127,6544,4654,4258,3329,3150,2847,2894,2820,2081,2002,979,892,901,876,830,1267,1105,1116,1093,1051,621,587,615,556,561,468,469,503,429,443,308,322,277,294,275
15923,11051,10501,6623,6355,6905,6767,6267,2101,1821,1652,1756,2069,2418,2860,3716,4767,6376,3449,4083,5813,5907,6918,7201,14787,18320,17175,7900,7590,6065,6054,5626,5316,5202,5413,4621,3473,3500,3643,3593,3519,3310,3780,9463,8273,8774,6794,6316,8369,8512,11387,11115,11831,11752,11503,8686,7223,5573,5297,4115,3699,3644,3514,3493,2412,1226,1109,1104,1036,989,1431,1393,1344,1383,1327,721,758,716,677,747,588,571,529,525,528,383,321,372,347,330
13573,13096,9175,8596,5616,5788,5553,5501,5017,1910,1704,1531,1733,2013,2402,3064,4064,5905,3333,3736,4931,5496,5527,6627,6922,17175,16663,16226,7334,7260,5909,5632,5406,5245,5301,4474,4499,3371,3526,3511,3290,3197,3073,3345,7802,8287,6622,6231,5791,7804,8220,10446,10551,11597,11685,9915,7540,7138,5632,5231,3883,3855,3714,3720,3395,1318,1248,1164,1116,1042,1479,1388,1423,1378,1345,742,735,776,689,707,556,554,534,516,565,370,345,358,352,329
12712,11288,11071,7751,7440,5171,4762,4702,4587,4099,1784,1592,1528,1643,2044,2505,3402,5192,3338,3507,4495,4725,5117,5091,6470,7900,16226,15728,15500,7159,7093,5658,5693,5253,5359,4401,4409,4344,3313,3403,3191,3079,3111,2885,3169,8027,6413,5902,5509,5560,7755,7837,10267,10142,11314,9989,8426,7300,7171,5389,5027,3790,3718,3677,3600,1847,1248,1197,1110,1053,1436,1438,1417,1374,1320,744,721,725,732,717,590,556,519,537,552,373,345,336,367,331
10847,11005,9817,9577,6756,6746,4364,4085,4044,3836,3737,1675,1551,1441,1587,2011,2596,4274,3248,3278,4259,4289,4515,4779,5062,7590,7334,15501,15386,15246,7007,6868,5627,5484,5469,4337,4366,4378,4436,3388,3185,2872,2937,3062,2591,3209,5827,5818,5394,5353,5584,7482,7779,10054,10105,9731,8589,8243,7510,7150,5172,5006,3832,3904,3647,1944,1833,1292,1141,1069,1516,1484,1418,1411,1300,746,715,730,719,704,554,534,574,520,527,347,378,345,367,367
9385,9749,9681,8596,8462,6522,5863,3971,3641,3482,3433,3331,1643,1549,1533,1744,2315,3650,2992,3282,4227,4262,4281,4320,5033,6065,7261,7159,15246,15052,14777,6829,6585,5444,5754,4519,4545,4386,4417,4490,3088,2835,2866,3029,3039,2855,3120,5507,5360,5323,5475,5513,7382,7439,9778,8786,8365,8155,8336,7512,6757,5316,5171,3890,3576,1967,1908,1841,1213,1150,1550,1514,1492,1385,1400,787,750,747,695,657,527,534,538,505,523,337,346,336,352,351
7455,8524,8855,8941,7881,8161,5788,5383,3596,3326,3380,3258,3066,1742,1579,1588,1977,3273,2936,3048,4147,4164,4129,4179,4589,6054,5909,7093,7007,14777,14756,14950,6893,6881,5755,4829,4522,4462,4391,4400,4078,2925,2849,2945,2986,3475,2767,2976,5102,5033,5328,5220,5478,7185,7417,8435,7595,8596,8564,8239,7052,6929,5479,5109,4072,2042,2013,1938,1867,1283,1664,1567,1508,1432,1395,735,722,693,661,720,547,555,524,496,539,318,342,375,348,336
6445,6848,8169,8356,8402,7974,7514,5478,4979,3435,3184,3266,2991,3087,1755,1537,1852,2462,3210,3086,3513,4185,4269,4205,4372,5626,5632,5658,6869,6829,14950,14804,14810,6835,7081,4965,4882,4558,4526,4425,4236,3798,2912,2969,2951,3283,3286,2933,2962,4801,5275,5165,5279,5326,7059,6322,7317,7475,8430,8688,7934,7257,6993,5523,5358,2116,2080,1997,1925,1900,1742,1664,1576,1537,1434,794,723,720,729,726,588,601,559,567,538,359,342,378,381,376
4622,6155,6527,7742,7985,8878,7375,7204,4942,4655,3279,3091,3092,3104,2996,1578,1616,2264,3569,3492,3565,3416,4112,4143,4331,5316,5406,5693,5627,6585,6892,14810,14464,14766,7134,6171,4990,4844,4525,4564,4194,3829,3709,2946,2884,3325,3030,3162,2821,2985,5035,4935,5044,5212,5290,6000,5704,7296,7577,8636,8144,8261,7325,7205,5576,2791,2087,2048,1926,1862,2724,1782,1733,1514,1426,791,804,742,764,698,518,570,533,576,551,343,354,372,372,390
4285,4413,6038,6555,7424,8472,8375,7241,6820,4973,4623,3247,2967,3078,2959,2613,1819,2124,5461,3532,3592,3394,3425,4143,4356,5202,5245,5253,5485,5445,6881,6836,14766,14520,16102,6316,6362,4750,4935,4531,4122,3923,3771,3984,2861,3126,3104,3132,3261,2868,3271,4984,5017,5186,5119,4350,5404,5692,7460,7662,8353,8561,8550,7614,7268,3030,2861,2158,2098,1994,2787,2655,1870,1641,1519,831,813,737,750,729,604,575,559,583,544,388,383,375,363,368
3200,4355,4670,6496,6929,8902,9236,8909,7769,7349,5296,4978,3429,3282,3062,2871,3046,2254,19655,6302,3982,3592,3360,3447,4579,5413,5301,5359,5469,5754,5755,7081,7134,16103,17360,16275,6711,6650,4946,5124,4362,3977,3959,3864,3897,3341,3047,3248,3197,3330,3061,3120,4964,5118,5168,4278,4157,5508,5845,7821,7724,8639,8798,8950,7814,3956,3012,2869,2102,2042,2975,2990,2721,1779,1631,846,764,765,757,725,595,579,536,572,573,333,388,397,384,345
2383,2498,3809,4143,5921,6903,8174,8341,8197,6833,6892,4523,4373,2884,2833,2579,2774,3166,23452,27942,3628,2928,2795,2792,2819,4621,4474,4401,4337,4520,4829,4965,6171,6316,16275,14541,15118,5649,5563,4209,3986,3471,3393,3433,3394,3878,2601,2632,2723,2638,2884,2261,2497,3884,4007,3318,3230,3294,4485,4643,5922,6329,7161,7351,7220,3568,3397,2438,2341,1724,2398,2328,2345,2188,1353,716,608,656,631,574,440,413,455,379,414,297,281,285,258,251
2494,2485,2532,3933,4301,6810,7059,8191,8262,8114,7095,6811,4697,4426,2980,2560,2732,3275,39496,9482,8091,3266,2862,2764,2959,3473,4499,4409,4366,4545,4522,4882,4990,6362,6711,15119,15308,15164,5611,5827,4124,3762,3436,3414,3415,3867,3554,2678,2669,2588,2923,3028,2422,2558,3997,3442,3157,3232,3383,4479,4696,6254,6537,7559,7515,4098,3666,3546,2504,2370,2507,2427,2345,2202,2172,752,659,644,604,599,434,438,444,497,449,274,249,281,258,253
2363,2335,2418,2611,3972,4780,6630,6838,8075,8283,8253,7190,6722,4655,4428,2856,2773,3237,21240,26471,7068,5220,3112,2932,2954,3499,3371,4344,4377,4386,4462,4558,4844,4750,6650,5649,15164,15214,15192,5666,5311,3743,3760,3442,3425,3948,3532,3564,2680,2633,2863,2813,2999,2379,2523,3310,3163,3192,3279,3451,4495,4607,6379,6752,7722,4150,4189,3689,3521,2574,3520,2540,2418,2350,2317,1164,723,706,624,600,472,474,401,418,433,250,254,254,277,245
2200,2327,2326,2472,2582,4253,4591,6740,6906,8253,8284,8244,7026,6767,4802,4279,3000,3124,12573,17300,23834,5378,4036,3014,2943,3643,3525,3313,4436,4417,4391,4526,4525,4936,4946,5563,5611,15191,15408,15309,5452,4902,3851,3756,3458,4044,3635,3526,3641,2542,2967,2942,2868,3059,2359,2030,3110,3091,3235,3361,3296,4538,5089,6704,6954,4252,4240,4317,3628,3514,3822,3606,2583,2437,2350,1288,1233,789,743,673,483,492,459,479,447,259,286,289,277,289
1365,2201,2425,2341,2480,2924,4367,4649,6688,7002,8331,8564,8123,7174,6888,4577,4768,3409,9280,11745,18069,18292,4481,3501,3130,3593,3511,3403,3388,4490,4400,4425,4564,4531,5124,4209,5828,5666,15309,15403,14630,4917,5039,3834,3726,3969,3705,3593,3604,3630,2762,2775,2913,2931,2964,1825,2032,3174,3172,3221,3234,3474,4899,5081,6821,3790,4302,4436,4322,3865,5332,3834,3616,2592,2307,1263,1250,1212,725,699,504,503,471,461,469,292,298,262,304,278
1167,1236,2174,2264,2246,2565,2658,4148,4428,6291,6780,8123,8182,7824,6772,6265,4844,5025,7067,9034,13353,14432,14186,3847,3208,3519,3290,3191,3185,3088,4078,4236,4194,4122,4362,3986,4124,5311,5452,14629,13749,12664,4873,4890,3631,4145,3500,3494,3315,3399,3729,2609,2660,2800,2783,2392,1706,1986,2902,3024,2979,3228,3283,4392,4841,3453,3752,4119,4114,4135,5207,5054,3610,3397,2401,1211,1247,1236,1119,720,559,450,455,450,432,291,244,242,246,265
1202,1140,1151,2061,2179,2391,2432,2532,3691,4118,6017,6245,7168,7433,7352,6200,6480,5089,8224,6935,10149,10755,11165,11138,3440,3310,3197,3079,2872,2835,2925,3798,3829,3923,3977,3471,3762,3743,4903,4917,12663,12262,12277,4655,4470,4045,3589,3263,3198,3126,3381,3224,2463,2496,2450,2089,2068,1590,1706,2396,2318,2518,2524,2725,3412,2007,2655,2673,3091,3235,4638,3916,3839,2924,2679,1075,1074,993,909,954,490,480,443,426,411,249,264,243,248,244
1235,1076,1053,1162,2169,2452,2378,2500,2560,3906,4252,6299,6602,7779,7970,7560,7121,7369,7028,8987,8583,8903,9211,9656,9478,3780,3072,3111,2937,2866,2849,2912,3709,3771,3959,3393,3436,3760,3851,5039,4873,12277,12140,12244,4569,5273,3683,3538,3247,3286,3277,3316,3388,2549,2477,2113,1986,2105,1541,1753,2259,2451,2493,2554,2599,1900,1994,2690,2705,3090,4701,4474,3995,3776,2793,1443,1025,1040,974,1011,729,531,448,454,393,264,241,273,292,234
1303,1187,1127,1166,1209,2341,2525,2589,2582,2737,4225,4617,6755,6971,8252,8263,8706,8321,7860,7460,10779,7334,7523,7603,8295,9462,3345,2885,3062,3029,2945,2969,2946,3984,3864,3433,3414,3442,3756,3834,4890,4655,12244,12177,12117,5252,4640,3618,3562,3271,3331,3187,3281,3348,2411,2074,1987,2045,2049,1655,1615,2282,2534,2575,2567,1458,1929,1993,2523,2705,4480,4668,4460,3837,3703,1461,1353,1017,960,935,776,772,518,448,435,279,261,257,270,255
1521,1315,1199,1085,1183,1270,2461,2655,2710,2742,3029,4625,4977,7343,7851,8927,9770,10401,6818,8716,9531,9708,6500,6570,6699,8274,7802,3169,2591,3039,2986,2951,2884,2861,3897,3394,3415,3425,3458,3726,3631,4471,4569,12117,12290,14487,4731,4599,3497,3426,3279,3355,3276,3363,3295,2020,2135,1964,2167,2080,1510,1636,2357,2552,2450,1318,1444,1853,1868,2698,4048,4519,4513,4544,3781,1987,1479,1366,988,1045,750,808,711,531,449,280,294,248,262,235
1751,1582,1414,1290,1245,1316,1413,3394,3364,3385,3484,3708,6125,6565,9888,10310,13017,14753,8007,9548,13863,10452,10533,7196,7311,8775,8287,8027,3209,2855,3475,3283,3325,3126,3341,3878,3867,3948,4044,3969,4145,4045,5274,5253,14487,18450,15024,5698,5531,4250,4365,3892,3862,3841,3863,3517,2312,2309,2420,2421,2335,1747,1945,2825,2916,1560,1674,1728,2285,2385,4741,4928,5493,5519,5329,2557,2376,1705,1686,1291,935,992,847,847,555,342,323,327,325,290
1970,1662,1521,1405,1226,1255,1249,1434,2396,2442,2647,2722,2938,4225,4847,6430,7435,9581,6038,7649,10506,10554,8138,7854,5814,6794,6622,6413,5827,3120,2767,3286,3030,3104,3047,2601,3554,3532,3635,3705,3500,3589,3683,4640,4731,15024,12316,12241,4852,4802,3785,3688,3509,3537,3454,3013,2756,2261,2188,2237,2128,2128,1710,1908,2648,1530,1474,1588,1619,2111,3329,4549,4647,5116,4973,2745,2421,2235,1666,1531,965,929,911,881,835,372,334,313,287,295
2183,1943,1768,1579,1318,1218,1238,1237,1321,2490,2806,2927,2979,3234,4811,5247,7732,9064,4900,6669,10093,9561,9840,7675,7449,6316,6232,5902,5818,5507,2976,2933,3162,3132,3248,2632,2678,3564,3526,3594,3494,3263,3538,3618,4599,5698,12242,12436,12190,4647,4982,3672,3707,3432,3409,3101,2848,2826,2080,2269,2028,2153,2160,1710,1849,1449,1470,1504,1543,1625,3071,3356,4507,4645,5009,2782,2649,2379,2216,1666,1190,902,967,847,834,547,372,329,323,322
2466,2174,1922,1619,1385,1342,1177,1203,1141,1373,2904,3138,3209,3404,3780,5596,6554,10693,3840,5900,9263,9772,9213,9316,7236,8369,5791,5509,5394,5360,5102,2962,2821,3261,3197,2723,2669,2680,3641,3604,3315,3198,3247,3563,3497,5531,4852,12190,12106,12318,5039,4795,3789,3770,3535,3104,2820,2836,2793,2180,2037,2067,2096,2269,1775,955,1467,1561,1498,1478,2367,3167,3360,4424,4429,2810,2614,2671,2279,2121,1341,1303,996,846,849,511,523,408,338,313
2659,2365,2130,1925,1591,1475,1243,1124,1097,1221,1410,3629,3877,4084,4283,4632,7703,9640,3566,4915,8365,9281,9996,8994,9075,8512,7804,5560,5353,5322,5033,4801,2985,2868,3330,2638,2588,2633,2541,3630,3399,3126,3286,3271,3426,4250,4802,4648,12318,12564,13040,4971,5021,3736,3781,3118,2879,2808,2835,2824,2030,1965,2125,2278,2280,896,986,1426,1506,1539,2275,2389,3236,3347,4309,2474,2799,2821,2632,2274,1814,1394,1319,984,963,554,571,546,325,366
3010,2746,2466,2226,1719,1717,1401,1341,1170,1130,1326,1580,4546,5049,5306,5491,6189,11303,2741,4620,7251,9153,9851,10209,9700,11387,8221,7755,5584,5474,5328,5275,5035,3271,3061,2884,2923,2863,2967,2762,3729,3381,3277,3331,3279,4365,3785,4982,5039,13040,14168,13610,5303,5262,4135,3558,3021,3002,3083,3161,2929,2233,2129,2340,2395,1276,1004,1076,1487,1589,2377,2355,2556,3227,3457,2601,2540,2884,2950,2891,2073,1995,1453,1372,983,631,638,614,641,406
3140,2815,2541,2258,2001,1784,1475,1299,1257,1107,1191,1403,1804,5888,6183,6489,7266,8835,2447,3274,6640,7485,9092,9795,10183,11115,10445,7837,7482,5513,5220,5165,4935,4984,3120,2261,3028,2813,2942,2775,2609,3224,3316,3187,3355,3892,3689,3672,4795,4970,13610,13156,13114,5134,5161,3547,3173,2919,3019,2996,2894,2852,2198,2149,2207,1257,1284,960,973,1450,2160,2210,2186,2308,2804,1656,2206,2306,2447,2406,1928,1758,1623,1361,1184,550,591,538,541,510
3247,3021,2713,2400,2110,1963,1676,1529,1266,1131,1195,1221,1586,2149,6897,7505,8522,9936,1691,2926,4946,6952,7646,9061,9924,11831,10551,10267,7779,7383,5478,5279,5044,5018,4964,2497,2422,2999,2868,2913,2660,2463,3388,3281,3276,3862,3509,3706,3789,5021,5303,13114,13368,13438,5153,4599,3281,3159,3028,3003,2897,2905,2943,2191,2194,1217,1294,1270,957,965,2011,2070,2146,2112,2158,1579,1571,2043,2188,2383,2005,1988,1724,1633,1239,817,539,608,587,534
3337,3033,2767,2562,2164,2158,1797,1477,1297,1250,1168,1188,1283,1760,2454,8569,10402,11957,1528,2324,4560,5250,7058,7953,9467,11752,11596,10142,10053,7439,7185,5326,5211,5186,5118,3884,2558,2379,3059,2931,2800,2496,2549,3348,3363,3841,3537,3432,3770,3736,5262,5134,13438,13256,13458,4680,4098,3248,3308,3068,2936,2893,2938,2885,2198,1201,1162,1257,1270,919,1490,2025,2089,2133,2147,1155,1499,1604,2088,2193,1990,2029,1929,1751,1636,806,735,608,618,605
3274,3104,2831,2545,2266,2133,1902,1643,1444,1245,1122,1153,1050,1287,2049,2844,12645,15750,1467,2085,3458,4820,5397,7343,8127,11503,11685,11314,10105,9777,7417,7059,5290,5119,5168,4007,3997,2523,2359,2964,2783,2450,2477,2411,3295,3863,3454,3409,3535,3781,4135,5162,5152,13458,13326,13056,4218,4280,3201,3245,2851,2960,2900,2929,2921,1223,1199,1266,1233,1203,1352,1413,1960,2100,2125,1183,1220,1625,1581,2131,1767,1876,1965,2000,1713,1098,793,750,606,512
2300,2166,2026,1866,1718,1653,1424,1278,1071,976,930,919,945,948,1207,2308,3599,22246,1207,1676,2839,3201,4373,4700,6544,8685,9915,9989,9731,8786,8435,6322,6001,4350,4278,3318,3442,3310,2030,1825,2392,2088,2112,2074,2020,3517,3013,3101,3104,3118,3558,3547,4599,4680,13056,12424,10762,3890,4037,3024,2807,2672,2616,2636,2675,1585,1068,1056,1120,1124,1540,1156,1178,1879,1845,1059,996,1062,1511,1458,1640,1653,1906,1900,1907,1076,1068,773,761,522
2179,2195,2023,1893,1729,1669,1531,1332,1180,1102,998,912,908,1009,1128,1388,1780,4245,1094,1466,2475,2751,3038,4199,4655,7223,7540,8426,8589,8365,7595,7317,5705,5404,4157,3230,3157,3163,3110,2032,1706,2068,1986,1987,2135,2312,2756,2848,2820,2879,3020,3173,3281,4098,4218,10762,8706,8748,3493,3433,2521,2562,2322,2311,2364,1350,1394,1020,978,984,1425,1475,1124,1116,1713,980,986,1019,1018,1367,1175,1570,1581,1816,1957,1129,1017,983,803,686
2077,2020,2074,1996,1727,1781,1607,1450,1251,1125,1116,987,985,1018,1069,1161,1568,2320,843,1438,2361,2654,2862,3132,4258,5573,7138,7300,8243,8155,8596,7475,7296,5692,5508,3294,3232,3192,3091,3175,1986,1590,2105,2045,1964,2309,2262,2826,2836,2808,3002,2919,3159,3248,4280,3890,8748,8864,9103,3429,3219,2483,2552,2334,2352,1367,1286,1380,943,932,1371,1450,1456,1102,1125,964,1004,1023,1015,977,1073,1213,1563,1635,1863,1250,1303,1035,1005,761
1994,1986,2031,1901,1929,1820,1694,1463,1357,1231,1103,1003,1012,958,999,1068,1397,2132,853,1167,2206,2504,2735,3126,3328,5297,5632,7171,7510,8336,8565,8430,7577,7460,5845,4485,3383,3279,3235,3172,2902,1706,1541,2049,2167,2420,2188,2080,2793,2836,3083,3019,3028,3308,3201,4037,3492,9103,9054,9087,3308,3242,2670,2553,2355,1334,1327,1385,1387,958,1374,1349,1378,1475,1073,628,956,968,1022,1003,881,1166,1181,1672,1684,1301,1274,1214,1149,1020
1761,1820,1966,1917,1860,1899,1695,1574,1460,1285,1103,1124,981,1055,1018,994,1196,1764,901,1132,1753,2501,2679,2952,3150,4115,5231,5389,7151,7512,8239,8688,8636,7662,7821,4643,4479,3451,3361,3221,3024,2396,1753,1655,2080,2421,2237,2269,2180,2824,3161,2996,3003,3068,3245,3024,3433,3429,9087,9088,8773,3340,3308,2551,2610,1345,1421,1386,1394,1335,1419,1448,1361,1429,1534,632,621,899,964,963,802,861,1132,1191,1595,1038,1226,1261,1397,1036
1503,1539,1678,1699,1678,1859,1709,1538,1460,1285,1220,1121,1022,970,982,907,1131,1668,923,1099,1575,1744,2436,2700,2847,3699,3883,5027,5172,6757,7052,7935,8143,8353,7724,5922,4696,4495,3296,3234,2979,2318,2260,1615,1510,2335,2128,2028,2037,2030,2929,2894,2897,2936,2851,2807,2521,3219,3308,8772,8380,8600,3190,3167,2526,1386,1298,1261,1284,1302,1917,1383,1268,1397,1337,742,570,597,867,974,817,806,869,1115,1076,941,1044,1190,1241,1195
1367,1425,1510,1579,1582,1871,1779,1695,1524,1377,1246,1127,1038,998,979,899,1075,1466,1031,1108,1385,1688,1813,2593,2893,3644,3855,3790,5006,5316,6929,7257,8261,8561,8638,6329,6254,4607,4538,3474,3228,2518,2451,2282,1636,1747,2128,2153,2067,1965,2233,2852,2905,2893,2960,2672,2562,2483,3242,3340,8601,8588,8703,3237,3350,1409,1468,1395,1269,1320,1853,1868,1363,1287,1357,849,833,562,614,894,753,743,775,829,1101,793,1014,1066,1230,1205
1207,1310,1378,1500,1564,1782,1704,1683,1575,1513,1366,1191,1181,1106,1043,874,1023,1515,1025,1120,1495,1555,1706,1897,2820,3514,3714,3718,3832,5171,5479,6993,7325,8550,8798,7160,6537,6379,5089,4899,3283,2524,2493,2534,2357,1945,1710,2160,2096,2125,2129,2198,2943,2938,2900,2616,2322,2552,2670,3308,3190,8703,8566,9008,3360,1912,1452,1479,1326,1347,1851,1919,1898,1352,1331,792,772,813,614,580,757,752,799,748,816,746,803,1031,1073,1218
1079,1120,1265,1445,1472,1689,1698,1772,1683,1622,1441,1423,1289,1172,1052,893,1097,1372,1162,1172,1499,1594,1639,1919,2081,3493,3719,3677,3904,3890,5109,5523,7205,7614,8950,7351,7559,6752,6705,5081,4392,2725,2554,2575,2552,2825,1907,1710,2269,2278,2340,2149,2191,2885,2929,2636,2311,2334,2553,2551,3167,3237,9008,8962,9252,1918,2029,1470,1430,1320,1866,1831,1842,1898,1403,796,787,796,759,572,440,781,759,730,777,540,726,817,1118,1024
949,1051,1160,1254,1394,1572,1569,1634,1739,1552,1582,1402,1300,1231,1174,837,976,1372,1100,1269,1414,1481,1510,1837,2002,2412,3395,3601,3647,3576,4072,5358,5576,7269,7813,7220,7515,7722,6954,6821,4841,3412,2599,2567,2450,2916,2648,1849,1775,2280,2395,2207,2194,2198,2921,2675,2364,2352,2355,2611,2526,3350,3360,9252,9388,5707,2004,2028,1489,1544,1914,1911,1956,1884,1960,755,734,808,787,861,430,492,780,773,781,505,505,767,827,1069
402,428,488,499,563,672,630,771,779,845,797,722,707,615,613,494,510,708,655,679,777,798,822,826,979,1226,1318,1847,1944,1967,2042,2116,2791,3030,3956,3568,4098,4150,4252,3790,3453,2007,1900,1458,1318,1560,1530,1449,955,896,1276,1257,1217,1201,1223,1585,1350,1367,1334,1345,1386,1409,1912,1918,5707,3618,3604,1197,1222,874,1230,1142,1147,1068,1221,613,430,447,436,481,375,228,252,454,419,262,319,329,475,498
377,390,463,469,483,606,687,691,745,741,754,755,679,655,611,487,517,608,668,673,749,838,847,785,892,1109,1248,1248,1833,1908,2013,2080,2087,2861,3012,3397,3666,4189,4240,4302,3752,2655,1994,1929,1444,1674,1474,1470,1467,986,1004,1284,1294,1162,1199,1068,1394,1286,1327,1421,1298,1468,1452,2029,2004,3604,3902,3710,1228,1268,1290,1288,1155,1139,1058,677,733,447,432,479,393,391,207,257,355,264,250,242,279,353
336,353,433,476,452,554,605,644,681,724,736,726,745,667,640,519,542,615,613,632,817,804,788,790,901,1104,1164,1197,1292,1841,1938,1997,2048,2159,2869,2438,3546,3689,4317,4437,4119,2673,2691,1993,1853,1728,1588,1504,1561,1426,1076,960,1270,1257,1266,1056,1020,1380,1385,1386,1261,1395,1479,1470,2028,1197,3710,3774,3855,1205,1726,1215,1223,1088,1155,666,668,712,440,450,406,369,390,227,232,239,226,269,249,221
296,328,400,409,431,476,562,585,655,656,698,681,748,637,653,523,528,657,478,621,836,778,767,781,876,1036,1116,1110,1141,1213,1867,1925,1926,2098,2102,2341,2503,3521,3628,4322,4114,3091,2705,2523,1868,2285,1619,1543,1498,1506,1487,973,957,1270,1233,1119,978,943,1387,1394,1284,1269,1326,1430,1489,1222,1228,3855,3850,3662,1810,1679,1216,1255,1208,626,727,753,664,434,394,357,383,363,209,150,226,252,288,269
300,298,315,351,365,455,464,532,555,573,644,706,662,666,661,464,463,606,440,539,752,745,774,745,830,989,1042,1053,1069,1150,1283,1900,1862,1994,2042,1724,2370,2574,3514,3865,4136,3235,3090,2705,2698,2385,2111,1625,1478,1539,1589,1450,965,919,1203,1124,984,932,958,1335,1302,1320,1347,1320,1544,874,1268,1205,3662,3700,5221,1614,1764,1142,1243,664,653,742,687,710,372,377,368,366,394,154,162,251,179,233
410,407,456,474,538,579,663,737,723,809,878,888,944,910,928,706,752,909,565,722,1048,1007,1064,1095,1267,1431,1479,1436,1516,1550,1664,1742,2724,2787,2975,2398,2507,3520,3822,5332,5207,4638,4701,4480,4048,4741,3329,3071,2367,2275,2377,2160,2011,1490,1352,1540,1425,1370,1374,1419,1917,1853,1851,1866,1914,1230,1290,1726,1810,5221,7436,7275,2509,2520,1770,1082,950,1024,1008,1064,918,536,550,598,599,377,191,213,319,351
372,383,392,443,421,552,536,615,663,698,760,830,871,900,889,722,764,782,546,654,976,952,1065,1096,1105,1393,1388,1438,1484,1514,1567,1664,1782,2655,2990,2328,2427,2540,3606,3834,5054,3916,4474,4668,4518,4928,4549,3356,3167,2389,2355,2210,2070,2025,1413,1156,1476,1450,1349,1448,1383,1868,1919,1831,1910,1142,1288,1215,1679,1614,7275,7288,7352,2472,2452,1058,1006,1026,1009,994,877,884,511,520,582,368,404,195,217,337
351,319,382,396,414,449,547,548,551,627,663,769,790,778,898,696,728,870,489,645,908,983,978,1058,1116,1344,1423,1417,1418,1492,1508,1576,1733,1870,2721,2345,2345,2418,2583,3616,3610,3839,3995,4460,4513,5493,4646,4507,3360,3236,2556,2186,2146,2089,1960,1178,1124,1456,1378,1361,1268,1363,1898,1842,1956,1147,1154,1223,1216,1764,2509,7352,7292,7290,2478,1455,1102,1067,928,1055,765,907,822,564,572,360,392,390,175,191
351,366,333,356,355,439,459,498,557,559,619,622,730,788,817,687,739,915,495,612,917,943,1039,1024,1093,1383,1378,1374,1411,1385,1432,1537,1514,1641,1779,2188,2202,2351,2436,2592,3397,2924,3776,3836,4544,5519,5116,4645,4424,3347,3227,2308,2112,2133,2100,1879,1116,1102,1475,1429,1397,1287,1352,1898,1884,1068,1140,1088,1255,1142,2520,2472,7290,7180,7525,1427,1543,1144,1076,959,849,827,859,909,575,384,396,393,389,168
309,307,322,322,340,376,404,413,465,548,563,606,718,758,704,603,729,916,472,585,874,943,981,1041,1051,1327,1345,1320,1300,1400,1395,1434,1426,1519,1632,1352,2172,2317,2350,2307,2401,2679,2793,3703,3781,5329,4973,5009,4429,4309,3457,2804,2158,2147,2125,1845,1713,1125,1073,1534,1337,1357,1331,1403,1960,1221,1058,1155,1208,1243,1770,2452,2478,7525,7954,4632,1517,1562,1108,1168,858,872,889,904,959,367,365,427,413,458
169,193,192,200,173,210,211,206,230,275,299,325,344,401,407,360,397,502,212,285,500,532,523,552,621,721,742,744,746,787,735,794,791,831,846,716,752,1164,1288,1263,1211,1075,1443,1461,1987,2557,2745,2782,2810,2474,2601,1656,1579,1155,1183,1059,980,964,628,632,742,849,792,796,755,613,677,666,626,663,1082,1058,1455,1427,4632,2756,2947,917,927,639,515,553,477,527,525,398,234,247,235,266
156,190,168,175,184,183,183,201,206,241,259,304,336,340,396,320,394,488,178,289,478,540,568,539,587,758,735,721,715,750,722,723,804,813,764,608,659,723,1233,1250,1247,1074,1025,1353,1479,2376,2421,2649,2613,2799,2540,2206,1571,1499,1220,996,986,1004,955,621,570,833,772,787,734,430,733,668,727,653,950,1006,1102,1543,1517,2947,3106,3060,970,1020,595,559,508,521,537,406,376,258,252,262
191,180,170,201,165,183,174,213,213,208,249,266,289,345,363,287,378,437,177,268,448,481,539,580,615,716,776,725,730,747,693,720,742,737,765,656,644,706,789,1212,1236,993,1040,1017,1366,1705,2235,2379,2671,2821,2884,2306,2043,1604,1625,1062,1019,1023,968,899,597,562,813,796,808,447,447,712,753,742,1024,1026,1067,1144,1562,917,3060,3058,3144,1025,811,545,599,544,618,416,422,438,248,257
190,162,177,153,153,180,139,171,213,179,193,235,242,299,307,276,331,466,174,249,477,481,520,523,556,677,690,732,719,695,661,729,764,750,757,631,604,624,743,725,1119,909,974,960,988,1686,1666,2216,2279,2632,2949,2447,2188,2088,1581,1511,1018,1015,1022,964,867,614,614,759,787,436,432,440,664,687,1008,1009,928,1076,1108,927,970,3144,3171,3218,793,888,587,597,587,402,385,422,423,246
164,156,164,145,165,130,179,171,186,190,167,193,228,272,335,233,339,456,142,266,410,441,517,530,561,747,707,717,704,657,720,726,698,729,725,574,599,600,673,699,720,954,1011,935,1045,1291,1531,1666,2121,2274,2891,2406,2383,2193,2131,1458,1367,977,1003,963,974,894,580,572,861,481,479,450,434,710,1064,994,1055,959,1168,639,1020,1025,3218,3178,2670,890,861,620,619,369,404,447,439,480
143,131,127,138,118,118,147,148,126,130,131,170,175,207,257,204,235,353,112,171,342,344,411,430,468,588,556,590,554,527,547,588,518,605,595,440,434,472,483,504,559,490,729,776,750,935,965,1190,1341,1814,2073,1929,2005,1990,1767,1640,1175,1073,881,802,817,753,757,440,430,375,393,406,394,372,918,877,765,849,858,515,595,811,793,2670,2356,2469,779,798,530,362,345,376,374,427
127,121,150,136,122,123,116,114,133,122,137,173,155,212,203,180,230,349,117,198,323,365,365,408,469,571,554,556,534,534,555,601,570,575,580,413,438,474,492,503,450,480,531,772,808,992,929,902,1303,1394,1995,1758,1988,2029,1876,1653,1570,1213,1166,861,806,743,752,781,492,228,391,369,357,377,536,884,907,827,872,553,559,545,888,890,2469,2436,2604,820,795,364,401,348,416,441
145,154,141,131,128,119,123,121,133,122,142,131,145,140,176,149,204,273,115,181,287,345,375,429,503,529,534,519,574,538,524,559,533,559,536,455,444,401,459,471,455,443,448,518,711,847,911,967,996,1319,1453,1624,1724,1929,1965,1906,1581,1563,1181,1132,869,775,799,759,780,252,207,390,383,368,550,511,823,859,889,477,508,599,587,861,779,2604,2700,2647,844,572,405,401,414,444
116,127,124,110,112,122,136,114,105,110,134,138,154,160,189,167,203,274,122,164,316,335,416,414,429,525,516,537,520,505,496,567,576,583,572,379,497,418,479,461,450,426,454,448,531,847,881,847,846,984,1372,1361,1633,1751,2000,1900,1816,1635,1672,1191,1115,829,748,730,773,454,257,227,363,366,598,520,564,909,904,527,521,544,597,620,798,820,2647,2676,2850,580,628,376,411,427
150,134,137,130,112,123,128,96,119,120,121,129,136,127,143,156,164,244,98,173,257,340,371,414,443,528,565,552,527,523,539,538,551,544,573,414,449,433,447,469,432,411,393,435,449,555,835,834,849,963,984,1184,1239,1636,1713,1907,1957,1863,1684,1595,1076,1101,816,777,781,419,355,232,209,394,599,582,572,575,959,525,537,618,587,619,530,795,844,2850,2948,1978,597,625,472,508
116,86,84,88,75,68,91,67,61,79,80,92,77,94,81,81,106,152,81,121,169,215,249,278,308,383,370,373,347,337,318,359,343,388,333,297,274,250,259,292,291,249,264,279,280,342,372,547,511,554,631,550,817,806,1098,1076,1129,1250,1300,1038,941,793,746,540,505,262,264,239,150,154,377,368,360,384,367,398,406,416,402,369,362,364,572,580,1978,1344,1491,447,466,343
102,86,93,85,73,69,86,69,84,79,87,70,73,82,105,64,90,134,69,121,200,216,223,262,322,321,345,345,378,346,342,342,354,383,388,281,249,254,286,298,244,264,241,261,294,323,334,372,523,571,638,591,539,735,793,1068,1017,1303,1274,1226,1044,1014,803,726,505,319,250,226,226,162,191,404,392,396,365,234,376,422,385,404,345,401,405,628,597,1491,1600,1579,496,535
92,79,98,74,82,83,90,95,77,79,96,74,62,86,99,79,81,130,71,120,192,210,213,250,277,372,358,336,345,336,375,378,372,375,397,285,281,254,289,262,242,243,273,257,248,327,313,329,408,546,613,538,608,608,750,773,983,1035,1214,1261,1190,1066,1031,819,767,329,242,269,252,251,213,195,390,393,427,247,258,438,422,447,376,348,401,376,625,446,1579,1600,1785,599
89,87,88,83,71,88,71,75,76,91,79,70,78,66,70,83,85,117,70,123,199,220,230,253,294,347,352,367,367,352,348,381,372,363,384,258,258,277,277,304,246,248,292,270,262,325,287,323,338,325,641,541,587,618,606,761,803,1005,1149,1397,1241,1230,1073,1118,827,475,279,249,288,179,319,217,175,389,413,235,252,248,423,439,374,416,414,411,472,466,496,1785,1784,2039
74,91,93,93,77,83,68,72,60,65,66,65,77,52,69,54,86,92,64,103,199,198,243,257,275,330,329,331,367,351,336,376,390,368,345,251,253,245,289,278,265,244,234,255,235,290,295,322,313,366,406,510,534,605,512,522,686,761,1020,1036,1195,1205,1218,1024,1069,498,353,221,269,233,351,337,191,168,458,266,262,257,246,481,427,441,444,427,508,343,535,599,2039,2252
